NLC,Entries Full,Entries Reduced,Entries Season,Entries Total,Exits Full,Exits Reduced,Exits Season,Exits Total,0607        Entries & Exits," 0607 Interchanges"
5131,175912,282323,954765,1413000,154350,282378,954765,1391493,2804493,0
3813,22090,17992,44321,84403,22752,17987,44321,85060,169463,0
3803,19579,29082,12787,61448,20139,29081,12787,62007,123455,0
3801,9840,16340,9560,35740,8663,16331,9560,34554,70294,0
3982,69922,111780,59893,241595,55833,111765,59893,227491,469086,0
8976,374610,618733,149970,1143313,366245,619344,149970,1135559,2278872,230788
9090,16487,25375,19471,61333,16684,22932,19471,59087,120420,0
4435,3724,7727,203,11654,3743,7765,203,11711,23365,0
4440,95,397,0,492,205,398,0,603,1095,0
3602,37454,86853,20170,144477,40074,87156,20170,147400,291877,0
2448,8109,18662,3247,30018,10863,18671,3247,32781,62799,0
4303,26877,102916,1525,131318,23869,100415,1525,125809,257127,384
2552,63928,40656,11389,115973,68277,41029,11389,120695,236668,0
8600,99,8,0,107,58,8,0,66,173,0
8601,971,453,0,1424,837,436,0,1273,2697,0
8602,166,76,0,242,223,75,0,298,540,0
7662,290,10,232,532,207,14,232,453,985,0
7286,9154,3474,2414,15042,11039,5027,2414,18480,33522,0
4529,37335,41985,171,79491,38411,42055,171,80637,160128,0
2287,2004,496,1854,4354,2189,516,1854,4559,8913,0
1404,83340,108507,481225,673072,71188,108531,481225,660944,1334016,0
3000,21904,20763,112213,154880,21695,20668,112213,154576,309456,0
1036,4648,4692,5,9345,5471,4686,5,10162,19507,0
9310,1947,1637,1578,5162,2084,1636,1578,5298,10460,0
5550,47191,37347,55863,140401,52727,37271,55863,145861,286262,0
5160,4238,7376,17398,29012,5095,7271,17398,29764,58776,0
2939,3627,3206,1159,7992,3679,3220,1159,8058,16050,0
2641,21916,8481,10988,41385,22428,8469,10988,41885,83270,0
8353,44980,26376,8458,79814,42180,26374,8458,77012,156826,0
2255,61621,59920,435,121976,64257,59915,435,124607,246583,0
2350,79810,79957,956,160723,86661,80083,956,167700,328423,0
2125,94364,110470,1473,206307,93909,110443,1473,205825,412132,0
9695,23123,16759,6566,46448,19448,16757,6566,42771,89219,0
9759,165445,137591,192620,495656,168306,137590,192620,498516,994172,0
5132,57075,58210,356462,471747,51264,58392,356462,466118,937865,0
4614,10373,8309,8265,26947,12551,8355,8265,29171,56118,0
2760,17033,16225,10643,43901,20127,16328,10643,47098,90999,0
3145,7589,6752,13492,27833,8456,7066,13491,29013,56846,0
5623,176879,252444,205423,634746,182659,254496,205423,642578,1277324,117398
5280,13353,23120,27505,63978,14052,23692,27505,65249,129227,0
6025,59943,94868,367150,521961,58227,95495,367150,520872,1042833,228180
9905,24697,15354,8126,48177,27604,15404,8126,51134,99311,0
9861,54026,54572,37493,146091,56413,54566,37493,148472,294563,0
1805,33868,33261,9702,76831,36497,33584,9702,79783,156614,0
7520,15343,7760,10332,33435,15923,7775,10332,34030,67465,0
8605,2343,396,530,3269,2680,3343,530,6553,9822,0
7787,17534,45791,21887,85212,19157,45914,21887,86958,172170,452
6847,3620,4566,15847,24033,4440,4646,15847,24933,48966,0
1223,9036,4009,2387,15432,10303,4094,2387,16784,32216,0
6869,2705,2745,11195,16645,3151,3051,11195,17397,34042,0
6532,1631,1557,633,3821,1412,1562,633,3607,7428,0
8606,101,7,0,108,106,8,0,114,222,0
5544,64276,93901,116087,274264,62601,95339,116087,274027,548291,0
2806,27923,45588,35958,109469,31135,46776,35958,113869,223338,0
1198,27486,11464,1722,40672,40137,11569,1722,53428,94100,0
1678,4151,3853,405,8409,4540,3868,405,8813,17222,0
5250,2928,11341,4157,18426,4455,11254,4157,19866,38292,0
0506,91368,152842,652679,896889,102962,153237,652679,908878,1805767,0
4236,1820,4249,0,6069,1893,4201,0,6094,12163,0
6358,1819,528,594,2941,2046,528,594,3168,6109,0
9965,76307,24077,93542,193926,70402,24076,93542,188020,381946,0
5510,97909,198275,207027,503211,89527,215133,207027,511687,1014898,677
5397,27109,38025,130426,195560,25348,38058,130426,193832,389392,0
6909,2004,1483,3337,6824,4468,1739,3337,9544,16368,0
5267,46032,147995,111615,305642,47439,149540,111615,308594,614236,0
9451,3402,41639,1531,46572,4530,41666,1531,47727,94299,0
9972,164008,116196,124193,404397,164164,116202,124193,404559,808956,0
2662,10049,4744,1952,16745,10805,4735,1952,17492,34237,0
2052,21305,5446,4139,30890,21396,5461,4139,30996,61886,0
5003,1982,2811,7658,12451,2723,2861,7658,13242,25693,0
3109,1558,1677,1840,5075,1793,1721,1840,5354,10429,0
2396,13238,59369,13363,85970,13728,61114,13363,88205,174175,0
1430,49408,72701,84874,206983,45847,76976,84874,207697,414680,0
9079,72944,83990,39639,196573,72951,84245,39639,196835,393408,96
8613,1828,177,0,2005,1784,175,0,1959,3964,0
9962,1030,197,0,1227,979,177,0,1156,2383,0
9453,22416,9353,176,31945,26839,9371,176,36386,68331,0
9569,31265,30641,33852,95758,31499,30673,33852,96024,191782,269
9455,3067,2872,1924,7863,3830,2907,1924,8661,16524,0
2960,59,107,0,166,129,161,0,290,456,0
9961,172840,86120,83983,342943,103640,86120,83983,273743,616686,0
8821,2047,1506,0,3553,2601,1482,0,4083,7636,0
6171,32988,56428,91033,180449,36692,61251,91033,188976,369425,0
2054,2651,379,761,3791,3048,384,761,4193,7984,0
1963,18672,17360,8111,44143,23135,17385,8111,48631,92774,0
8045,296,637,263,1196,324,637,263,1224,2420,0
9963,2772,3616,128,6516,2575,848,128,3551,10067,0
5251,18959,64316,40973,124248,21798,63417,40973,126188,250436,0
5666,157241,219735,126780,503756,154959,222720,126780,504459,1008215,237038
3003,717,112,79,908,657,125,79,861,1769,0
5641,33387,40734,45136,119257,31769,42701,45136,119606,238863,25435
5547,45892,56674,100113,202679,47186,57057,100113,204356,407035,112840
2941,8176,10546,4701,23423,9700,8704,4701,23105,46528,0
4700,14338,10761,6345,31444,15921,10882,6345,33148,64592,0
9953,9670,7578,3128,20376,11387,7578,3128,22093,42469,0
5667,85085,93540,169764,348389,86527,93292,169764,349583,697972,0
5004,249103,435114,621653,1305870,256983,421559,621653,1300195,2606065,452214
2850,715,1022,118,1855,905,1020,118,2043,3898,0
5347,101433,126683,234407,462523,101631,126671,234407,462709,925232,0
2790,36690,97279,36397,170366,30519,100298,36397,167214,337580,0
5398,1396,1920,3866,7182,1843,1841,3866,7550,14732,0
5906,7743,13159,13821,34723,8105,14626,13821,36552,71275,0
6083,10168,7082,36058,53308,10940,7707,36058,54705,108013,0
1953,5236,9573,11166,25975,5306,11142,11166,27614,53589,0
6233,5105,2525,2661,10291,5369,3042,2661,11072,21363,0
2095,7460,1091,1648,10199,8113,1072,1648,10833,21032,0
1380,1090,2912,1171,5173,1226,2982,1171,5379,10552,0
1004,33647,48140,514,82301,36682,48201,514,85397,167698,18577
1074,790,405,305,1500,913,444,305,1662,3162,0
2584,32649,65608,19684,117941,24026,69711,19684,113421,231362,0
8608,150,61,0,211,166,62,0,228,439,0
1624,10483,1380,3983,15846,12088,1416,3983,17487,33333,0
7367,18636,34987,21945,75568,20671,36258,21945,78874,154442,0
9457,8291,7761,2843,18895,9497,7771,2843,20111,39006,0
7017,62026,91388,208743,362157,70002,87978,208743,366723,728880,2471
2215,16635,23229,3263,43127,19565,23245,3263,46073,89200,0
8610,24071,25426,905,50402,24229,25758,905,50892,101294,45
3265,3362,2758,1021,7141,2975,2751,1021,6747,13888,0
3200,14109,2410,8203,24722,12445,2464,8203,23112,47834,0
5714,14859,68518,6324,89701,15305,70495,6324,92124,181825,0
1492,133882,209141,201276,544299,136971,209877,201276,548124,1092423,3046
5162,16736,10600,12531,39867,17203,10774,12531,40508,80375,0
5197,10669,20895,16030,47594,13165,20923,16030,50118,97712,0
9463,288225,276317,145208,709750,285814,276309,145208,707331,1417081,32086
2187,8846,11886,2287,23019,15775,11935,2287,29997,53016,0
4186,1760,1541,541,3842,2100,1540,541,4181,8023,0
5681,20319,17517,19179,57015,23044,19003,19179,61226,118241,0
8552,40942,26644,10845,78431,54102,27373,10845,92320,170751,0
9763,11080,8313,7374,26767,14920,8315,7374,30609,57376,0
5492,8899,13974,31268,54141,9626,14471,31268,55365,109506,0
6084,47647,65132,97508,210287,51466,68374,97508,217348,427635,0
5399,341038,430160,1951954,2723152,348220,432058,1951954,2732232,5455384,156283
9862,84369,94532,99891,278792,81604,94511,99891,276006,554798,0
9013,93,98,431,622,76,98,431,605,1227,0
2561,26359,2468,3278,32105,26317,2489,3278,32084,64189,0
2820,4653,4620,565,9838,4522,4622,565,9709,19547,0
8839,840,632,0,1472,968,626,0,1594,3066,0
4502,160010,310524,175004,645538,153759,315681,175005,644445,1289983,354552
2471,55546,187605,32574,275725,51114,187750,32574,271438,547163,204
2238,16632,14258,0,30890,17512,14290,0,31802,62692,0
5348,5302,3962,36569,45833,9758,4088,36569,50415,96248,0
9466,21453,17428,16315,55196,26710,17434,16315,60459,115655,0
0501,78,57,22773,22908,81,31,22773,22885,45793,0
7563,912,835,287,2034,971,835,287,2093,4127,0
2690,39733,4678,10726,55137,46708,4693,10726,62127,117264,0
9764,12779,10320,13734,36833,13489,10320,13734,37543,74376,0
4011,21041,38023,14093,73157,17563,38044,14093,69700,142857,0
7492,331763,371081,1229745,1932589,229383,370845,1229745,1829973,3762562,183896
1279,13,81,272,366,47,88,272,407,773,0
5133,12505,12405,41130,66040,15259,11749,41130,68138,134178,0
4445,17075,37290,11905,66270,12411,37396,11905,61712,127982,0
5089,98634,104515,601897,805046,78585,104579,601897,785061,1590107,0
5551,141606,160275,526805,828686,128682,160201,526805,815688,1644374,4604
5580,31984,38405,99458,169847,44098,38676,99458,182232,352079,0
6406,8003,16991,3944,28938,9327,17289,3944,30560,59498,3472
5252,72290,139625,223189,435104,70194,137234,223189,430617,865721,730136
9973,14088,9437,2721,26246,12725,9434,2721,24880,51126,0
6774,165119,215264,32763,413146,161262,215299,32763,409324,822470,9431
5725,10324,100525,7830,118679,10597,100976,7830,119403,238082,0
1096,38249,24948,12443,75640,47125,25019,12443,84587,160227,15713
9674,96184,77678,98430,272292,102820,77667,98430,278917,551209,0
9467,1455,714,10,2179,1892,708,10,2610,4789,0
6212,1055,184,0,1239,1698,184,0,1882,3121,0
1903,11860,8733,5758,26351,11327,8707,5758,25792,52143,0
1954,65921,125366,57315,248602,62078,123110,57315,242503,491105,17778
3805,76103,104856,62315,243274,65110,104940,62315,232365,475639,0
3806,17370,23413,7273,48056,19050,23441,7273,49764,97820,0
3807,63021,130726,77364,271111,77901,130733,77364,285998,557109,0
9020,18,4,0,22,18,4,0,22,44,0
6207,15746,4757,1938,22441,15337,4771,1938,22046,44487,0
7494,282458,334378,526314,1143150,284864,334894,526314,1146072,2289222,0
5520,482556,857374,857729,2197659,480260,858754,857728,2196742,4394401,721699
5090,7688,9073,23354,40115,18833,9661,23354,51848,91963,0
3271,519395,1197192,413061,2129648,518014,1184053,413061,2115128,4244776,78897
9311,128042,99605,87429,315076,143181,104881,87429,335491,650567,0
8484,36491,24535,7326,68352,44488,24556,7326,76370,144722,0
7909,372,475,0,847,388,476,0,864,1711,0
5420,125843,179563,563841,869247,149995,178439,563841,892275,1761522,17531
5215,36271,100539,130347,267157,40063,98926,130347,269336,536493,0
6870,900,1185,682,2767,1474,1183,682,3339,6106,0
6006,2058,2986,7680,12724,4931,3505,7680,16116,28840,0
3047,120846,187926,254374,563146,121955,188153,254374,564482,1127628,0
2420,399,161,398,958,351,173,398,922,1880,0
9966,83751,63474,57065,204290,95055,63481,57065,215601,419891,0
5091,24200,42609,118334,185143,26115,42072,118334,186521,371664,0
8822,89,56,0,145,106,56,0,162,307,0
5890,340,650,113,1103,351,679,113,1143,2246,0
8877,8680,473,147,9300,9519,16894,147,26560,35860,0
2188,109652,102654,1824,214130,111829,102640,1824,216293,430423,0
7258,12441,14831,1228,28500,11449,21322,1228,33999,62499,0
5076,17920,17084,74887,109891,15788,17184,74887,107859,217750,0
5046,159856,245651,820613,1226120,151703,245950,820613,1218266,2444386,133024
1512,175395,594339,736929,1506663,179092,611143,736929,1527164,3033827,81816
1510,37,115,218,370,234,120,218,572,942,0
5538,20389,15244,14542,50175,21366,15493,14542,51401,101576,0
3245,10708,4159,6528,21395,11326,4130,6528,21984,43379,0
1165,6904,1426,1005,9335,7855,1522,1005,10382,19717,0
3070,9122,17001,11775,37898,9000,18375,11775,39150,77048,0
1625,93137,58564,34068,185769,90848,57563,34068,182479,368248,3972
5198,4879,7705,11241,23825,6280,7699,11241,25220,49045,0
2785,651,3186,196,4033,841,3397,196,4434,8467,0
9895,78325,66599,23736,168660,78376,66617,23736,168729,337389,13678
5062,34852,40182,236918,311952,28258,40077,236918,305253,617205,0
9714,98820,78380,80009,257209,103866,78388,80009,262263,519472,9292
5350,9318,9598,38271,57187,9524,9606,38271,57401,114588,0
1679,16806,14981,5651,37438,19300,15175,5651,40126,77564,218
5227,685,1028,1616,3329,1171,1114,1616,3901,7230,0
5092,45991,47482,221497,314970,38274,47596,221497,307367,622337,0
8047,1618,1781,1587,4986,1576,1776,1587,4939,9925,0
8564,31021,32098,6875,69994,30595,32370,6875,69840,139834,0
7439,287524,309765,639329,1236618,294096,309995,639329,1243420,2480038,0
2676,6515,1494,10,8019,7007,1499,10,8516,16535,0
5624,11241,10801,29591,51633,12620,11015,29591,53226,104859,0
8352,31064,14518,6519,52101,25488,14533,6519,46540,98641,0
3549,3590,7317,2279,13186,3699,7702,2279,13680,26866,0
3550,1401,3772,143,5316,1407,3958,143,5508,10824,0
1390,145840,215018,304447,665305,137301,232961,304447,674709,1340014,0
1045,22427,32027,1821,56275,21758,32109,1821,55688,111963,0
7330,164,137,0,301,284,137,0,421,722,0
8431,6847,3684,542,11073,6971,3663,542,11176,22249,0
5581,25059,37299,97664,160022,34504,37283,97664,169451,329473,0
5323,5609,18337,18369,42315,5581,18863,18369,42813,85128,0
7791,16486,157345,16990,190821,15857,156887,16990,189734,380555,1977
2351,956,699,98,1753,599,704,98,1401,3154,0
1003,10118,18181,7,28306,8621,18096,7,26724,55030,0
5472,2042,1717,3252,7011,2284,1956,3252,7492,14503,0
6961,22573,56177,154555,233305,44102,56876,154555,255533,488838,0
2449,10299,2783,41,13123,10107,2761,41,12909,26032,0
8048,66659,107454,122322,296435,72078,107486,122322,301886,598321,110
5211,80133,192636,270142,542911,81799,191935,270142,543876,1086787,0
5093,85735,94850,391853,572438,84290,95214,391853,571357,1143795,0
5094,178029,210842,1114203,1503074,160104,211261,1114203,1485568,2988642,0
3048,62907,191085,144617,398609,63441,195155,144617,403213,801822,0
3104,6647,5411,9843,21901,6595,5611,9843,22049,43950,0
5063,59376,66387,271332,397095,55358,66471,271332,393161,790256,1817
2136,28497,24942,707,54146,29040,24942,707,54689,108835,186543
6170,53501,113763,174253,341517,53713,119886,174253,347852,689369,0
4618,7152,4894,3818,15864,7411,4951,3818,16180,32044,0
6871,195436,239935,955456,1390827,199713,245643,955456,1400812,2791639,0
7910,12620,12153,5352,30125,14503,12201,5352,32056,62181,0
5464,32206,67806,118194,218206,31696,68450,118194,218340,436546,0
6235,6946,3694,1678,12318,7454,3731,1678,12863,25181,0
8553,165083,153961,40581,359625,167005,154194,40581,361780,721405,0
3907,1949,1896,2149,5994,2437,1900,2149,6486,12480,0
5163,15985,31759,80727,128471,16960,31424,80727,129111,257582,0
2304,111733,76394,54421,242548,108327,76298,54421,239046,481594,0
5401,1752,2016,7137,10905,3118,2023,7137,12278,23183,0
2352,66202,68005,971,135178,66092,68036,971,135099,270277,0
2217,89167,127731,1590,218488,79158,127950,1590,208698,427186,0
2145,73222,78840,201,152263,76612,78851,201,155664,307927,27176
2220,106963,90376,964,198303,107385,90374,964,198723,397026,0
1215,464745,688720,83949,1237414,463052,663826,83949,1210827,2448241,38844
4515,378145,916759,32448,1327352,402001,919046,32448,1353495,2680847,136043
1127,2158689,4746753,385993,7291435,2129731,4718714,385993,7234438,14525873,3794980
1006,337807,610768,23406,971981,333846,609717,23406,966969,1938950,98807
7835,18457,19705,3609,41771,19976,19707,3609,43292,85063,0
9940,79392,142481,59435,281308,99916,114830,59435,274181,555489,0
6800,211023,311971,622442,1145436,219021,307941,622442,1149404,2294840,51314
5402,1738,6539,3541,11818,2075,6607,3541,12223,24041,0
9620,93252,69134,93620,256006,99925,69127,93620,262672,518678,0
5945,9190,6992,8509,24691,10730,7193,8509,26432,51123,0
2737,239085,216910,67482,523477,240343,219840,67482,527665,1051142,69607
5095,201316,271973,899257,1372546,195638,272370,899257,1367265,2739811,36907
7400,14706,11784,59554,86044,11402,12067,59554,83023,169067,0
2739,244662,560190,33551,838403,237184,563894,33551,834629,1673032,838
2738,8793,6699,124,15616,7574,6702,124,14400,30016,0
2740,20064,24895,1716,46675,21388,24305,1716,47409,94084,0
2732,16569,17257,74494,108320,16563,19569,74494,110626,218946,0
5625,46265,100738,52082,199085,46317,106713,52082,205112,404197,0
2450,7148,2510,0,9658,7102,2512,0,9614,19272,0
8750,1763,3203,0,4966,2094,3431,0,5525,10491,0
9760,67832,61818,171537,301187,71861,61818,171537,305216,606403,0
1176,47532,33217,6344,87093,49218,33213,6344,88775,175868,0
4574,7866,2855,12830,23551,14096,2888,12830,29814,53365,0
9716,70561,50001,70573,191135,71165,50010,70573,191748,382883,0
7503,1148,314,1462,2924,1071,311,1462,2844,5768,0
6204,2598,62,10,2670,2463,65,10,2538,5208,0
1360,44049,105086,195704,344839,42052,106082,195704,343838,688677,46728
1141,4556,5556,55,10167,5237,5670,55,10962,21129,0
1018,5345,6428,251,12024,5087,6462,251,11800,23824,0
2123,128549,148601,1931,279081,132059,148605,1931,282595,561676,0
1282,8248,6269,3310,17827,9724,6359,3310,19393,37220,0
3501,14874,73327,4241,92442,14611,74204,4241,93056,185498,0
2435,1107,908,377,2392,1256,914,377,2547,4939,0
5253,79844,249869,208244,537957,97148,246456,208244,551848,1089805,0
9668,4522,2453,1569,8544,4716,2453,1569,8738,17282,0
2599,249949,595737,125280,970966,241887,614231,125280,981398,1952364,313188
8536,9512,13960,3898,27370,10802,13978,3898,28678,56048,0
5626,26992,26819,39982,93793,25603,26952,39982,92537,186330,0
1993,4332,310,2506,7148,4540,318,2506,7364,14512,0
2195,84964,93401,500,178865,75617,93476,500,169593,348458,6
2239,69280,46038,474,115792,86711,46053,474,133238,249030,0
4513,188,1589,0,1777,325,1595,0,1920,3697,0
5130,34516,66687,108064,209267,34006,68864,108064,210934,420201,0
4304,7588,14351,304,22243,10287,14429,304,25020,47263,0
5254,10707,10573,21480,42760,12451,10720,21480,44651,87411,0
6216,38335,41213,23232,102780,40709,42159,23232,106100,208880,0
5894,11106,11683,21811,44600,11419,13870,21811,47100,91700,0
6237,9979,4565,4908,19452,11548,4606,4908,21062,40514,0
3018,27233,40999,49980,118212,26654,43172,49980,119806,238018,56665
5876,280310,606890,265658,1152858,266226,625357,265658,1157241,2310099,96801
1112,77039,121716,4350,203105,77049,121372,4350,202771,405876,0
1381,1682,2772,8931,13385,1726,2951,8931,13608,26993,0
6027,19251,24929,112978,157158,18843,24759,112978,156580,313738,0
9968,5608,3749,47248,56605,6000,3745,47248,56993,113598,0
5403,3315,8704,9491,21510,4856,8691,9491,23038,44548,0
5693,330395,301890,283681,915966,330181,307815,283680,921676,1837642,0
8346,325235,301632,73813,700680,314024,300151,73813,687988,1388668,15596
8345,287474,426630,50625,764729,270291,429060,50625,749976,1514705,19348
3341,48758,53239,28000,129997,48593,53185,28000,129778,259775,0
5530,27755,1676,5354,34785,27029,1673,5354,34056,68841,0
6801,55471,107282,255515,418268,60996,111215,255515,427726,845994,0
2053,3068,8693,2122,13883,4184,8910,2122,15216,29099,0
2944,25711,36066,21764,83541,19807,39172,21764,80743,164284,0
8496,43100,21973,17905,82978,42620,22032,17905,82557,165535,0
5500,20117,39388,37698,97203,19248,43824,37698,100770,197973,0
7565,1651,2651,194,4496,1736,2657,194,4587,9083,0
7259,1157,1035,276,2468,1274,1211,276,2761,5229,0
9938,15882,14089,4887,34858,16147,14077,4887,35111,69969,0
7200,5838,9591,2301,17730,5823,9802,2301,17926,35656,0
5875,30136,30009,33868,94013,30658,31422,33868,95948,189961,0
2045,362,29,0,391,280,35,0,315,706,0
2779,15022,36798,13354,65174,12828,37522,13354,63704,128878,0
9251,22,22,0,44,29,2,0,31,75,0
5552,86179,94970,270349,451498,97776,95167,270349,463292,914790,0
6872,307144,243970,689025,1240139,305208,244778,689025,1239011,2479150,0
1560,8753,9453,5667,23873,9855,9860,5667,25382,49255,0
9889,36531,32015,25606,94152,37746,34280,25606,97632,191784,0
8823,1972,520,0,2492,2063,553,0,2616,5108,0
3809,156215,320900,106608,583723,158778,321398,106608,586784,1170507,26163
9789,68819,42102,33751,144672,65651,42103,33751,141505,286177,0
3449,37459,51095,10046,98600,39175,51863,10046,101084,199684,0
8049,50219,116041,26803,193063,53382,115776,26803,195961,389024,80
2554,7187,1077,1055,9319,7132,1094,1055,9281,18600,0
6464,316,16,0,332,318,15,0,333,665,0
8514,23445,15842,3262,42549,25203,16059,3262,44524,87073,0
5268,845714,3418376,2105926,6370016,924024,3453476,2105926,6483426,12853442,1432816
6810,46738,51050,133931,231719,44292,50902,133931,229125,460844,0
2603,6515,17639,3387,27541,4479,18088,3387,25954,53495,0
3230,311465,415758,170738,897961,319087,402062,170738,891887,1789848,514270
3231,979938,1609346,690614,3279898,997592,1580754,690615,3268961,6548859,917595
4012,2193,2603,747,5543,2144,2605,747,5496,11039,0
7932,88,10,206,304,76,10,206,292,596,0
4187,3896,3557,1699,9152,3921,3560,1699,9180,18332,0
5081,29971,56417,231402,317790,46126,57104,231402,334632,652422,0
2240,51253,53203,1551,106007,48301,54004,1551,103856,209863,0
2892,15395,26147,7598,49140,11357,28700,7598,47655,96795,0
5006,38523,114696,96025,249244,38082,114911,96025,249018,498262,0
5886,73480,174045,318084,565609,69784,174602,318084,562470,1128079,230668
8429,7809,6184,1779,15772,10704,6238,1779,18721,34493,0
5404,138091,204570,661131,1003792,149632,205020,661131,1015783,2019575,0
2190,74332,74244,1079,149655,71796,74253,1079,147128,296783,0
2191,32976,33815,746,67537,29951,33821,746,64518,132055,0
2697,40385,44065,20785,105235,37690,47165,20785,105640,210875,0
5096,30949,41505,242635,315089,33414,41612,242636,317662,632751,0
5064,487485,808562,1573560,2869607,485408,807330,1573561,2866299,5735906,579545
4715,58532,29944,11464,99940,64707,30435,11464,106606,206546,0
1437,65727,80346,423179,569252,53827,80150,423179,557156,1126408,0
1438,34643,59775,359751,454169,32618,59758,359751,452127,906296,0
6074,20767,15492,46170,82429,21816,16931,46170,84917,167346,0
5687,96908,78299,198833,374040,104305,79828,198833,382966,757006,49280
4175,356,295,317,968,333,307,317,957,1925,0
8050,309,190,634,1133,280,189,634,1103,2236,0
8618,1457,326,0,1783,1173,321,0,1494,3277,0
8051,47125,71986,50502,169613,50433,71174,50502,172109,341722,11035
9023,1165,818,1134,3117,1202,818,1134,3154,6271,0
6812,147746,183739,364826,696311,147798,185230,364826,697854,1394165,229919
6958,17152,29384,101448,147984,17217,29401,101448,148066,296050,0
7289,11816,5288,5973,23077,10513,13518,5973,30004,53081,264
7006,1606,333,263,2202,1416,1022,263,2701,4903,0
8807,28059,10429,21896,60384,26785,12687,21896,61368,121752,0
3623,110305,92261,367,202933,115171,92342,367,207880,410813,0
5702,2602,5919,909,9430,3077,5953,909,9939,19369,0
2222,17478,20951,6095,44524,17184,24410,6095,47689,92213,0
7290,6,4,0,10,8,4,0,12,22,0
2422,14755,1986,184,16925,17210,2009,184,19403,36328,0
4182,709,794,1386,2889,778,825,1386,2989,5878,0
3502,110,732,0,842,102,747,0,849,1691,0
4317,1963,2174,5,4142,2231,2186,5,4422,8564,0
1865,14198,8012,4484,26694,11231,8005,4484,23720,50414,0
7085,3603,5969,15080,24652,3476,6183,15080,24739,49391,0
5483,88643,219761,385629,694033,97043,217053,385629,699725,1393758,0
8500,110676,80023,20087,210786,114142,81454,20087,215683,426469,0
8565,67876,69225,16536,153637,83575,70908,16536,171019,324656,0
2945,16629,24618,15403,56650,12796,26626,15403,54825,111475,0
1975,2854,1021,795,4670,3073,1023,795,4891,9561,0
3176,111172,124929,200268,436369,116290,130663,200268,447221,883590,0
6873,16137,28461,91991,136589,17740,29212,91991,138943,275532,0
2743,472,269,0,741,767,268,0,1035,1776,0
2550,35533,13765,5032,54330,37683,13948,5032,56663,110993,46
2549,33197,38797,9659,81653,37137,38710,9659,85506,167159,5
9767,51948,39322,45666,136936,59851,39326,45666,144843,281779,0
9107,18377,37281,25070,80728,20487,34341,25070,79898,160626,0
2279,28732,49904,10641,89277,27869,50360,10641,88870,178147,0
2280,5871,14178,1252,21301,6272,15817,1252,23341,44642,0
5927,7593,7579,6584,21756,8172,7751,6584,22507,44263,0
6200,3037,1243,702,4982,3143,1222,702,5067,10049,0
1658,75283,194626,55610,325519,76490,197650,55610,329750,655269,2207
7008,67584,54133,16224,137941,68109,53129,16224,137462,275403,281
9791,18459,13129,15446,47034,23432,13123,15446,52001,99035,0
6913,55576,78191,232591,366358,46254,78053,232591,356898,723256,0
1395,74494,77693,210842,363029,80085,83102,210842,374029,737058,0
1179,22517,25812,1110,49439,19649,25792,1110,46551,95990,0
5324,12469,12847,40693,66009,13962,12356,40693,67011,133020,0
2946,21939,93621,18029,133589,18988,93166,18029,130183,263772,0
5689,50331,35555,71068,156954,57154,35500,71068,163722,320676,0
4124,156,240,10,406,247,243,10,500,906,0
3811,42600,41447,27720,111767,46934,41390,27720,116044,227811,0
2536,9252,560,5,9817,9681,562,5,10248,20065,0
3812,72320,134288,91293,297901,85450,134290,91293,311033,608934,0
4412,3312,11448,140,14900,3441,11507,140,15088,29988,0
3680,10788,17831,6379,34998,11039,17873,6379,35291,70289,0
1439,28045,28857,162810,219712,30439,28869,162810,222118,441830,0
3562,1959,8057,1756,11772,1631,8317,1756,11704,23476,0
3238,20567,16399,8180,45146,22486,16625,8180,47291,92437,0
5682,69464,79576,36432,185472,65335,90052,36432,191819,377291,0
3504,30905,55255,3709,89869,30556,57537,3709,91802,181671,0
7022,713243,1619881,934013,3267137,698447,1622712,934013,3255172,6522309,318332
6962,7377,13532,35223,56132,9462,13552,35223,58237,114369,0
9768,104491,73755,105050,283296,117312,73762,105050,296124,579420,5664
1440,135312,141356,711946,988614,164198,141128,711946,1017272,2005886,4106
9878,15305,14229,15126,44660,15906,14765,15126,45797,90457,0
1129,14754,21856,2192,38802,15055,21856,2192,39103,77905,0
6963,4231,30329,209200,243760,16065,31250,209200,256515,500275,0
1016,26461,42227,253,68941,29867,42690,253,72810,141751,0
1441,47366,55510,298821,401697,33205,55505,298821,387531,789228,0
5164,172522,367559,284772,824853,163870,366751,284772,815393,1640246,12727
5007,127294,287655,156688,571637,116923,289643,156688,563254,1134891,24087
7292,2848,631,1667,5146,3640,654,1667,5961,11107,0
2186,8320,8077,1227,17624,17289,8075,1227,26591,44215,0
3542,1221,1886,61,3168,1166,1952,61,3179,6347,0
9112,8985,12149,3327,24461,8654,12233,3327,24214,48675,0
3815,65500,70662,62818,198980,71527,70724,62818,205069,404049,0
3899,1042265,2619794,867660,4529719,1113684,2615860,867660,4597204,9126923,864733
3900,364071,401244,377999,1143314,309859,400612,377999,1088470,2231784,303800
9624,25097,15293,17516,57906,27326,15308,17516,60150,118056,0
9969,24507,20644,50205,95356,28150,20654,50205,99009,194365,0
9877,12207,11587,8863,32657,13711,11583,8863,34157,66814,0
1964,9686,4342,3804,17832,10902,4455,3804,19161,36993,0
2118,165376,479777,40945,686098,159561,479071,40945,679577,1365675,392493
6201,4753,2115,2028,8896,4358,2450,2028,8836,17732,0
9702,48078,34113,50916,133107,49234,34119,50916,134269,267376,0
4068,58947,86258,18099,163304,56075,85755,18099,159929,323233,16916
9769,22262,14332,13151,49745,24934,14335,13151,52420,102165,0
2640,40615,23947,11178,75740,39753,24153,11178,75084,150824,3400
9028,16174,10338,9398,35910,15566,10310,9398,35274,71184,0
9897,30841,22769,12772,66382,33454,22767,12772,68993,135375,0
1442,65326,72391,94786,232503,60424,73085,94786,228295,460798,0
8621,1262,538,0,1800,1614,540,0,2154,3954,0
5405,83294,123515,357232,564041,77436,123524,357232,558192,1122233,0
5406,67403,94261,266968,428632,57417,94121,266968,418506,847138,0
9704,3154,875,2919,6948,3012,887,2919,6818,13766,10365
9680,17237,12370,7494,37101,18111,12378,7494,37983,75084,0
3098,4423,9504,33877,47804,6030,9552,33877,49459,97263,0
5703,14496,53584,16725,84805,15579,54027,16725,86331,171136,12193
8359,68216,74644,6707,149567,72093,76118,6707,154918,304485,10707
2919,9313,23512,10056,42881,9775,25046,10056,44877,87758,0
7914,1657,1141,231,3029,1669,1133,231,3033,6062,0
5351,58015,86603,230942,375560,60989,87644,230942,379575,755135,0
5077,63825,75042,326465,465332,64710,75270,326465,466445,931777,59219
5047,83482,132839,603090,819411,75144,133016,603090,811250,1630661,51550
3820,77569,51866,67776,197211,71022,51688,67776,190486,387697,0
9795,69623,48570,68541,186734,79904,48574,68541,197019,383753,1837
8232,8973,8097,5502,22572,9418,8793,5502,23713,46285,0
3568,249,1123,103,1475,270,1187,103,1560,3035,0
2425,2844,260,0,3104,3251,261,0,3512,6616,0
6874,149287,169167,781875,1100329,156799,169564,781875,1108238,2208567,0
7447,218622,378379,362693,959694,252396,378495,362693,993584,1953278,0
0539,22349,64818,134231,221398,25957,64936,134231,225124,446522,0
7469,116928,100870,389515,607313,112319,101204,389515,603038,1210351,0
5836,33264,39562,26373,99199,33303,39713,26373,99389,198588,0
2762,4679,13503,1507,19689,5010,14485,1507,21002,40691,0
5820,11,54,0,65,7,48,0,55,120,0
6664,43748,32533,13431,89712,49296,32572,13431,95299,185011,0
7051,1643,6184,6237,14064,2089,6189,6237,14515,28579,0
5097,7180,11060,16234,34474,9372,10890,16234,36496,70970,0
9911,287090,137739,341531,766360,245745,137469,341531,724745,1491105,0
3004,32511,50002,41360,123873,32671,51877,41360,125908,249781,0
5144,93968,164540,396122,654630,91322,164793,396122,652237,1306867,194973
5008,7019,9188,8062,24269,9753,9393,8062,27208,51477,0
2947,5020,2806,5797,13623,3753,3921,5797,13471,27094,0
9707,3814,2957,1699,8470,4141,2958,1699,8798,17268,0
5199,275696,442373,826058,1544127,292902,429435,826058,1548395,3092522,23951
7792,274,221,0,495,320,222,0,542,1037,0
2870,61297,91608,35910,188815,55683,96164,35910,187757,376572,1375
5352,77398,109388,313541,500327,76319,109484,313541,499344,999671,0
1372,8125,10403,18015,36543,7517,12628,18015,38160,74703,0
2764,3585,3909,705,8199,3923,3923,705,8551,16750,0
6836,607585,855881,2080148,3543614,641018,848285,2080148,3569451,7113065,28388
5098,48126,31539,361602,441267,42710,31764,361602,436076,877343,0
4731,181873,344161,75124,601158,186459,343446,75124,605029,1206187,147701
3774,24049,31455,8237,63741,25249,31849,8237,65335,129076,0
2573,8076,1435,1768,11279,8355,1434,1768,11557,22836,0
5553,65852,45084,103736,214672,67234,45115,103736,216085,430757,0
6814,166455,174997,423551,765003,169905,174928,423551,768384,1533387,176362
5582,35818,61436,193117,290371,30381,61608,193117,285106,575477,0
5554,28022,68243,145817,242082,28717,68392,145817,242926,485008,0
2412,335603,801450,86935,1223988,331429,798522,86935,1216886,2440874,646195
1130,61980,68673,2977,133630,61424,68629,2977,133030,266660,0
6615,207132,280071,83830,571033,211808,281135,83830,576773,1147806,86523
7736,29046,22846,26470,78362,33260,22707,26470,82437,160799,0
5200,10405,11497,52463,74365,11489,11496,52463,75448,149813,0
5840,373,369,467,1209,659,370,467,1496,2705,0
5255,278149,509546,522479,1310174,263243,503892,522479,1289614,2599788,13160
5009,3697,5798,5600,15095,5062,5824,5600,16486,31581,0
5296,2522,2054,3485,8061,3076,2047,3485,8608,16669,0
6914,109989,124306,439008,673303,104862,124362,439008,668232,1341535,0
2823,13793,14815,8544,37152,14632,14799,8544,37975,75127,2986
3267,165163,317893,221138,704194,163861,325631,221138,710630,1414824,10434
5353,12411,15373,45484,73268,11867,15490,45484,72841,146109,0
4449,6167,13067,1471,20705,7353,13233,1471,22057,42762,0
5099,81408,100527,369133,551068,73966,100722,369133,543821,1094889,0
5583,69771,61431,171603,302805,74628,61762,171603,307993,610798,0
3031,19167,36071,34860,90098,19511,37508,34860,91879,181977,0
2745,173240,78226,99525,350991,172007,81179,99525,352711,703702,0
0546,10655,82717,230645,324017,12584,82787,230645,326016,650033,0
5879,48253,78144,52176,178573,47033,79231,52176,178440,357013,0
5319,11696,21901,35555,69152,12457,21589,35555,69601,138753,0
2556,11098,2664,2599,16361,11471,2676,2599,16746,33107,0
8233,13984,2769,9492,26245,16221,2783,9492,28496,54741,37547
4365,12366,25732,17398,55496,13215,25725,17398,56338,111834,0
3785,128,251,0,379,155,261,0,416,795,0
5121,222762,386098,2124774,2733634,245398,375646,2124774,2745818,5479452,111
6850,55499,148541,150019,354059,52372,150193,150019,352584,706643,0
5555,20092,19212,37015,76319,20311,19168,37015,76494,152813,0
2653,1990,418,26,2434,2074,420,26,2520,4954,0
5301,17199,13729,68823,99751,17340,13732,68823,99895,199646,0
5595,1742866,1969490,5633137,9345493,1904851,1984546,5633136,9522533,18868026,12898160
6926,51573,40727,142154,234454,42700,40795,142154,225649,460103,0
4069,866,1077,15,1958,740,1089,15,1844,3802,0
9792,78259,57083,72457,207799,93182,57082,72457,222721,430520,0
4593,502,149,0,651,946,180,0,1126,1777,0
5556,51089,60225,145220,256534,56945,60331,145220,262496,519030,0
6274,40353,70910,2952,114215,40097,70695,2952,113744,227959,0
9718,11539,9925,8116,29580,12354,9931,8116,30401,59981,0
2795,61,39,5,105,135,32,5,172,277,0
3202,41182,6928,38358,86468,49075,6755,38358,94188,180656,0
2574,38231,66524,12771,117526,33369,67066,12771,113206,230732,0
5048,60415,105928,400522,566865,51040,110985,400522,562547,1129412,10050
4070,3347,3698,0,7045,3564,3688,0,7252,14297,0
9855,56681,52146,80410,189237,67295,52152,80410,199857,389094,0
9747,10301,7648,2272,20221,12238,7656,2272,22166,42387,0
9752,75380,65909,96257,237546,79130,65905,96257,241292,478838,0
9762,46925,42577,45443,134945,46151,42578,45443,134172,269117,0
5557,63334,71138,123403,257875,69911,71440,123403,264754,522629,0
4616,7077,7480,6030,20587,8755,7614,6030,22399,42986,0
3828,27492,30335,14318,72145,31315,30308,14318,75941,148086,0
6861,276763,701592,1183708,2162063,276027,716128,1183708,2175863,4337926,355824
6853,41565,78988,108878,229431,40783,78184,108878,227845,457276,0
6349,10808,462,4124,15394,11158,469,4124,15751,31145,0
5457,13113,18738,27017,58868,14517,18703,27017,60237,119105,0
2562,18923,9309,2252,30484,18959,9403,2252,30614,61098,0
4876,7508,8101,8156,23765,11258,8213,8156,27627,51392,0
2451,31055,83226,16277,130558,30599,83474,16277,130350,260908,3111
3005,644,120,654,1418,416,124,654,1194,2612,0
7515,428,401,660,1489,406,404,660,1470,2959,0
1227,33571,25498,18261,77330,37079,25515,18261,80855,158185,0
6488,11590,14738,6684,33012,12439,14720,6684,33843,66855,0
8708,1130,774,0,1904,1163,767,0,1930,3834,0
8470,22188,7425,22242,51855,26385,7435,22242,56062,107917,0
3624,142170,253073,1171,396414,132393,253051,1171,386615,783029,0
2486,2332,7489,1192,11013,3641,7565,1192,12398,23411,0
5458,7810,29433,15069,52312,8439,29091,15069,52599,104911,0
3019,21239,30706,44099,96044,21435,33466,44099,99000,195044,0
5336,2548,1591,10363,14502,2233,1881,10363,14477,28979,0
3570,6,11,0,17,3,12,0,15,32,0
5821,308,689,112,1109,317,745,112,1174,2283,0
7504,7630,22200,2139,31969,9076,22237,2139,33452,65421,0
9627,35732,20096,19469,75297,38190,20097,19469,77756,153053,0
2049,4511,286,3981,8778,4614,285,3981,8880,17658,0
8824,739,524,0,1263,703,528,0,1231,2494,0
8825,3537,1444,0,4981,4644,1420,0,6064,11045,0
3905,43397,46856,41500,131753,33956,46824,41500,122280,254033,0
1143,21970,33604,2891,58465,22244,33572,2891,58707,117172,0
4617,8419,12633,1738,22790,8914,12631,1738,23283,46073,0
5896,122447,139475,73265,335187,115497,139868,73265,328630,663817,0
8056,22912,32960,46197,102069,28175,32999,46197,107371,209440,0
8505,13071,5363,4071,22505,11612,5316,4071,20999,43504,0
5408,88207,119117,443951,651275,87416,178983,443951,710350,1361625,0
1030,414426,876765,140290,1431481,430587,872570,140290,1443447,2874928,266980
5409,2024,3581,7217,12822,2680,3359,7217,13256,26078,0
9185,23277,35633,16541,75451,24381,34818,16541,75740,151191,0
4639,51972,61327,8589,121888,49016,63006,8589,120611,242499,0
9970,19239,19229,40304,78772,20294,19229,40304,79827,158599,0
7579,15749,9361,15038,40148,18774,9354,15038,43166,83314,0
3634,10125,22005,12047,44177,10546,22052,12047,44645,88822,6683
5484,159359,402270,331702,893331,183884,393118,331702,908704,1802035,4001
5100,76400,92797,481784,650981,76986,92706,481784,651476,1302457,0
5754,2764,7990,696,11450,3070,8805,696,12571,24021,0
6837,1673,2189,15173,19035,2989,2343,15173,20505,39540,0
2225,41237,40773,476,82486,40976,40796,476,82248,164734,0
1874,6949,12570,1933,21452,6726,12581,1933,21240,42692,0
1243,274561,488793,114337,877691,275475,482540,114337,872352,1750043,1272584
5832,7115,36642,2347,46104,6332,38430,2347,47109,93213,0
6007,3181,6872,8715,18768,7561,7263,8715,23539,42307,0
8826,2965,2222,0,5187,3052,2348,0,5400,10587,3781
4312,3023,4212,1035,8270,3023,4218,1035,8276,16546,0
1519,74467,180639,515503,770609,69432,186287,515502,771221,1541830,0
9778,25098,20425,29732,75255,30214,20426,29732,80372,155627,0
5078,37945,38209,179958,256112,35217,38700,179958,253875,509987,0
7295,33502,30397,4317,68216,34882,30567,4317,69766,137982,0
1822,3443,3155,557,7155,3602,3183,557,7342,14497,0
9628,21095,15592,15824,52511,29311,15591,15824,60726,113237,0
8473,69793,41802,30332,141927,67767,41665,30332,139764,281691,0
8554,45038,33537,15954,94529,49687,33866,15954,99507,194036,0
9814,37461,29087,90526,157074,44702,29086,90526,164314,321388,0
9796,61023,31261,50443,142727,75970,31266,50443,157679,300406,0
2313,8625,10325,1918,20868,8577,10327,1918,20822,41690,0
7406,4915,18014,110889,133818,8492,18292,110889,137673,271491,0
5325,24608,32946,103337,160891,26942,32368,103337,162647,323538,0
5233,2618,5695,16264,24577,3906,5618,16264,25788,50365,0
6524,4225,6201,2459,12885,4395,6403,2459,13257,26142,0
5628,28724,50575,53629,132928,30454,53845,53629,137928,270856,0
9943,131080,214184,141521,486785,129358,177475,141521,448354,935139,0
5356,105620,133708,492880,732208,107743,134091,492880,734714,1466922,81772
2305,12041,9843,2391,24275,12296,9847,2391,24534,48809,0
6008,59804,60907,167403,288114,61836,62058,167403,291297,579411,0
3107,5138,2845,14349,22332,5619,2856,14349,22824,45156,0
8625,673,215,0,888,672,211,0,883,1771,0
9721,44520,55432,23223,123175,49126,51304,23223,123653,246828,3037
9121,37687,51308,20383,109378,38853,50159,20383,109395,218773,0
9218,10499,4461,6659,21619,8293,4482,6659,19434,41053,0
6964,10255,28021,127585,165861,14052,28191,127585,169828,335689,0
5201,7442,6381,6412,20235,8405,6507,6412,21324,41559,0
3981,4511,4411,605,9527,6065,4398,605,11068,20595,0
3738,31637,54073,18075,103785,34245,54068,18075,106388,210173,0
4147,239,401,0,640,230,412,0,642,1282,0
7440,13311,21567,164779,199657,15407,21590,164779,201776,401433,0
2777,20111,29522,9056,58689,13491,31942,9056,54489,113178,0
9135,35517,37290,57524,130331,36831,37598,57524,131953,262284,0
8711,1406,464,0,1870,1570,469,0,2039,3909,0
9790,13499,12473,4176,30148,14312,12473,4176,30961,61109,0
9415,45417,45513,91465,182395,51934,45371,91465,188770,371165,0
9992,129992,76614,102832,309438,134404,76612,102832,313848,623286,28625
9864,38354,31852,85976,156182,39189,31839,85976,157004,313186,0
9483,25550,21634,27014,74198,29673,21654,27014,78341,152539,0
2077,7849,339,1994,10182,8964,346,1994,11304,21486,0
1429,185363,193034,916186,1294583,134459,192913,916186,1243558,2538141,0
1957,3883,5798,273,9954,4303,5784,273,10360,20314,0
8628,509,351,0,860,541,373,0,914,1774,0
7915,2038,2309,4907,9254,2288,2311,4907,9506,18760,0
3797,9612,8293,6891,24796,9095,8266,6891,24252,49048,0
4519,1100,1049,377,2526,1430,1342,377,3149,5675,0
7877,330662,555515,117551,1003728,336202,556035,117551,1009788,2013516,328994
6729,979,785,697,2461,1501,794,697,2992,5453,0
7211,5410,12093,1000,18503,6443,12203,1000,19646,38149,0
5101,286937,372378,903878,1563193,309036,371232,903878,1584146,3147339,525100
8420,25031,26832,9758,61621,24497,27046,9758,61301,122922,0
2576,56705,33830,20051,110586,65961,34123,20051,120135,230721,0
5668,38877,43577,45976,128430,45034,43590,45976,134600,263030,0
2770,21472,29589,27583,78644,17030,31827,27583,76440,155084,0
3408,30207,101953,31448,163608,28520,102335,31448,162303,325911,0
3409,3470,32858,1066,37394,5120,36695,1066,42881,80275,0
5011,46006,97554,88800,232360,48431,100080,88800,237311,469671,0
5942,1927,2363,1501,5791,2338,2473,1501,6312,12103,0
2877,3120,7070,2485,12675,2657,9132,2485,14274,26949,0
2963,10902,32429,5105,48436,11585,32657,5105,49347,97783,0
2480,1080,831,671,2582,1510,824,671,3005,5587,0
8441,11579,4901,1127,17607,9407,4882,1127,15416,33023,0
2306,3057,7009,281,10347,3345,7023,281,10649,20996,0
8432,20900,16170,5361,42431,23473,16127,5361,44961,87392,0
3052,26171,41918,51067,119156,26876,41901,51067,119844,239000,0
3060,1154,1900,3515,6569,2006,1901,3515,7422,13991,0
5421,205328,258772,914739,1378839,197350,258327,914739,1370416,2749255,24137
2103,2383,1091,5,3479,2745,1099,5,3849,7328,0
2855,6,16,0,22,26,17,0,43,65,0
5145,61470,72416,193380,327266,54939,72369,193380,320688,647954,0
1823,402800,830594,203130,1436524,395488,824980,203130,1423598,2860122,702943
7212,6552,9712,1387,17651,7070,9829,1387,18286,35937,0
2652,3413,8106,2508,14027,3155,8390,2508,14053,28080,0
3579,4589,2635,2576,9800,4487,2792,2576,9855,19655,0
8326,184634,206416,29657,420707,183261,209090,29657,422008,842715,0
3030,217243,434158,491517,1142918,221049,435465,491517,1148031,2290949,330459
5753,34248,37831,28984,101063,36521,35386,28984,100891,201954,0
5502,2477,2328,2708,7513,2823,2315,2708,7846,15359,0
3830,11633,13854,5732,31219,14748,13870,5732,34350,65569,0
3901,6637,14032,3283,23952,10766,14020,3283,28069,52021,0
3861,5588,4422,2274,12284,6583,4413,2274,13270,25554,0
8632,13915,12382,2080,28377,14788,9789,2080,26657,55034,141
7897,3220,1875,2199,7294,3582,1870,2199,7651,14945,0
2893,12216,17540,6715,36471,10272,18809,6715,35796,72267,0
2765,10802,19176,1181,31159,9877,19388,1181,30446,61605,0
7348,52909,88692,59883,201484,55740,100750,59883,216373,417857,0
3588,1082,733,658,2473,1306,898,658,2862,5335,0
6781,5795,5121,1111,12027,6315,5122,1111,12548,24575,0
4188,225,445,0,670,218,435,0,653,1323,0
5036,23,23,307,353,55,24,307,386,739,0
2538,613,22,0,635,448,23,0,471,1106,0
2452,2220,156,226,2602,2219,155,226,2600,5202,0
6417,515055,688621,190805,1394481,518541,686985,190804,1396330,2790811,1200044
5961,52777,135311,19192,207280,51875,136720,19192,207787,415067,0
5962,7,72,0,79,21,72,0,93,172,244
6690,16399,10018,3955,30372,17192,10081,3955,31228,61600,0
5357,148966,234299,291524,674789,159021,236941,291524,687486,1362275,56423
5412,182,279,731,1192,224,327,731,1282,2474,172860
5297,20,12,2,34,26,17,2,45,79,0
5413,7638,9088,36840,53566,8357,9061,36840,54258,107824,0
4525,49891,85939,13709,149539,51066,86515,13709,151290,300829,0
2766,695,2287,5,2987,923,2317,5,3245,6232,0
5033,129775,221584,119296,470655,117490,215722,119296,452508,923163,151340
6901,13654,21692,33569,68915,11236,21439,33569,66244,135159,0
4436,181,323,159,663,276,332,159,767,1430,4161
7055,31031,77133,43355,151519,31421,80718,43355,155494,307013,0
3099,2025,8456,26191,36672,4097,8454,26191,38742,75414,0
6000,13299,9444,122436,145179,11376,9333,122436,143145,288324,0
9317,14565,10073,15206,39844,17963,11892,15206,45061,84905,0
8057,25085,41877,35478,102440,26805,42060,35478,104343,206783,0
1994,2533,247,2922,5702,2853,247,2922,6022,11724,0
4878,106779,31697,40495,178971,114122,32115,40495,186732,365703,37128
6616,6018,814,1814,8646,6248,840,1814,8902,17548,0
9994,67191,43758,39011,149960,66958,43757,39011,149726,299686,0
9967,7702,9210,4465,21377,10673,9209,4465,24347,45724,0
9757,30998,26668,26463,84129,27901,26670,26463,81034,165163,0
9993,42913,32327,27913,103153,41203,32329,27913,101445,204598,0
1040,17093,9692,1166,27951,16902,9657,1166,27725,55676,0
1212,26696,42967,1563,71226,28244,43314,1563,73121,144347,0
1691,5150,3160,2430,10740,5638,3177,2430,11245,21985,0
8681,429,31,0,460,352,29,0,381,841,0
9906,14407,9333,2829,26569,15872,9359,2829,28060,54629,0
7027,2822,1674,4946,9442,3587,1701,4946,10234,19676,0
9866,108631,90432,114959,314022,122916,90388,114959,328263,642285,127857
9868,59974,63657,27748,151379,64831,63666,27748,156245,307624,0
9622,19282,14667,10884,44833,27171,14670,10884,52725,97558,0
9490,23450,145937,4009,173396,22208,145330,4009,171547,344943,348
5034,4213,7752,11135,23100,6051,8095,11135,25281,48381,0
9397,8260,69262,68946,146468,9046,74712,68946,152704,299172,0
8713,62491,126925,47117,236533,70263,112368,47117,229748,466281,0
8682,141,19,0,160,165,17,0,182,342,0
9039,229886,416240,100609,746735,226799,416111,100609,743519,1490254,37636
9186,82006,112386,123299,317691,89980,100803,123299,314082,631773,0
9187,28987,32658,43110,104755,29687,33522,43110,106319,211074,0
8763,4592,5767,80,10439,5322,6056,80,11458,21897,0
9492,10143,9016,7386,26545,13471,9020,7386,29877,56422,0
8642,161,13,0,174,170,13,0,183,357,0
7744,52,41,810,903,131,43,810,984,1887,0
5102,4785,4024,35092,43901,6888,4342,35092,46322,90223,0
7745,240458,531390,117248,889096,237498,530429,117248,885175,1774271,5805
5282,63533,121148,139590,324271,62281,119952,139590,321823,646094,0
8905,116431,43583,42852,202866,111308,43995,42852,198155,401021,0
4455,1757,3450,2645,7852,2335,3494,2645,8474,16326,0
7916,15522,9199,6385,31106,18777,9254,6385,34416,65522,0
3190,275797,428352,1041434,1745583,263342,429340,1041434,1734116,3479699,74375
2292,50298,45208,14886,110392,47176,45406,14886,107468,217860,12422
5694,73569,69908,64187,207664,67916,71304,64187,203407,411071,0
5584,395611,488406,1888706,2772723,368322,487523,1888706,2744551,5517274,0
5414,19474,17334,112302,149110,18638,17756,112302,148696,297806,0
4520,4004,10914,3611,18529,4916,11365,3611,19892,38421,0
5355,1449787,2636600,5646902,9733289,1426130,2711004,5646902,9784036,19517325,5122701
2949,24467,33740,19154,77361,22292,40052,19154,81498,158859,0
5358,109828,115178,479384,704390,116844,115990,479384,712218,1416608,0
5234,3360,2336,5119,10815,3425,2423,5119,10967,21782,0
8472,35182,26890,26164,88236,32375,26827,26164,85366,173602,0
5486,95481,169102,337490,602073,107954,165890,337490,611334,1213407,0
9793,144469,94452,142885,381806,143351,94466,142885,380702,762508,0
5134,6113,8860,32529,47502,10510,8783,32529,51822,99324,0
7471,45082,53433,61304,159819,40962,53467,61304,155733,315552,0
5283,22426,36874,106163,165463,31991,37013,106163,175167,340630,0
5448,170305,762567,700300,1633172,185459,753575,700300,1639334,3272506,7009
3795,24305,30792,20206,75303,24928,30781,20206,75915,151218,0
9894,58462,37485,52166,148113,61862,37501,52166,151529,299642,0
2128,38617,36728,457,75802,36691,36742,457,73890,149692,0
5899,158299,243624,223170,625093,150878,248948,223170,622996,1248089,115047
8114,301,58,365,724,288,59,365,712,1436,0
2950,10609,15697,7652,33958,10079,16847,7652,34578,68536,0
7370,590,81,472,1143,627,80,472,1179,2322,0
2227,11412,11546,171,23129,10519,10325,171,21015,44144,0
2824,7205,16523,713,24441,8463,16611,713,25787,50228,0
5056,34811,51117,162939,248867,28000,53187,162939,244126,492993,0
5473,10825,18603,32833,62261,13132,22226,32833,68191,130452,20334
5359,26555,41720,86392,154667,27390,41983,86392,155765,310432,2882
2169,7203,9803,562,17568,7865,9091,562,17518,35086,9141
9395,83192,22612,75937,181741,80569,29338,75937,185844,367585,0
9328,1871239,3897750,1786838,7555827,1883059,4060113,1786838,7730010,15285837,771948
6941,91301,213244,644366,948911,81900,213036,644366,939302,1888213,13148
5642,31610,35876,65185,132671,30959,35892,65185,132036,264707,7472
5822,1820,6499,424,8743,1943,7074,424,9441,18184,0
5669,235763,315987,252282,804032,242752,312492,252282,807526,1611558,0
7918,837,597,4184,5618,900,590,4184,5674,11292,0
5246,145251,231850,878811,1255912,187368,231593,878811,1297772,2553684,184043
8977,40975,71786,8267,121028,40405,70665,8267,119337,240365,0
2121,29483,37530,6259,73272,40660,37702,6259,84621,157893,2960
5049,43179,74670,330252,448101,37123,78234,330252,445609,893710,0
5135,77816,99888,386542,564246,67980,99693,386542,554215,1118461,0
7349,11699,1802,4213,17714,12812,1837,4213,18862,36576,0
6667,19056,20383,4610,44049,21596,20400,4610,46606,90655,0
6832,15987,15198,51491,82676,17828,15625,51491,84944,167620,0
1542,199941,465255,1029628,1694824,207630,478725,1029628,1715983,3410807,0
5103,180229,200587,705502,1086318,153837,200733,705502,1060072,2146390,0
6238,19,7,0,26,110,9,0,119,145,0
7068,156758,253639,298434,708831,158152,255317,298434,711903,1420734,238340
7473,5364,2957,14131,22452,6911,2961,14131,24003,46455,0
5257,36219,49460,54897,140576,40424,50069,54897,145390,285966,0
6010,82890,104012,387159,574061,75430,103280,387159,565869,1139930,911
6815,66649,83070,248159,397878,76175,83559,248159,407893,805771,0
6959,102407,167786,431816,702009,89256,167562,431816,688634,1390643,0
2747,1994,2396,107,4497,2012,2473,107,4592,9089,0
5360,427359,470352,802933,1700644,455554,469392,802933,1727879,3428523,230892
5361,4853,6451,15033,26337,6291,6492,15033,27816,54153,0
1041,69414,74751,5301,149466,69483,74878,5301,149662,299128,0
5459,6002,7760,22409,36171,6627,7559,22409,36595,72766,0
5104,53038,57318,215551,325907,48850,57640,215551,322041,647948,0
5558,98372,105884,223911,428167,112497,105650,223911,442058,870225,0
6004,15449,12945,109364,137758,14655,12868,109364,136887,274645,0
5217,13223,27475,73296,113994,15750,26889,73296,115935,229929,0
2080,11353,5356,3262,19971,12862,5401,3262,21525,41496,0
4740,27279,66561,21793,115633,31474,67711,21793,120978,236611,121
5415,45256,31669,97713,174638,53397,31720,97713,182830,357468,0
5586,78927,72353,235000,386280,81356,72529,235000,388885,775165,0
5755,134545,384222,136692,655459,128387,371955,136692,637034,1292493,26423
3410,181514,662881,57711,902106,187685,653331,57711,898727,1800833,445833
3414,11794,24396,4636,40826,12011,22726,4636,39373,80199,0
9914,145675,145858,90551,382084,144075,146052,90551,380678,762762,0
5756,64129,224308,48642,337079,65175,226140,48642,339957,677036,0
5760,1688,3368,445,5501,1765,3794,445,6004,11505,0
5065,9949,12482,46111,68542,13063,12552,46111,71726,140268,0
2951,6391,15637,4890,26918,6436,18903,4890,30229,57147,0
4416,6737,9600,1087,17424,7531,9582,1087,18200,35624,0
2780,1582,1409,927,3918,1001,1844,927,3772,7690,0
9452,6932,5772,2734,15438,8555,5766,2734,17055,32493,0
3873,4664,3113,3699,11476,5420,3117,3699,12236,23712,0
5137,72885,63219,348435,484539,68226,63277,348435,479938,964477,0
9930,96721,144880,89383,330984,103150,138729,89383,331262,662246,43963
9931,114591,192190,153319,460100,111233,158021,153319,422573,882673,1792
8726,60,22,0,82,50,22,0,72,154,0
5337,101041,260046,111402,472489,81632,254736,111402,447770,920259,0
3508,3805,22905,1661,28371,4460,25050,1661,31171,59542,0
3591,9050,33036,2064,44150,9357,34216,2064,45637,89787,0
5900,207595,272979,195811,676385,199846,279314,195811,674971,1351356,129837
5521,360689,417324,593199,1371212,359857,423770,593200,1376827,2748039,2389
5688,1080,1682,1627,4389,1334,1863,1627,4824,9213,0
5643,83441,95712,139383,318536,84969,95824,139383,320176,638712,0
5545,157709,195245,271904,624858,159568,206151,271904,637623,1262481,206
5105,19273,20950,58766,98989,17997,22200,58766,98963,197952,0
2811,3045,6878,1606,11529,2357,7348,1606,11311,22840,0
0577,191662,80776,569686,842124,135102,89793,569686,794581,1636705,214544
9245,9820,7150,3707,20677,10005,7461,3707,21173,41850,0
5167,116560,214366,399193,730119,120305,211560,399193,731058,1461177,74037
5493,1041,271,2045,3357,1417,286,2045,3748,7105,0
2126,79456,77806,629,157891,82379,77765,629,160773,318664,0
8637,1031,160,638,1829,942,2660,638,4240,6069,0
8544,15643,14234,57,29934,15965,14370,57,30392,60326,0
7214,29573,41340,12462,83375,30934,41487,12462,84883,168258,0
5559,337520,387770,793379,1518669,319108,383215,793379,1495702,3014371,0
5808,8482,16347,5547,30376,7846,16103,5547,29496,59872,0
1377,1704,4270,2301,8275,1907,4251,2301,8459,16734,0
3862,5101,7071,822,12994,5900,7069,822,13791,26785,0
8061,13357,1545,5820,20722,15494,1535,5820,22849,43571,0
4074,3135,3472,2876,9483,3638,3464,2876,9978,19461,0
4066,284,502,0,786,282,490,0,772,1558,0
8062,16278,28057,3651,47986,20644,28019,3651,52314,100300,0
3235,97729,21994,86624,206347,96355,21304,86624,204283,410630,0
1445,48058,66465,356133,470656,44279,66463,356133,466875,937531,0
6119,380539,704780,1896459,2981778,295496,701376,1896459,2893331,5875109,1033482
3012,286,38,277,601,240,39,277,556,1157,0
5261,7494,8562,18381,34437,9928,8594,18381,36903,71340,0
5284,11799,18661,16443,46903,11999,19405,16443,47847,94750,0
4076,4572,11082,0,15654,4076,9319,0,13395,29049,27
6351,3673,247,1324,5244,3653,256,1324,5233,10477,0
8583,29248,27255,6423,62926,29426,27644,6423,63493,126419,112
4503,106407,140405,7446,254258,112755,139990,7446,260191,514449,0
5522,158295,205840,362725,726860,163833,212569,362725,739127,1465987,9415
2026,1523,709,125,2357,1654,696,125,2475,4832,0
2513,24222,56178,16985,97385,24487,56531,16985,98003,195388,0
1532,59754,186340,347142,593236,58748,196216,347142,602106,1195342,0
2935,10903,11010,8026,29939,9213,13096,8026,30335,60274,0
2786,12840,27240,16035,56115,11683,30613,16035,58331,114446,0
5035,89217,180062,182265,451544,97491,174464,182265,454220,905764,1006
5027,15803,24155,35568,75526,18620,24263,35568,78451,153977,0
5258,9684,17740,12980,40404,10214,17621,12980,40815,81219,74035
6876,76853,177990,694111,948954,70837,177973,694111,942921,1891875,0
5362,209224,276176,1033722,1519122,185760,276298,1033722,1495780,3014902,0
2354,121943,143383,1656,266982,113623,143580,1656,258859,525841,0
8638,15723,25908,5886,47517,16598,25750,5886,48234,95751,0
8639,374,156,0,530,424,144,0,568,1098,0
9675,18755,16960,13675,49390,18471,16974,13675,49120,98510,0
8827,25651,35468,0,61119,19539,34852,0,54391,115510,192
1042,55866,69878,2585,128329,50163,69878,2585,122626,250955,0
2046,2804,4282,580,7666,3496,4672,580,8748,16414,0
7029,6644,8588,15694,30926,8951,9114,15694,33759,64685,0
5218,5129,9150,34716,48995,5729,9434,34716,49879,98874,0
5509,243770,311399,137046,692215,224129,315530,137046,676705,1368920,47320
2355,66929,71086,955,138970,66843,71165,955,138963,277933,0
3344,5605,3864,2076,11545,5988,3839,2076,11903,23448,0
5683,42933,32635,24065,99633,38393,35972,24065,98430,198063,0
6854,14252,35172,43937,93361,13891,35642,43937,93470,186831,0
8556,61826,38694,35962,136482,56663,38616,35962,131241,267723,0
2284,15265,16137,5573,36975,19364,16206,5573,41143,78118,0
5707,15567,24091,9779,49437,16629,24222,9779,50630,100067,0
5587,31609,41176,138804,211589,29337,41280,138804,209421,421010,0
2952,1760,3681,918,6359,2020,3681,918,6619,12978,0
3144,16098,14912,44327,75337,17138,17361,44327,78826,154163,0
6465,6869,6856,2689,16414,7256,6858,2689,16803,33217,49
6424,21915,21858,8736,52509,23518,21871,8736,54125,106634,791
9971,1383,826,392,2601,1450,826,392,2668,5269,0
8474,117206,66292,59247,242745,114842,66089,59247,240178,482923,0
2654,15975,577,267,16819,16624,601,267,17492,34311,0
9904,65846,51215,159989,277050,70389,51215,159989,281593,558643,0
9979,37319,26685,26456,90460,37095,26683,26456,90234,180694,0
2104,3410,1588,113,5111,4241,1595,113,5949,11060,0
1559,10133,12049,20159,42341,9558,13980,20159,43697,86038,0
2228,10549,9857,123,20529,12356,9878,123,22357,42886,0
2335,38452,28781,4037,71270,37214,28800,4037,70051,141321,0
9723,17531,14868,16781,49180,18742,14882,16781,50405,99585,0
3961,2728,4205,309,7242,2477,4205,309,6991,14233,0
4148,212,301,0,513,200,332,0,532,1045,0
8640,2507,4274,0,6781,2006,903,0,2909,9690,0
2397,5803,12631,7088,25522,6134,11881,7088,25103,50625,0
2953,25275,32276,19415,76966,18544,37126,19415,75085,152051,0
5416,3292794,2219873,556366,6069033,3250830,2012619,556366,5819815,11888848,963561
8641,362,156,0,518,315,156,0,471,989,0
3051,114299,178587,205144,498030,118186,178805,205144,502135,1000165,11487
6877,164312,207736,988132,1360180,147516,207776,988132,1343424,2703604,7715
9794,46766,38877,40810,126453,59878,38915,40810,139603,266056,0
2655,4827,907,0,5734,5212,910,0,6122,11856,0
8117,11173,10805,7604,29582,11747,10832,7604,30183,59765,251
4022,482,407,180,1069,629,406,180,1215,2284,0
5796,42845,99264,41384,183493,38732,105357,41384,185473,368966,0
5169,215070,359832,523071,1097973,228719,351079,523071,1102869,2200842,425700
9956,8210,8482,19435,36127,10007,8482,19435,37924,74051,0
5363,124975,144152,538042,807169,105832,144131,538042,788005,1595174,0
9501,28313,17491,6822,52626,27201,17479,6822,51502,104128,0
7921,790,722,11576,13088,975,716,11576,13267,26355,0
2454,1294,17,0,1311,1400,18,0,1418,2729,0
9813,3796997,3639324,3234594,10670915,3431320,3665467,3234594,10331381,21002296,1428472
9950,2058355,3208021,1724281,6990657,1990888,3346978,1724281,7062147,14052804,1142960
8360,17478,23532,1477,42487,15374,23573,1477,40424,82911,0
2301,4261,5041,7064,16366,4431,5517,7064,17012,33378,0
8715,3845,6352,2212,12409,5396,6530,2212,14138,26547,0
8828,1238,1194,0,2432,1815,1173,0,2988,5420,0
9503,43438,36172,49030,128640,51376,36160,49030,136566,265206,0
9301,9601,11570,5067,26238,11313,11941,5067,28321,54559,0
2895,58057,138217,39314,235588,53618,136759,39314,229691,465279,0
4760,151376,269012,54708,475096,145711,267177,54708,467596,942692,90304
5338,5356,12394,10690,28440,5990,12683,10690,29363,57803,0
4457,20882,55218,5558,81658,22122,55528,5558,83208,164866,0
5629,145201,133258,284478,562937,149733,133599,284478,567810,1130747,0
2948,6391,12789,6432,25612,5230,14566,6432,26228,51840,0
5474,9296,12117,14592,36005,10607,12393,14592,37592,73597,0
8284,8412,11033,2830,22275,9792,11053,2830,23675,45950,0
9096,10,4,0,14,20,4,0,24,38,0
8643,1055,1198,36,2289,1487,3144,36,4667,6956,0
5298,3229,7358,3454,14041,3437,8067,3454,14958,28999,0
6878,100911,167573,709998,978482,105210,168000,709998,983208,1961690,0
8025,47885,60462,22361,130708,47214,60384,22361,129959,260667,1430
1220,4673,3681,1769,10123,5204,3670,1769,10643,20766,0
6028,62758,70917,329732,463407,58692,70738,329732,459162,922569,0
3033,33770,62703,75733,172206,34829,65283,75733,175845,348051,0
5272,33701,75973,100447,210121,34098,75547,100447,210092,420213,0
2962,12921,20990,6220,40131,8111,20990,6220,35321,75452,0
1409,82675,107919,573851,764445,65723,107590,573851,747164,1511609,182675
9635,95642,58828,62820,217290,92740,58850,62820,214410,431700,0
4131,2211,2768,1810,6789,2379,2790,1810,6979,13768,0
6206,6813,2613,979,10405,6872,2615,979,10466,20871,0
6029,25517,23492,82069,131078,22881,23577,82069,128527,259605,0
1965,30940,34310,10571,75821,27174,34540,10571,72285,148106,0
3839,29118,17768,12997,59883,24455,17773,12997,55225,115108,0
6469,115958,229648,154387,499993,113713,231093,154387,499193,999186,162961
5514,14033,15330,45601,74964,12828,18649,45601,77078,152042,0
1132,43222,53680,3260,100162,42875,53582,3260,99717,199879,0
5172,191446,328362,716646,1236454,195988,333187,716646,1245821,2482275,15429
7443,294389,272422,736322,1303133,287960,272780,736322,1297062,2600195,64001
7922,1015,1260,0,2275,1199,1264,0,2463,4738,0
6855,5353,11018,21241,37612,6316,11097,21241,38654,76266,0
7032,7596,7694,28695,43985,9551,7512,28695,45758,89743,0
6275,4095,70,509,4674,3492,72,509,4073,8747,0
4892,90027,64573,46249,200849,93348,64925,46249,204522,405371,0
1463,67944,79304,116013,263261,68112,79414,116013,263539,526800,0
7328,48290,77878,16171,142339,49043,74978,16171,140192,282531,106
2218,67436,46380,1721,115537,64454,46374,1721,112549,228086,0
1996,1104,701,1968,3773,1069,817,1968,3854,7627,0
2325,19983,16359,4952,41294,18050,16371,4952,39373,80667,0
9725,17142,17336,11025,45503,14874,22329,11025,48228,93731,0
2900,21858,49585,13822,85265,17986,52758,13822,84566,169831,0
3136,9861,11282,20231,41374,10045,13584,20231,43860,85234,0
5138,57748,73103,297026,427877,61823,73248,297026,432097,859974,0
9681,64786,58849,46998,170633,65133,58848,46998,170979,341612,535
9682,89646,71244,76910,237800,89184,71216,76910,237310,475110,0
5146,174141,283635,761604,1219380,181941,283323,761604,1226868,2446248,0
9610,2063,10081,620,12764,3502,10140,620,14262,27026,0
6276,1465,254,786,2505,1890,277,786,2953,5458,0
6280,61658,128128,11239,201025,62953,128067,11239,202259,403284,6432
2825,7871,9466,332,17669,9639,9551,332,19522,37191,0
8155,2692,2619,3990,9301,2357,2616,3990,8963,18264,0
5139,139794,173744,658702,972240,117797,173680,658702,950179,1922419,903243
2955,18555,30200,22941,71696,18426,34312,22941,75679,147375,2159
5631,882881,1470208,1224039,3577128,950349,1434534,1224039,3608922,7186050,769584
8567,164730,159599,43307,367636,158005,161162,43307,362474,730110,0
5588,83431,81289,418255,582975,86107,80259,418255,584621,1167596,0
3563,2493,17270,1830,21593,2605,17648,1830,22083,43676,0
7299,3712,1174,543,5429,4240,1162,543,5945,11374,0
4300,9959,942,434,11335,9733,931,434,11098,22433,0
7930,5259,406,170,5835,5611,404,170,6185,12020,0
6281,5481,7013,2165,14659,5828,7139,2165,15132,29791,195
5364,56752,68047,270553,395352,52022,67972,270553,390547,785899,0
6977,120828,147690,695890,964408,88026,147655,695890,931571,1895979,0
6867,83765,109116,349259,542140,76024,109201,349259,534484,1076624,84818
6978,16123,31593,135975,183691,15208,31712,135975,182895,366586,0
3053,49965,76347,106416,232728,52292,76686,106416,235394,468122,0
7300,2015,563,517,3095,2299,779,517,3595,6690,0
2896,29830,64962,16053,110845,20098,66025,16053,102176,213021,0
6075,26441,34895,105329,166665,36507,36488,105329,178324,344989,0
2585,4743,9191,2594,16528,3728,10155,2594,16477,33005,0
4577,33827,17994,82617,134438,32312,17759,82617,132688,267126,0
9810,78071,50927,58330,187328,76836,50934,58330,186100,373428,0
2845,13129,17136,8994,39259,12540,18615,8994,40149,79408,0
7266,13715,11741,1768,27224,14839,11806,1768,28413,55637,0
2295,9741,10505,1965,22211,9344,11698,1965,23007,45218,0
8411,192599,286744,45699,525042,195917,282427,45699,524043,1049085,41589
4521,31762,38150,806,70718,33456,38552,806,72814,143532,0
2572,7301,7939,6876,22116,5683,8989,6876,21548,43664,0
2229,17693,25870,36,43599,18860,25860,36,44756,88355,0
5173,7463,7765,5857,21085,9238,7797,5857,22892,43977,0
7568,8331,22048,3064,33443,8851,22037,3064,33952,67395,0
5037,4992,11076,17892,33960,5015,12864,17892,35771,69731,0
5947,10270,6601,10779,27650,11107,6863,10779,28749,56399,0
9726,145530,101110,101704,348344,154028,101013,101704,356745,705089,205
2219,321442,246304,3702,571448,312275,246199,3702,562176,1133624,80884
9727,114777,77244,98323,290344,109302,77257,98323,284882,575226,0
8241,5021,4159,2132,11312,5730,4481,2132,12343,23655,0
5450,52732,121045,101143,274920,52123,120225,101143,273491,548411,45237
1413,86527,87367,376567,550461,88176,86838,376567,551581,1102042,0
5560,74286,123067,370185,567538,66500,122951,370185,559636,1127174,0
5561,113425,326824,571237,1011486,102153,326436,571237,999826,2011312,0
5589,69034,88500,230433,387967,68228,88516,230433,387177,775144,0
1033,12412,14799,541,27752,11774,14783,541,27098,54850,0
1145,15123,17404,511,33038,16218,17353,511,34082,67120,0
5940,21179,17913,17313,56405,22058,18729,17313,58100,114505,0
3007,11248,12922,13650,37820,11494,13616,13650,38760,76580,0
2767,21801,15560,9976,47337,30651,15571,9976,56198,103535,0
3191,24958,38216,98442,161616,26415,38384,98442,163241,324857,0
2557,4441,763,1239,6443,4847,757,1239,6843,13286,0
4458,6491,9148,34161,49800,6545,9150,34161,49856,99656,0
1521,25142,34957,101583,161682,20933,35149,101583,157665,319347,0
7374,795,108,996,1899,796,385,996,2177,4076,0
1533,25599,51163,82281,159043,25821,52132,82281,160234,319277,0
6804,14578,13060,33302,60940,16988,13234,33302,63524,124464,0
6827,209743,271531,335523,816797,230022,270159,335523,835704,1652501,0
6879,181541,275526,1047567,1504634,187199,275436,1047567,1510202,3014836,0
1543,149252,419388,824216,1392856,161096,427977,824216,1413289,2806145,1926
5140,6195,7688,20008,33891,7342,7802,20008,35152,69043,0
6012,43545,74889,272026,390460,37413,75151,272026,384590,775050,0
7401,6163,20642,131382,158187,8827,20854,131382,161063,319250,0
2027,3289,1810,1188,6287,3621,1805,1188,6614,12901,0
8213,195239,275076,102023,572338,200799,266552,102023,569374,1141712,501
1397,154494,225075,641225,1020794,125452,228397,641225,995074,2015868,174749
0598,20544,34433,48362,103339,21032,34434,48362,103828,207167,0
2230,20862,26583,4919,52364,22393,26593,4919,53905,106269,0
4579,1148,140,3791,5079,1619,148,3791,5558,10637,0
8009,71208,86622,27719,185549,72855,86664,27719,187238,372787,0
9246,3482,2968,2445,8895,3449,2969,2445,8863,17758,0
6902,12521,18772,18444,49737,14960,16060,18444,49464,99201,30
6905,11399,18908,25725,56032,11626,18779,25725,56130,112162,0
5633,125047,238953,405780,769780,127390,249329,405780,782499,1552279,95081
5489,61876,137498,239161,438535,57889,140727,239161,437777,876312,0
5219,143538,405674,377916,927128,144320,402524,377916,924760,1851888,16037
1398,38307,66523,132743,237573,41142,78135,132743,252020,489593,0
6070,246202,302436,269825,818463,255690,298113,269825,823628,1642091,0
6528,9389,17939,3171,30499,12675,17945,3171,33791,64290,12989
6845,19777,30244,156671,206692,21781,30939,156671,209391,416083,0
2826,9427,9948,539,19914,9324,10037,539,19900,39814,0
2604,3818,9623,2411,15852,3213,10977,2411,16601,32453,0
4594,4366,1410,974,6750,7785,1449,974,10208,16958,0
5532,268798,378215,315133,962146,259878,381229,315133,956240,1918386,213669
6260,106,11,287,404,180,13,287,480,884,0
4079,19167,37639,1482,58288,19793,37397,1482,58672,116960,0
2428,12461,1448,902,14811,13817,1457,902,16176,30987,0
2146,1534,12,205,1751,1689,7,205,1901,3652,0
9634,19145,16384,17165,52694,23216,16384,17165,56765,109459,0
7569,3387,3948,716,8051,3856,3941,716,8513,16564,0
5289,29684,51658,252671,334013,28812,51967,252671,333450,667463,0
3186,183411,324693,470851,978955,175291,323521,470851,969663,1948618,116187
5050,59223,93433,392541,545197,49402,101220,392541,543163,1088360,0
3513,7240,19656,3019,29915,9505,21154,3019,33678,63593,0
9419,395723,298884,207237,901844,252476,258545,207237,718258,1620102,367326
5490,243766,586633,897303,1727702,248441,589633,897303,1735377,3463079,610412
2768,55538,89614,42173,187325,43648,90371,42173,176192,363517,951
5220,34493,81489,194062,310044,38607,79163,194062,311832,621876,0
8498,44799,40580,20655,106034,54089,41871,20655,116615,222649,0
1434,12466,22062,117179,151707,13058,24080,117179,154317,306024,0
2860,42449,69212,29894,141555,34853,72868,29894,137615,279170,1101
6283,4053,344,74,4471,3587,341,74,4002,8473,0
3845,51058,45394,40894,137346,51978,45364,40894,138236,275582,0
3908,7304,8784,3974,20062,6358,8775,3974,19107,39169,0
2861,58509,70593,51106,180208,42150,80854,51106,174110,354318,0
8524,92131,88078,19786,199995,93597,87507,19786,200890,400885,7387
6220,12540,5795,7242,25577,14553,5893,7242,27688,53265,0
5893,40571,37628,76209,154408,41265,39118,76209,156592,311000,0
1148,19578,32546,1854,53978,18673,33197,1854,53724,107702,0
7887,2886,680,1425,4991,3352,682,1425,5459,10450,0
9981,156329,151570,160931,468830,147434,151618,160931,459983,928813,49
9982,213,44,0,257,298,45,0,343,600,0
2656,8892,939,46,9877,9197,937,46,10180,20057,192
8647,1189,387,664,2240,1020,532,664,2216,4456,0
2149,12559,11074,4960,28593,12871,10988,4960,28819,57412,3527
1391,178589,336787,262660,778036,177120,359450,262660,799230,1577266,29207
1522,55770,132597,403713,592080,57294,139532,403713,600539,1192619,0
4028,11372,18974,16711,47057,13915,18993,16711,49619,96676,0
4524,13769,9597,6561,29927,19434,9631,6561,35626,65553,0
3146,52843,118040,100152,271035,52195,128388,100152,280735,551770,0
8129,194,1,0,195,131,1,0,132,327,0
3607,80435,242359,106436,429230,77478,241331,106436,425245,854475,53512
5174,50179,99112,230685,379976,53059,98389,230685,382133,762109,0
5066,207696,233710,744317,1185723,188050,235800,744317,1168167,2353890,1183785
5590,63910,53448,145726,263084,67416,53428,145726,266570,529654,0
6818,64187,73421,176358,313966,62328,73592,176358,312278,626244,0
6085,110976,131312,291294,533582,117281,131862,291294,540437,1074019,9612
8067,9424,1939,6044,17407,11846,2006,6044,19896,37303,0
2138,8508,1987,844,11339,9217,2009,844,12070,23409,0
5417,1746,4265,4464,10475,2537,4097,4464,11098,21573,0
7766,3266,1964,1901,7131,4372,1975,1901,8248,15379,5725
7506,55754,92050,26029,173833,59521,91993,26029,177543,351376,2509
3194,4367,2808,4669,11844,4787,3086,4669,12542,24386,0
2691,1727,1777,0,3504,1584,1836,0,3420,6924,0
5235,74789,112242,220159,407190,74175,115331,220159,409665,816855,0
9909,74461,41253,31049,146763,56726,41241,31049,129016,275779,0
3054,211522,399930,344376,955828,226658,400508,344376,971542,1927370,25795
5202,14252,17568,67634,99454,18932,18558,67634,105124,204578,0
6919,104522,147443,588880,840845,94539,147376,588880,830795,1671640,0
3314,23219,28971,6974,59164,24560,29791,6974,61325,120489,0
6009,135223,458271,1751100,2344594,253550,459854,1751100,2464504,4809098,79370
2356,29362,41116,269,70747,29520,41150,269,70939,141686,0
5236,32723,40341,194530,267594,37038,39305,194530,270873,538467,0
9983,43955,33580,28598,106133,50417,33585,28598,112600,218733,0
9676,29220,19433,33483,82136,32500,19433,33483,85416,167552,0
9630,47338,18232,25685,91255,45582,18227,25685,89494,180749,0
2231,52720,36589,275,89584,51236,36583,275,88094,177678,0
5539,52559,17957,40202,110718,58686,18352,40202,117240,227958,31034
5591,30049,27874,84937,142860,28647,27867,84937,141451,284311,0
1870,21916,74014,16675,112605,23133,78554,16675,118362,230967,0
2398,19381,37109,10489,66979,14707,43175,10489,68371,135350,12479
5880,17982,21437,32432,71851,18787,22769,32432,73988,145839,0
6086,276035,374602,526574,1177211,290400,373936,526574,1190910,2368121,63013
5107,181033,231611,977506,1390150,153355,231861,977506,1362722,2752872,536136
6880,66654,113583,115574,295811,65249,115123,115574,295946,591757,0
5141,2684,5095,7852,15631,4207,4991,7852,17050,32681,0
2901,4204,13835,5283,23322,4569,15615,5283,25467,48789,0
1221,19013,12376,5689,37078,21161,12440,5689,39290,76368,0
5308,3680,3969,9076,16725,5547,3964,9076,18587,35312,0
5941,7191,1896,2742,11829,7104,1800,2742,11646,23475,0
2437,32664,75077,6769,114510,26386,64601,6769,97756,212266,913
9738,13099,13346,9312,35757,14726,13354,9312,37392,73149,14738
6979,79196,149645,734287,963128,47098,149666,734287,931051,1894179,0
4794,4105,8703,3840,16648,4578,9215,3840,17633,34281,0
5717,22215,90236,17580,130031,22158,93858,17580,133596,263627,3102
8436,9546,4500,2259,16305,11634,4500,2259,18393,34698,0
5418,115799,155866,528504,800169,97838,155794,528504,782136,1582305,0
5523,74397,94851,124387,293635,72735,101837,124387,298959,592594,0
2193,80614,90189,1006,171809,79286,90144,1006,170436,342245,44915
2828,7813,9653,1600,19066,8369,9779,1600,19748,38814,0
2432,9589,402,63,10054,9624,407,63,10094,20148,0
4189,103,206,0,309,210,207,0,417,726,0
5365,77867,119574,217423,414864,87574,118684,217423,423681,838545,0
8212,44621,31480,30793,106894,45616,34205,30793,110614,217508,0
6015,60982,84405,226088,371475,55132,84674,226088,365894,737369,0
8499,165528,111321,90584,367433,162237,109526,90584,362347,729780,0
5309,194314,359243,541764,1095321,212877,353137,541764,1107778,2203099,95842
5562,32283,40588,75712,148583,35236,40641,75712,151589,300172,0
2105,4876,1654,160,6690,5168,1664,160,6992,13682,0
8720,50620,61266,16802,128688,51372,66112,16802,134286,262974,0
2399,511,379,55,945,410,378,55,843,1788,0
2303,28096,42024,2462,72582,27235,41277,2462,70974,143556,0
5563,78876,95540,298887,473303,83195,96182,298887,478264,951567,80
5273,139340,351335,562687,1053362,128241,352546,562687,1043474,2096836,275048
7327,18665,16948,4474,40087,20340,17004,4474,41818,81905,0
1563,6596,6089,6040,18725,7379,6388,6040,19807,38532,0
8071,9258,9630,15304,34192,10375,9603,15304,35282,69474,0
1734,8537,5671,10186,24394,10005,5668,10186,25859,50253,0
2194,64508,81166,302,145976,64455,81140,302,145897,291873,0
6221,126,38,50,214,108,39,50,197,411,0
1862,47005,26449,9227,82681,37215,26432,9227,72874,155555,0
8437,553760,603518,106932,1264210,533277,606653,106932,1246862,2511072,260613
8126,256682,565753,213607,1036042,237238,563658,213607,1014503,2050545,132690
2937,3421,2312,3148,8881,2287,3516,3148,8951,17832,0
2558,4357,651,464,5472,4300,653,464,5417,10889,0
3072,24486,38344,42039,104869,26633,41960,42039,110632,215501,0
8098,3326,4152,1635,9113,4081,4147,1635,9863,18976,0
6108,113598,281262,324617,719477,114778,289466,324617,728861,1448338,0
8921,19705,11961,5931,37597,19980,12200,5931,38111,75708,0
2235,131858,92412,7578,231848,132543,92398,7578,232519,464367,491897
5463,35041,49279,179413,263733,28608,50424,179413,258445,522178,75981
8099,4806,6616,5029,16451,5178,6630,5029,16837,33288,0
2160,82139,125137,2648,209924,85777,127208,2648,215633,425557,26271
2829,5880,10974,4407,21261,4404,12319,4407,21130,42391,0
2959,3120,4445,4279,11844,2290,5241,4279,11810,23654,0
6310,5089,2209,1156,8454,5720,2234,1156,9110,17564,0
9845,231861,171291,139505,542657,224018,171289,139505,534812,1077469,733845
6851,4833,5106,14641,24580,8464,5044,14641,28149,52729,0
9618,8514,2422,36715,47651,7175,2413,36715,46303,93954,0
5495,21556,35010,76702,133268,21908,35371,76702,133981,267249,0
6881,326916,537861,1690308,2555085,293187,536758,1690308,2520253,5075338,16809
8568,206636,198671,66690,471997,181277,198250,66690,446217,918214,0
2236,1946,2250,1355,5551,1680,2157,1355,5192,10743,0
2122,505,45,25,575,200,45,25,270,845,0
6882,63456,53264,195845,312565,68246,53706,195845,317797,630362,0
8922,18166,6471,8285,32922,17460,7156,8285,32901,65823,0
8648,3813,442,667,4922,3512,3848,667,8027,12949,0
8778,660,68,75,803,698,68,75,841,1644,0
9136,139361,184539,180629,504529,132804,168030,180629,481463,985992,31748
9646,8339,7516,6375,22230,8182,7524,6375,22081,44311,0
8649,167171,298530,17098,482799,163862,252081,17098,433041,915840,48316
8614,83,20,0,103,72,24,0,96,199,0
8924,45649,22998,20697,89344,42035,23858,20697,86590,175934,0
7217,335344,470937,394088,1200369,344045,463550,394088,1201683,2402052,169388
2817,23018,22032,14759,59809,21258,27668,14759,63685,123494,0
9508,124817,143260,130143,398220,138364,143232,130143,411739,809959,0
5592,50167,62164,216135,328466,69924,62614,216135,348673,677139,0
3110,3532,2241,2719,8492,4494,2234,2719,9447,17939,0
3170,11612,12510,42604,66726,18258,15439,42604,76301,143027,0
3555,6181,14717,6901,27799,6727,17681,6901,31309,59108,0
1097,26099,26019,1541,53659,27397,26068,1541,55006,108665,0
4081,942,1354,36,2332,953,1337,36,2326,4658,0
9648,212378,140632,205434,558444,220499,140605,205434,566538,1124982,0
9995,64032,61156,45010,170198,67680,61159,45010,173849,344047,0
2605,3892,5025,2221,11138,2637,5991,2221,10849,21987,0
5038,6274,8355,4753,19382,7217,8831,4753,20801,40183,0
8468,268467,259390,43975,571832,282022,257642,43975,583639,1155471,632
8925,13846,17476,2204,33526,15699,17534,2204,35437,68963,0
6838,30913,49385,312344,392642,30690,51357,312344,394391,787033,0
1655,11306,9910,26643,47859,10558,9910,26643,47111,94970,0
3325,26065,59326,42887,128278,27709,62601,42887,133197,261475,0
1384,460,637,1082,2179,554,579,1082,2215,4394,0
5678,2436,17209,103,19748,4088,17252,103,21443,41191,0
5079,1917,1332,2912,6161,2045,1239,2912,6196,12357,0
5205,16507,13649,31512,61668,30940,13715,31512,76167,137835,0
1976,26837,32600,17786,77223,27973,33216,17786,78975,156198,0
5419,31249,36809,197011,265069,25975,37321,197011,260307,525376,0
7011,1938,978,4993,7909,2178,976,4993,8147,16056,0
9816,7128,6252,4034,17414,10046,6253,4034,20333,37747,0
1447,27654,46858,120086,194598,22706,49759,120086,192551,387149,0
1448,56292,69424,351324,477040,53718,69539,351324,474581,951621,0
3092,102990,151916,444057,698963,99164,149556,444057,692777,1391740,9152
5080,49054,64397,263098,376549,43935,64395,263098,371428,747977,51
1553,76398,128223,489890,694511,57487,145910,489890,693287,1387798,0
1449,47309,55600,306162,409071,52729,55657,306162,414548,823619,0
1399,19504,44095,85764,149363,20347,45416,85764,151527,300890,0
1966,4242,2655,919,7816,4152,2673,919,7744,15560,0
1857,106104,206445,188727,501276,114459,207547,188727,510733,1012009,4406
5593,42984,61083,221544,325611,61556,61213,221544,344313,669924,0
5594,83336,77490,169034,329860,66973,77252,169034,313259,643119,0
3571,2428,1401,187,4016,2477,1296,187,3960,7976,0
3237,51922,26820,25953,104695,51051,27894,25953,104898,209593,0
5108,69800,67485,327048,464333,60148,67500,327048,454696,919029,0
4581,111038,171924,148465,431427,115572,170681,148465,434718,866145,0
1229,10649,7134,3739,21522,11205,7195,3739,22139,43661,3185
4132,2876,3561,855,7292,3371,3541,855,7767,15059,0
1415,22831,53620,130472,206923,22086,53879,130472,206437,413360,0
7516,575,437,0,1012,715,433,0,1148,2160,0
8652,72,16,5,93,118,15,5,138,231,0
4083,2014,2863,0,4877,1878,2852,0,4730,9607,0
9512,70254,86786,60777,217817,72405,86686,60777,219868,437685,13218
9516,9871,10308,15752,35931,10510,10304,15752,36566,72497,0
9960,14690,11325,7742,33757,18373,11328,7742,37443,71200,0
9517,154992,137192,171096,463280,149330,137143,171096,457569,920849,72190
8653,208,67,0,275,194,68,0,262,537,0
3008,13993,34389,16039,64421,14427,36296,16039,66762,131183,0
9142,13944,19636,17907,51487,12915,18383,17907,49205,100692,0
1427,934435,2079786,2270038,5284259,884893,2137422,2270037,5292352,10576611,707674
1392,60479,70099,122112,252690,62394,72153,122112,256659,509349,0
7115,72590,188609,66989,328188,76249,185198,66989,328436,656624,29
1109,98822,119462,5642,223926,98477,119416,5642,223535,447461,0
5823,156,283,5,444,181,379,5,565,1009,0
9817,22681,18345,17538,58564,26621,18346,17538,62505,121069,0
4508,7639,6267,5031,18937,8587,6535,5031,20153,39090,0
9217,5510,1791,2665,9966,4969,2342,2665,9976,19942,0
5565,436826,794175,1541246,2772247,488763,794353,1541246,2824362,5596609,0
5366,32055,26524,76442,135021,31276,26530,76442,134248,269269,0
8655,9902,5265,549,15716,10440,5430,549,16419,32135,0
3073,9248,9175,9943,28366,8540,9618,9943,28101,56467,0
6862,2757,3815,12342,18914,3925,3968,12342,20235,39149,0
6527,23033,17388,9722,50143,23810,17398,9722,50930,101073,0
2124,153746,163261,1775,318782,155560,163220,1775,320555,639337,163990
1867,31524,33983,10787,76294,28487,34017,10787,73291,149585,0
2057,6910,2894,922,10726,7018,2877,922,10817,21543,0
1959,2178,2050,2949,7177,2321,2242,2949,7512,14689,0
9145,145034,268764,148816,562614,150683,264159,148816,563658,1126272,15929
9518,2680,4938,72,7690,2683,4928,72,7683,15373,0
2245,97935,117114,974,216023,107402,117126,974,225502,441525,32441
2668,66917,20305,17151,104373,72079,20490,17151,109720,214093,26243
9771,19617,15054,12757,47428,22940,15055,12757,50752,98180,0
9230,7814,4543,7474,19831,7981,4722,7474,20177,40008,0
9766,17990,19482,19804,57276,18212,19480,19804,57496,114772,0
6466,83,2,0,85,80,3,0,83,168,0
6401,10691,6843,2423,19957,10069,6856,2423,19348,39305,0
6565,7215,4722,3328,15265,8505,4740,3328,16573,31838,0
8214,40466,54863,25544,120873,45076,57162,25544,127782,248655,0
6088,46185,47607,99088,192880,50371,50070,99088,199529,392409,0
4206,2985,6450,401,9836,2890,6584,401,9875,19711,0
5109,14535,16889,73026,104450,26474,16924,73026,116424,220874,0
8546,29048,27844,2987,59879,28631,28440,2987,60058,119937,0
4228,627,940,0,1567,726,980,0,1706,3273,0
2848,43489,46288,35883,125660,42003,46266,35883,124152,249812,0
8657,12434,6544,0,18978,11771,16000,0,27771,46749,0
9149,10471,8005,3690,22166,10435,7745,3690,21870,44036,1099
5057,59280,81959,299019,440258,52979,81876,299019,433874,874132,0
7445,200450,156395,455279,812124,204547,157132,455279,816958,1629082,0
8658,1314,447,29,1790,1464,441,29,1934,3724,0
5504,28533,3125,4255,35913,28164,3133,4255,35552,71465,0
7201,22,22,0,44,43,25,0,68,112,0
4084,503,906,0,1409,623,904,0,1527,2936,0
9710,59788,45985,41020,146793,55709,46019,41020,142748,289541,0
2685,287924,341717,76754,706395,274241,338442,76754,689437,1395832,496663
5275,74375,176751,128759,379885,71700,177247,128759,377706,757591,0
1017,12609,17889,2247,32745,12543,18069,2247,32859,65604,0
9652,11228,9594,6586,27408,12782,9589,6586,28957,56365,0
2735,4750,5815,1237,11802,5104,5856,1237,12197,23999,0
3171,69328,70958,147360,287646,75799,71288,147360,294447,582093,0
4607,15300,13033,823,29156,14915,13044,823,28782,57938,0
1761,15944,6814,5261,28019,17533,6999,5261,29793,57812,0
9818,26636,22635,21952,71223,38914,22633,21952,83499,154722,0
2058,6034,1999,2639,10672,6200,1990,2639,10829,21501,0
1871,6052,6916,570,13538,4747,6914,570,12231,25769,0
5824,395,334,276,1005,447,480,276,1203,2208,0
4595,3968,3087,1087,8142,8069,3162,1087,12318,20460,0
9876,61408,100909,89750,252067,61212,88779,89750,239741,491808,0
9521,88155,76769,44291,209215,82993,76790,44291,204074,413289,0
9728,51860,54189,26712,132761,55046,54188,26712,135946,268707,0
3225,19421,3278,12422,35121,17528,3300,12422,33250,68371,0
2669,13407,3026,3868,20301,13729,2984,3868,20581,40882,0
2059,3928,928,2240,7096,4235,939,2240,7414,14510,0
2339,36280,47463,8427,92170,35569,45357,8427,89353,181523,0
1133,28230,43511,225,71966,31380,43202,225,74807,146773,0
1534,89312,249953,417952,757217,91431,258228,417952,767611,1524828,0
7925,598,459,6794,7851,597,464,6794,7855,15706,0
4597,222700,354974,88367,666041,216275,356080,88367,660722,1326763,131650
2237,88590,90903,861,180354,86980,90869,861,178710,359064,0
5368,189886,193061,405502,788449,199361,191110,405502,795973,1584422,79604
4784,21215,37652,14025,72892,22193,38386,14025,74604,147496,0
5110,87787,105383,536161,729331,75853,105435,536161,717449,1446780,0
8487,3170507,4254447,1245634,8670588,3237726,4202784,1245634,8686144,17356732,2836231
1947,576162,1332908,481657,2390727,581064,1324615,481657,2387336,4778063,383370
5294,4241,5609,11434,21284,6193,5624,11434,23251,44535,0
7446,155750,167526,511491,834767,162992,168442,511491,842925,1677692,0
1373,80371,199405,409301,689077,74532,211945,409301,695778,1384855,0
3539,46,75,0,121,40,89,0,129,250,0
3498,49,268,0,317,49,287,0,336,653,0
5111,17552,17627,48007,83186,19740,17399,48007,85146,168332,0
9955,117822,181710,112930,412462,129821,138997,112930,381748,794210,0
3620,24878,46185,35660,106723,28302,46204,35660,110166,216889,0
6089,157509,209008,283696,650213,161197,213961,283696,658854,1309067,0
9188,52492,119706,14182,186380,58100,119701,14182,191983,378363,0
2862,30875,64712,19214,114801,20995,65579,19214,105788,220589,0
5329,195816,511731,579314,1286861,184893,512868,579315,1277076,2563937,430761
5051,372077,519886,2035338,2927301,361385,516913,2035338,2913636,5840937,1054532
2710,82581,32646,31599,146826,82092,32895,31599,146586,293412,0
7402,4784,19081,117857,141722,6476,19153,117857,143486,285208,0
7403,4853,16108,108493,129454,7081,16210,108493,131784,261238,0
1177,124703,142164,44672,311539,108876,142570,44672,296118,607657,0
1291,37528,47978,26623,112129,44975,47330,26623,118928,231057,33066
1579,787,5250,4249,10286,863,5374,4249,10486,20772,0
7491,111526,203249,1170901,1485676,130713,203396,1170901,1505010,2990686,0
6340,290019,290033,134576,714628,280333,287980,134576,702889,1417517,28150
5369,31940,63255,120064,215259,33735,62917,120064,216716,431975,0
7305,7010,1444,3739,12193,10401,2163,3739,16303,28496,0
9438,166390,267885,161184,595459,178226,186204,161184,525614,1121073,0
5634,47195,88940,98577,234712,47832,91993,98577,238402,473114,0
3573,37463,82541,13445,133449,36098,84872,13445,134415,267864,38868
5635,22478,39842,40967,103287,23961,40987,40967,105915,209202,0
3853,22201,24479,17374,64054,23849,24478,17374,65701,129755,0
3066,569,1305,1056,2930,1223,1311,1056,3590,6520,0
2156,3030,6956,816,10802,12126,6977,816,19919,30721,0
2661,33655,52455,19168,105278,30435,55831,19168,105434,210712,0
5260,52077,184040,160396,396513,54635,184652,160396,399683,796196,5330
5498,28444,40276,50914,119634,27055,41069,50914,119038,238672,0
7072,14851,18542,37521,70914,17760,20023,37521,75304,146218,0
2242,1682386,1903670,9418,3595474,1658809,1905917,9418,3574144,7169618,561475
2244,389783,386165,4288,780236,380585,387115,4288,771988,1552224,0
2246,907197,2180564,112552,3200313,912418,2152080,112552,3177050,6377363,853653
9709,69243,70738,3255,143236,71851,70503,3255,145609,288845,0
9371,106868,93738,99477,300083,117801,106850,99477,324128,624211,0
9372,43707,33349,34385,111441,45866,33919,34385,114170,225611,0
4327,1995,408,5080,7483,1943,404,5080,7427,14910,0
4356,1647,2691,2949,7287,1680,2729,2949,7358,14645,0
4226,166,223,0,389,157,224,0,381,770,0
4018,8104,9032,11808,28944,8048,9036,11808,28892,57836,0
3844,54030,46767,43122,143919,57527,46775,43122,147424,291343,0
4460,328,1106,0,1434,501,1104,0,1605,3039,0
4334,352,500,198,1050,466,508,198,1172,2222,0
4248,1405,4324,0,5729,1489,4267,0,5756,11485,0
4059,3085,5327,0,8412,2961,5344,0,8305,16717,0
4227,5137,13959,377,19473,4881,13639,377,18897,38370,0
2484,44335,71330,7035,122700,38311,71366,7035,116712,239412,0
2485,35412,73885,15781,125078,35382,73620,15781,124783,249861,46889
4247,774,1719,5,2498,769,1717,5,2491,4989,0
4133,54483,67717,34096,156296,58663,67519,34096,160278,316574,4958
2488,1564,2211,641,4416,1871,2223,641,4735,9151,0
2467,1059,2605,734,4398,1398,2607,734,4739,9137,0
4060,658,1267,10,1935,691,1361,10,2062,3997,0
4162,628,1033,0,1661,612,1032,0,1644,3305,0
4138,235,192,0,427,260,191,0,451,878,0
4207,63,276,33,372,159,338,33,530,902,0
3847,26089,25226,32448,83763,31864,25214,32448,89526,173289,0
2457,5608,430,0,6038,5439,439,0,5878,11916,0
4223,4699,3161,1441,9301,4629,3159,1441,9229,18530,0
9699,35565,75473,15107,126145,37890,75479,15107,128476,254621,0
4061,311,659,0,970,418,657,0,1075,2045,0
4163,1241,2453,86,3780,1313,2511,86,3910,7690,0
4421,2845,5646,6117,14608,3446,5660,6117,15223,29831,0
3852,5703,7927,18223,31853,6884,7934,18223,33041,64894,0
8712,830,210,0,1040,915,213,0,1128,2168,0
8846,241,77,0,318,243,76,0,319,637,0
8829,474,245,0,719,635,238,0,873,1592,0
8830,104,37,0,141,131,37,0,168,309,0
9156,9216,13071,6159,28446,9510,13175,6159,28844,57290,0
8660,94,52,0,146,70,51,0,121,267,0
9655,17235,12409,7034,36678,21088,12409,7034,40531,77209,0
9614,9814,37775,787,48376,12101,37881,787,50769,99145,0
8443,7651,3524,1151,12326,6415,3548,1151,11114,23440,0
5112,509456,787279,4581285,5878020,617052,776040,4581285,5974377,11852397,783255
5148,3141265,4556282,16004961,23702508,3366268,4502947,16004961,23874176,47576684,7768209
5142,608936,717172,9178801,10504909,714396,708021,9178801,10601218,21106127,106413
5143,2067143,4371115,10832776,17271034,2250817,4424660,10832776,17508253,34779287,1769976
1444,2100068,6283695,4437203,12820966,1993307,6333637,4437203,12764147,25585113,1956634
7490,1072116,1018736,5495030,7585882,1089538,1018491,5495030,7603059,15188941,202181
6966,16256,12242,27414,55912,16075,12309,27414,55798,111710,0
6121,2469442,5404357,3455201,11329000,2356249,5363327,3455201,11174777,22503777,2100857
6965,4935991,5728575,17090348,27754914,4713286,5707200,17090348,27510834,55265748,1688089
1475,852899,2084380,2909361,5846640,807574,2075067,2909361,5792002,11638642,398072
3087,2608055,6103426,5018192,13729673,2418185,6092690,5018193,13529068,27258741,1841952
5281,51181,107615,71254,230050,41557,106651,71254,219462,449512,0
5632,45193,30167,128361,203721,51000,29277,128361,208638,412359,0
1555,616113,1649163,665204,2930480,563057,1618447,665204,2846708,5777188,662792
5426,5679345,10163637,17586445,33429427,5533470,10199993,17586445,33319908,66749335,3293684
5598,6428129,11438342,24162485,42028956,6493797,11308076,24162485,41964358,83993314,4226542
5158,302901,689615,2170595,3163111,311573,683574,2170595,3165742,6328853,811994
1067,13676,29450,28202,71328,13140,32078,28202,73420,144748,0
1829,100183,77441,49787,227411,103012,78436,49787,231235,458646,24840
2657,5363,592,71,6026,5587,616,71,6274,12300,9
7978,7328,8889,2727,18944,10992,8905,2727,22624,41568,0
1110,77925,89331,5694,172950,74784,89349,5694,169827,342777,0
5674,752,75,435,1262,865,75,435,1375,2637,0
5114,40659,67710,131032,239401,38200,74607,131032,243839,483240,0
9354,24552,19972,20930,65454,30832,23274,20930,75036,140490,0
1305,2688,1905,719,5312,3321,2001,719,6041,11353,0
1306,7250,4781,2243,14274,8149,4889,2243,15281,29555,0
3574,5095,32414,2919,40428,4864,32811,2919,40594,81022,0
2598,24890,28966,12110,65966,18430,30428,12110,60968,126934,0
2307,3833,2421,327,6581,5308,2417,327,8052,14633,0
2689,12146,1235,2647,16028,12643,1237,2647,16527,32555,0
3517,7475,12144,2660,22279,7605,14101,2660,24366,46645,0
1897,232546,284124,119850,636520,235399,284742,119850,639991,1276511,25326
5082,65384,102849,441975,610208,51780,103283,441975,597038,1207246,0
6202,8085,949,929,9963,8237,966,929,10132,20095,0
5053,26287,41544,141309,209140,25454,42443,141309,209206,418346,0
7268,54459,71411,4266,130136,52479,60656,4266,117401,247537,2308
3635,25120,65159,31021,121300,25134,64926,31021,121081,242381,0
1536,200104,855688,589094,1644886,223819,896454,589094,1709367,3354253,252110
3645,292370,640365,243439,1176174,410238,534889,243439,1188566,2364740,105971
3518,45,501,0,546,164,542,0,706,1252,0
4826,16164,22462,2985,41611,17273,22484,2985,42742,84353,0
4640,9012,9190,2379,20581,8255,9172,2379,19806,40387,0
5892,9384,33556,13979,56919,10131,34147,13979,58257,115176,0
5887,23907,50387,13175,87469,20779,49838,13175,83792,171261,0
5762,3919,26934,387,31240,5699,26698,387,32784,64024,0
5761,7688,21168,4934,33790,8250,23916,4934,37100,70890,0
2670,21063,10088,2174,33325,22233,10118,2174,34525,67850,0
2871,155132,324336,65701,545169,155437,319210,65701,540348,1085517,21456
4422,16101,32607,545,49253,16860,32570,545,49975,99228,30451
3963,24450,48545,8593,81588,21102,48478,8593,78173,159761,0
3962,724,805,165,1694,837,806,165,1808,3502,0
2155,167321,137229,3191,307741,162055,137331,3191,302577,610318,0
5853,3257,3986,676,7919,3841,4026,676,8543,16462,0
3147,389244,637682,769396,1796322,394432,649153,769396,1812981,3609303,362803
5237,641,1048,58,1747,1179,1206,58,2443,4190,26309
5115,180309,337382,417204,934895,176925,348245,417204,942374,1877269,23711
5222,73278,76960,60220,210458,66631,77989,60220,204840,415298,12714
5599,30940,60861,277930,369731,27075,60889,277930,365894,735625,0
8831,8268,24532,0,32800,7589,27004,0,34593,67393,0
8164,48474,45527,40636,134637,49987,45763,40636,136386,271023,0
4884,51153,31265,26845,109263,48900,31782,26845,107527,216790,0
2961,282721,714151,18015,1014887,251982,674714,18015,944711,1959598,30571
2966,504424,1270572,358871,2133867,560923,1277094,358871,2196888,4330755,402203
2968,1569984,4709936,950020,7229940,1729648,4603934,950020,7283602,14513542,1524955
2996,7975,26703,0,34678,977,26774,0,27751,62429,0
2970,497639,1562412,471140,2531191,557977,1499736,471140,2528853,5060044,261636
7165,198,458,142,798,203,460,142,805,1603,0
6856,61214,148041,221566,430821,62744,150086,221566,434396,865217,104745
6883,66355,122693,451148,640196,77384,122962,451148,651494,1291690,0
2253,30533,28219,466,59218,31063,28213,466,59742,118960,0
4094,551,1597,0,2148,688,1607,0,2295,4443,0
7603,523,27,15,565,395,27,15,437,1002,0
1727,68264,90845,18046,177155,74717,91161,18046,183924,361079,0
1728,23669,26379,15464,65512,21961,26536,15464,63961,129473,0
7166,36988,67392,42516,146896,38977,68218,42516,149711,296607,63
5223,14779,27147,74581,116507,16086,26209,74581,116876,233383,0
5018,53936,173969,103539,331444,54571,170885,103539,328995,660439,6737
1909,75691,129074,123057,327822,78929,131016,123057,333002,660824,0
6318,8176,12827,1156,22159,8072,13144,1156,22372,44531,0
9160,31871,44249,17660,93780,34142,44162,17660,95964,189744,0
6863,27502,40315,147725,215542,27713,41093,147725,216531,432073,288852
3021,36007,59700,54355,150062,38752,56713,54355,149820,299882,0
2830,43518,85331,31353,160202,36350,85779,31353,153482,313684,0
8445,21357,18619,11056,51032,29156,18729,11056,58941,109973,0
7928,11769,16104,7155,35028,14474,16095,7155,37724,72752,0
1034,38139,52922,430,91491,38284,52780,430,91494,182985,0
5040,4309,5951,8402,18662,4482,6653,8402,19537,38199,0
5692,72455,96308,112058,280821,74361,97503,112058,283922,564743,0
7947,1296,529,134,1959,1211,529,134,1874,3833,0
9957,9606,8329,7473,25408,12076,8332,7473,27881,53289,0
6970,21647,36123,166293,224063,23844,36114,166293,226251,450314,0
1988,15025,10267,3988,29280,16566,10285,3988,30839,60119,0
1581,13526,27257,4349,45132,14815,27512,4349,46676,91808,0
1582,3122,8054,398,11574,2653,8073,398,11124,22698,0
2867,27493,46130,10611,84234,18083,47113,10611,75807,160041,0
9802,28430,18320,14496,61246,36695,18316,14496,69507,130753,0
9529,16059,7164,3511,26734,12935,7156,3511,23602,50336,0
5149,61442,69855,264692,395989,55267,69878,264692,389837,785826,0
6663,197838,397845,29652,625335,179820,397842,29652,607314,1232649,14134
7036,20575,27824,48026,96425,22453,28663,48026,99142,195567,0
3346,4061,839,6082,10982,4002,935,6082,11019,22001,0
7221,5975,7581,2706,16262,7247,7430,2706,17383,33645,0
1851,32874,64045,17780,114699,36082,64832,17780,118694,233393,0
3576,1107,235,738,2080,1077,311,738,2126,4206,0
8574,79934,77338,29357,186629,80562,77529,29357,187448,374077,0
2254,53683,48455,786,102924,57462,48449,786,106697,209621,0
2357,9188,6907,3418,19513,9082,6893,3418,19393,38906,0
5116,25637,34890,91977,152504,26928,35673,91977,154578,307082,0
9705,14684,13813,11932,40429,14940,13813,11932,40685,81114,0
5475,41316,60133,175317,276766,42052,58673,175317,276042,552808,0
3855,54081,78111,25154,157346,35323,78061,25154,138538,295884,0
3857,5298,9370,477,15145,8367,9379,477,18223,33368,0
6297,26280,3022,29765,59067,30349,3044,29765,63158,122225,0
7725,65546,118356,4135,188037,62597,118302,4135,185034,373071,0
6707,29929,49166,14369,93464,27517,49051,14369,90937,184401,0
5908,8841,10897,23825,43563,9076,11970,23825,44871,88434,0
8477,37156,18518,13790,69464,36322,18474,13790,68586,138050,1409
7929,234481,313436,79332,627249,220677,314796,79332,614805,1242054,40730
2971,945,4860,992,6797,1091,5018,992,7101,13898,0
3159,3152,4083,4663,11898,3584,4227,4663,12474,24372,0
5644,22416,18183,51585,92184,22306,21338,51585,95229,187413,0
4095,7917,15249,62,23228,7421,15224,62,22707,45935,0
2750,18061,2429,2143,22633,18244,2427,2143,22814,45447,0
1527,129900,192539,766611,1089050,125544,193269,766611,1085424,2174474,0
1537,875,3437,2411,6723,770,3767,2411,6948,13671,0
5909,3923,2071,4615,10609,4566,2202,4615,11383,21992,0
9658,23165,20913,12530,56608,27956,20913,12530,61399,118007,0
1997,29186,35519,41942,106647,31585,35452,41942,108979,215626,0
2920,19536,45472,23269,88277,16178,52547,23269,91994,180271,0
9985,167732,95950,110046,373728,174432,96140,110046,380618,754346,0
2922,9539,26347,5282,41168,7644,27993,5282,40919,82087,0
1378,356119,1107477,807944,2271540,348871,1128855,807943,2285669,4557209,219540
4469,1094,1411,3646,6151,982,1424,3646,6052,12203,0
5019,7448,10434,13222,31104,8077,12861,13222,34160,65264,5550
8518,42887,29644,10571,83102,45820,29648,10571,86039,169141,11180
6906,2124,3944,14690,20758,3853,4067,14690,22610,43368,0
5427,25891,25533,86949,138373,27150,25682,86949,139781,278154,375
2849,2262,3140,582,5984,3226,3218,582,7026,13010,0
9060,176,155,608,939,195,155,608,958,1897,0
3067,2690,3506,5206,11402,2823,3509,5206,11538,22940,0
3203,24182,5848,8989,39019,23261,5700,8989,37950,76969,0
9080,59358,76839,36277,172474,63149,76129,36277,175555,348029,0
2226,383746,407473,4179,795398,369624,408339,4179,782142,1577540,330242
6005,510987,451404,3597007,4559398,624630,454890,3597007,4676527,9235925,199438
2799,3924,5742,1952,11618,3582,6019,1952,11553,23171,0
8539,27021,35817,13744,76582,30648,35971,13744,80363,156945,0
8833,1055,794,0,1849,1369,791,0,2160,4009,0
5825,416,392,290,1098,462,491,290,1243,2341,0
5291,4075,5488,25847,35410,4982,5649,25847,36478,71888,0
2695,58750,25152,8076,91978,63115,25620,8076,96811,188789,0
5957,4843,14933,3156,22932,5349,17675,3156,26180,49112,0
2151,59203,72322,330,131855,67747,72320,330,140397,272252,0
4814,18133,58793,17038,93964,18211,60017,17038,95266,189230,0
4470,1446,1418,647,3511,2253,1412,647,4312,7823,0
8504,40106,18446,21929,80481,39976,18524,21929,80429,160910,0
7680,34480,33733,25453,93666,35839,33840,25453,95132,188798,31
5501,20537,33019,33761,87317,19381,36252,33761,89394,176711,0
5600,140059,176255,629214,945528,129055,176003,629214,934272,1879800,0
2606,2678,3439,754,6871,1895,3689,754,6338,13209,0
2675,1092,134,0,1226,1175,144,0,1319,2545,0
2903,25775,45436,20758,91969,20277,47820,20758,88855,180824,0
2171,32172,31158,3618,66948,30485,32077,3618,66180,133128,0
9632,16731,15594,11375,43700,22452,15596,11375,49423,93123,0
2973,8009,12862,4948,25819,5444,15362,4948,25754,51573,0
9691,162604,173601,207340,543545,172238,171526,207340,551104,1094649,73930
5645,77344,121206,407306,605856,70511,121198,407306,599015,1204871,31694
5118,93557,100339,382370,576266,78664,100376,382370,561410,1137676,0
5944,2421,2290,2263,6974,2472,2319,2263,7054,14028,0
2158,2707,4012,98,6817,2739,4020,98,6857,13674,0
5312,32811,67253,40580,140644,26935,67152,40580,134667,275311,0
9819,133601,147203,98233,379037,157438,147205,98233,402876,781913,4954
9779,7652,5001,4353,17006,10417,5003,4353,19773,36779,0
3859,18854,33223,6315,58392,22123,33267,6315,61705,120097,0
8665,8691,492,948,10131,8179,13315,948,22442,32573,0
9608,44145,31810,58170,134125,55622,31818,58170,145610,279735,0
9304,48632,16204,32206,97042,49261,24386,32206,105853,202895,0
8526,25809,20652,4708,51169,29318,20715,4708,54741,105910,0
8107,3892,4023,2914,10829,3743,4032,2914,10689,21518,0
3389,63202,37586,46368,147156,64087,38306,46368,148761,295917,0
8666,11930,20944,5400,38274,12105,19574,5400,37079,75353,0
1247,10288,11852,6094,28234,11773,11889,6094,29756,57990,0
4098,2464,4125,0,6589,2841,4126,0,6967,13556,0
1881,21611,28570,42496,92677,21159,28946,42496,92601,185278,0
2940,6720,8132,5216,20068,7895,9712,5216,22823,42891,0
4216,83102,174149,26711,283962,81238,173621,26711,281570,565532,0
7354,10833,2906,4225,17964,11936,2949,4225,19110,37074,0
9773,48958,42699,142086,233743,49179,42698,142086,233963,467706,0
2565,23983,10779,4100,38862,25076,10835,4100,40011,78873,0
2139,13088,2669,559,16316,13165,2676,559,16400,32716,0
6241,1924,364,819,3107,1613,569,819,3001,6108,0
2047,169,28,0,197,193,30,0,223,420,0
5911,10700,11701,15970,38371,10717,11890,15970,38577,76948,0
6018,81009,90472,358812,530293,78185,90377,358812,527374,1057667,0
5058,50536,70026,313896,434458,46253,73392,313896,433541,867999,409
2152,77897,100532,710,179139,78522,100566,710,179798,358937,0
6289,123,13,0,136,187,13,0,200,336,0
5150,150589,171911,545842,868342,157377,170641,545842,873860,1742202,0
5345,161560,173737,845568,1180865,138327,173557,845568,1157452,2338317,0
9533,5824,4539,581,10944,5708,4547,581,10836,21780,0
5119,148418,170605,812089,1131112,124692,170702,812089,1107483,2238595,0
2923,3685,10897,2320,16902,2583,11876,2320,16779,33681,0
6209,8563,1721,479,10763,8598,1723,479,10800,21563,0
5238,14591,7393,10064,32048,13900,7878,10064,31842,63890,0
2358,550,639,165,1354,587,639,165,1391,2745,0
5567,219419,369207,1043343,1631969,219117,368769,1043343,1631229,3263198,41912
2974,12150,23765,4776,40691,11858,23753,4776,40387,81078,381
2769,14457,24095,17737,56289,15687,24215,17737,57639,113928,0
5881,72063,125587,82462,280112,71112,126720,82462,280294,560406,0
8506,108947,77546,57651,244144,109905,77395,57651,244951,489095,0
6019,39946,34964,164070,238980,37642,35408,164070,237120,476100,0
6498,170,1066,4,1240,472,1189,4,1665,2905,106767
6499,220216,246323,122986,589525,228493,246541,122986,598020,1187545,151617
3074,174566,239501,298150,712217,190392,238414,298150,726956,1439173,29220
3071,7878,15805,10071,33754,8835,15976,10071,34882,68636,0
7728,823480,1987901,318493,3129874,793720,1988411,318493,3100624,6230498,317743
8808,33421,27239,23236,83896,39866,29935,23236,93037,176933,0
5330,3242,9321,14556,27119,7840,10265,14556,32661,59780,0
5331,25113,48903,58030,132046,23040,48232,58030,129302,261348,0
5175,14408,19036,37579,71023,16557,19359,37579,73495,144518,0
7038,17346,23012,19463,59821,21430,23403,19463,64296,124117,0
7039,14606,15799,72374,102779,16344,15689,72374,104407,207186,0
3674,260256,584346,163849,1008451,257902,581428,163849,1003179,2011630,419575
3523,2883,35559,0,38442,2970,35776,0,38746,77188,0
1863,7338,5166,1614,14118,6621,5161,1614,13396,27514,0
9774,56981,44965,81313,183259,57515,44958,81313,183786,367045,26758
3426,76158,242048,74437,392643,74820,240410,74437,389667,782310,200129
7834,9279,9852,2546,21677,10178,9868,2546,22592,44269,0
2789,14245,25981,14000,54226,12285,28703,14000,54988,109214,0
5828,58,403,0,461,65,363,0,428,889,0
2257,65383,67957,38568,171908,64359,68499,38568,171426,343334,37161
8668,2078,939,46,3063,2551,971,46,3568,6631,0
9571,10654,4820,3392,18866,9748,4819,3392,17959,36825,0
4426,12433,32699,2588,47720,13530,32626,2588,48744,96464,0
3895,4923,5143,3815,13881,4907,5155,3815,13877,27758,0
9609,9339,7218,3462,20019,11196,7217,3462,21875,41894,0
5568,164151,245884,627238,1037273,160848,245437,627238,1033523,2070796,0
5428,155973,216618,863974,1236565,153295,217985,863974,1235254,2471819,0
5460,634,3241,1770,5645,940,3311,1770,6021,11666,0
8528,34866,30577,4143,69586,35576,31109,4143,70828,140414,0
9358,51083,91924,52867,195874,54917,94398,52867,202182,398056,0
5636,53292,73116,61230,187638,52471,75041,61231,188743,376381,0
5429,67537,74179,250171,391887,60802,74275,250171,385248,777135,0
6875,5150,5453,31358,41961,5396,6062,31358,42816,84777,0
2455,277,4,0,281,233,4,0,237,518,0
9189,15453,32722,10662,58837,18116,32642,10662,61420,120257,0
7895,4322,4397,1691,10410,4008,4402,1691,10101,20511,0
5601,28673,22059,97674,148406,51956,22076,97674,171706,320112,0
7308,29382,29080,9613,68075,40403,29041,9613,79057,147132,0
1422,13797,33276,61966,109039,12126,33643,61966,107735,216774,0
6929,10787,28954,146639,186380,13120,28987,146639,188746,375126,0
7996,62690,117050,45976,225716,64785,116981,45977,227743,453459,0
1069,155039,573679,338240,1066958,154681,584978,338240,1077899,2144857,39212
1111,69596,82376,3002,154974,65414,82369,3002,150785,305759,0
5120,8036,7601,18787,34424,8852,8748,18787,36387,70811,0
1478,11495,16212,83220,110927,11030,16274,83220,110524,221451,0
6971,6549,26398,27951,60898,9891,26666,27951,64508,125406,0
2326,31899,30684,5892,68475,35764,30751,5892,72407,140882,0
1356,115,49,0,164,121,56,0,177,341,0
7309,437860,774496,170048,1382404,414169,745289,170048,1329506,2711910,284336
5376,188733,257997,1031729,1478459,178392,257858,1031729,1467979,2946438,622368
1826,893715,1601976,388257,2883948,909660,1587899,388257,2885816,5769764,537527
1077,101118,191377,48922,341417,106900,192866,48922,348688,690105,273211
5068,55762,66429,279880,402071,51775,66615,279880,398270,800341,0
7946,4800,1336,887,7023,4500,1337,887,6724,13747,0
5262,5611,5809,13118,24538,7056,5919,13118,26093,50631,0
5476,8750,12519,27467,48736,10930,12424,27467,50821,99557,0
4689,3808,3123,924,7855,4105,3201,924,8230,16085,0
1904,25199,61936,16495,103630,25405,62978,16495,104878,208508,0
6020,69927,83878,344474,498279,65884,84366,344474,494724,993003,0
8725,28779,26655,0,55434,26978,26641,0,53619,109053,0
7451,81658,56424,138708,276790,83321,56481,138708,278510,555300,0
5310,3120,2398,11347,16865,4844,2411,11347,18602,35467,0
4641,18399,17808,3500,39707,18009,17780,3500,39289,78996,0
2258,80245,72231,1506,153982,77897,72204,1506,151607,305589,0
6003,48698,78420,239596,366714,48581,78721,239596,366898,733612,0
3219,38248,11636,38594,88478,38578,11625,38594,88797,177275,0
2907,27040,83233,20133,130406,26139,86401,20133,132673,263079,0
2908,2790,11897,2675,17362,3263,11706,2675,17644,35006,0
4533,32362,35957,1846,70165,31547,36592,1846,69985,140150,0
5021,2327,3029,10930,16286,2961,3119,10930,17010,33296,0
2281,139886,220399,14618,374903,125024,218836,14618,358478,733381,43648
5122,338302,527373,1687110,2552785,310088,529949,1687110,2527147,5079932,344458
2259,9204,20653,3793,33650,9054,18477,3793,31324,64974,0
2247,110764,118975,1451,231190,117652,118963,1451,238066,469256,0
5071,33455,55191,111532,200178,37396,54065,111532,202993,403171,44928
7273,16649,5265,10701,32615,19962,6224,10701,36887,69502,0
7274,3549,2709,475,6733,3669,4393,475,8537,15270,0
8309,53834,21565,27836,103235,55407,21696,27836,104939,208174,0
2157,4767,4855,17,9639,12444,4895,17,17356,26995,0
5526,9983,11603,33283,54869,9293,13923,33283,56499,111368,0
2090,30078,119533,6000,155611,30717,117641,6000,154358,309969,161042
3115,449887,1274369,540905,2265161,468209,1266603,540905,2275717,4540878,200039
5602,45007,49267,102765,197039,46605,49382,102765,198752,395791,0
5377,87091,174735,390473,652299,87586,179200,390473,657259,1309558,0
5224,93497,135714,338584,567795,88684,142948,338584,570216,1138011,117094
2387,15854,7043,6926,29823,16209,7034,6926,30169,59992,0
3427,26981,135151,25615,187747,25126,133679,25615,184420,372167,0
9657,44838,28208,19790,92836,46716,28211,19790,94717,187553,0
9683,611608,418844,553232,1583684,596286,418730,553232,1568248,3151932,60848
9664,5130,3318,3902,12350,6260,3330,3902,13492,25842,0
6021,91385,154260,509656,755301,83557,154215,509656,747428,1502729,0
3036,47083,59400,81731,188214,47862,61302,81731,190895,379109,0
8479,20697,14948,10553,46198,21058,16587,10553,48198,94396,0
4250,399,787,0,1186,400,753,0,1153,2339,0
3524,19403,34909,4767,59079,18979,37034,4767,60780,119859,30556
2402,16418,29833,7555,53806,16141,29995,7555,53691,107497,0
1561,3654,4883,5192,13729,4484,5274,5192,14950,28679,0
5882,25652,24473,19126,69251,25873,25133,19126,70132,139383,0
3246,5534,1804,2067,9405,5871,1829,2067,9767,19172,0
9917,347018,212716,267654,827388,337660,212711,267654,818025,1645413,162325
2032,1536,467,265,2268,1534,469,265,2268,4536,0
3213,10113,2696,8128,20937,10685,2713,8128,21526,42463,0
2916,3282,5436,2229,10947,3314,5950,2229,11493,22440,0
9775,33246,25420,111138,169804,36106,25416,111138,172660,342464,0
1687,245,24,240,509,293,30,240,563,1072,0
5423,217955,227606,849348,1294909,197724,227647,849348,1274719,2569628,471283
7685,538,33,681,1252,314,34,681,1029,2281,0
2403,6440,8545,3201,18186,5296,9831,3201,18328,36514,0
4140,16506,17851,10252,44609,16022,17791,10252,44065,88674,0
4101,4570,7950,82,12602,3768,7972,82,11822,24424,0
4102,6674,11505,241,18420,5639,11458,241,17338,35758,0
4129,921,1310,0,2231,1497,1303,0,2800,5031,0
3863,77232,97288,82885,257405,77439,97181,82885,257505,514910,0
3851,29815,46030,12419,88264,30584,46036,12419,89039,177303,0
4021,59757,79676,83245,222678,40763,79655,83245,203663,426341,0
5072,82186,126334,388667,597187,76222,126421,388667,591310,1188497,45
5378,11962,16183,69816,97961,11422,16213,69816,97451,195412,43
4335,1072,2030,10,3112,1423,1984,10,3417,6529,0
6634,18898,24159,2387,45444,19964,24180,2387,46531,91975,0
1195,26955,9717,3151,39823,30543,9733,3151,43427,83250,0
2494,1555,2262,821,4638,1762,2273,821,4856,9494,0
3499,11332,23202,1878,36412,9957,27325,1878,39160,75572,0
3992,10061,19714,2327,32102,14436,19704,2327,36467,68569,0
4473,3684,2839,20255,26778,3304,2837,20255,26396,53174,0
2102,22329,122259,8417,153005,23817,122295,8417,154529,307534,0
3525,10073,20416,1663,32152,11554,22103,1663,35320,67472,0
4463,251,624,361,1236,275,624,361,1260,2496,0
5477,3401,5961,7023,16385,4133,6047,7023,17203,33588,0
3944,2103,2043,388,4534,4096,2046,388,6530,11064,0
4254,133,257,0,390,125,258,0,383,773,0
4409,135,1099,0,1234,416,1069,0,1485,2719,0
2433,6671,868,616,8155,7264,875,616,8755,16910,0
3526,47651,179176,8550,235377,42154,175683,8550,226387,461764,699
3528,1648,3391,41,5080,1544,3824,41,5409,10489,0
1128,31858,47902,1399,81159,34134,47415,1399,82948,164107,0
4887,7782,15644,6090,29516,8835,17298,6090,32223,61739,0
8805,95501,217392,35435,348328,98063,218683,35435,352181,700509,78791
6133,366486,1005558,601370,1973414,375443,1010202,601370,1987015,3960429,793430
5657,111510,198851,235874,546235,110132,203540,235874,549546,1095781,9924
5123,150616,167495,667784,985895,130772,167602,667784,966158,1952053,0
5461,10758,22881,33751,67390,11690,23051,33751,68492,135882,0
5462,113,291,1125,1529,147,350,1125,1622,3151,0
3062,8234,30864,35346,74444,9231,31890,35346,76467,150911,0
3214,23,50,0,73,38,48,0,86,159,0
5757,6042,4367,2031,12440,5133,4327,2031,11491,23931,0
8801,7684,31516,91,39291,7519,31292,91,38902,78193,0
7452,126373,136552,223421,486346,126864,136594,223421,486879,973225,171679
2752,2594,623,5,3222,2729,620,5,3354,6576,0
8670,3285,790,0,4075,3423,797,0,4220,8295,0
5225,5491,9044,34960,49495,5836,9482,34960,50278,99773,0
2308,3446,3385,778,7609,4191,3434,778,8403,16012,0
5332,5652,14180,27890,47722,5925,15248,27890,49063,96785,0
5208,94003,118986,420722,633711,84656,119396,420722,624774,1258485,0
3580,171239,707535,50376,929150,172954,693478,50376,916808,1845958,77728
5885,41908,52870,39398,134176,40891,53350,39398,133639,267815,0
5455,49012,209868,160769,419649,51825,210189,160769,422783,842432,0
1078,300,22,0,322,269,25,0,294,616,0
9820,27698,18653,25925,72276,41647,18647,25925,86219,158495,0
9804,13485,13231,4224,30940,18455,13231,4224,35910,66850,0
9821,36689,31668,17155,85512,50863,31666,17155,99684,185196,0
9623,21435,17693,19754,58882,33358,17694,19754,70806,129688,0
9936,78880,133428,111383,323691,79929,101926,111383,293238,616929,0
3422,6306,16599,2142,25047,6171,17904,2142,26217,51264,0
6819,23464,29678,66221,119363,23360,29974,66221,119555,238918,0
4251,784,836,5,1625,812,838,5,1655,3280,0
8540,15376,15424,981,31781,16277,15763,981,33021,64802,0
8548,15409,15595,981,31985,16651,16256,981,33888,65873,1100
8541,9891,6479,371,16741,9796,6495,371,16662,33403,8134
4023,3622,4122,886,8630,2853,4130,886,7869,16499,0
3850,31394,33632,30254,95280,30536,33581,30254,94371,189651,0
2459,423,43,0,466,657,40,0,697,1163,0
3744,5786,6927,3358,16071,7038,6943,3358,17339,33410,0
3904,121243,180080,95925,397248,105102,179978,95925,381005,778253,137366
5883,144855,281052,110374,536281,141163,281821,110374,533358,1069639,10698
8254,10619,7116,7871,25606,10756,7765,7871,26392,51998,0
9667,74131,62999,69720,206850,75447,62969,69720,208136,414986,3216
2198,62176,54161,5545,121882,55944,54074,5545,115563,237445,0
4181,49471,103419,21347,174237,51559,104418,21347,177324,351561,0
5928,47656,47393,38146,133195,49383,49004,38146,136533,269728,0
3870,38164,50970,48196,137330,34666,50955,48196,133817,271147,0
4313,7316,13754,5831,26901,7287,13733,5831,26851,53752,0
8860,5471,641,3533,9645,4216,3679,3533,11428,21073,0
5276,67500,121698,153737,342935,63215,122341,153737,339293,682228,0
5537,235983,523631,243419,1003033,242652,528913,243419,1014984,2018017,18063
5829,95,221,0,316,103,248,0,351,667,0
5540,181832,367382,142223,691437,184573,372851,142223,699647,1391084,216443
9958,12992,6636,10580,30208,12748,6637,10580,29965,60173,0
6022,185380,227041,388623,801044,182646,231743,388623,803012,1604056,0
2671,88215,62903,18378,169496,88562,62856,18378,169796,339292,0
2874,27927,36281,9179,73387,30624,36331,9179,76134,149521,0
1346,1057,1032,565,2654,1299,1055,565,2919,5573,0
2337,32109,37215,882,70206,30750,36199,882,67831,138037,0
2521,36764,84316,16192,137272,38782,84312,16192,139286,276558,0
2875,7954,7604,3703,19261,8596,7622,3703,19921,39182,0
2753,841704,701891,175262,1718857,827741,696355,175262,1699358,3418215,1202667
5285,39275,50776,55970,146021,34671,50467,55970,141108,287129,0
9366,25831,15164,28751,69746,27321,16786,28751,72858,142604,0
9544,19577,16868,2913,39358,54345,17131,2913,74389,113747,0
9543,53553,49035,35133,137721,60165,49042,35133,144340,282061,0
9808,13943,11710,8062,33715,16389,11709,8062,36160,69875,0
3055,53704,81673,94877,230254,53392,82052,94877,230321,460575,88062
7419,14531,17376,22710,54617,23475,18123,22710,64308,118925,0
7509,20458,35210,14586,70254,22619,35211,14586,72416,142670,0
5468,37565,61882,98490,197937,41017,61831,98490,201338,399275,0
7453,63544,33238,93191,189973,61942,33437,93191,188570,378543,0
5379,173887,277356,813372,1264615,157246,288687,813372,1259305,2523920,502146
5430,37766,42879,223044,303689,32604,43454,223044,299102,602791,0
5603,541379,566654,2319605,3427638,534819,566607,2319605,3421031,6848669,0
4314,3348,10581,17500,31429,2943,10641,17500,31084,62513,0
4185,7127,8950,5622,21699,7229,8970,5622,21821,43520,0
3994,5674,10343,1774,17791,10196,10350,1774,22320,40111,0
5176,23465,26801,29168,79434,31315,26714,29168,87197,166631,0
9822,57024,52530,57174,166728,74384,52527,57174,184085,350813,0
1419,76344,127530,500312,704186,69146,126647,500312,696105,1400291,0
5424,65451,63408,224343,353202,50737,63368,224343,338448,691650,0
5596,63265,61520,303790,428575,57946,61356,303790,423092,851667,0
3531,127,276,0,403,90,301,0,391,794,0
6242,3304,804,430,4538,3530,828,430,4788,9326,0
1546,91620,140195,274190,506005,88482,142207,274190,504879,1010884,0
3118,7672,9772,9748,27192,8957,10963,9748,29668,56860,0
3874,58956,60710,60256,179922,54818,60704,60256,175778,355700,61081
2404,7989,6250,663,14902,7803,6245,663,14711,29613,0
7454,63665,100018,710107,873790,68368,100142,710107,878617,1752407,0
5177,134779,207609,545122,887510,143346,206698,545122,895166,1782676,0
2296,41321,45850,4714,91885,38360,43891,4714,86965,178850,0
5023,79008,176855,218940,474803,70962,171921,218940,461823,936626,127587
2734,9595,13673,5153,28421,10794,13875,5153,29822,58243,0
8834,4199,1539,0,5738,3955,1521,0,5476,11214,0
6361,150,51,165,366,224,48,165,437,803,0
1999,5171,1513,1011,7695,5739,1623,1011,8373,16068,0
5083,13588,9399,54361,77348,11522,9424,54361,75307,152655,0
8519,4364,2608,720,7692,4481,2608,720,7809,15501,0
8031,192,3,214,409,174,5,214,393,802,0
6884,112563,170703,176958,460224,114042,173285,176958,464285,924509,0
5569,307206,466330,1412230,2185766,261938,465832,1412230,2140000,4325766,313331
3149,1589144,3210532,2376820,7176496,1597506,3216931,2376819,7191256,14367752,2688110
3160,25154,19144,24564,68862,33556,21327,24564,79447,148309,6381
6967,33406,22882,87208,143496,25160,22915,87208,135283,278779,0
5912,3479,2020,2454,7953,3755,1993,2454,8202,16155,0
7950,63622,108330,22409,194361,69991,108259,22409,200659,395020,0
7974,26205,31998,12430,70633,27668,31941,12430,72039,142672,0
2979,11106,22881,11707,45694,9937,23921,11707,45565,91259,0
2857,8,29,10,47,31,32,10,73,120,0
1208,133551,183800,18380,335731,123676,183924,18380,325980,661711,0
5478,283122,623576,748511,1655209,299135,617290,748511,1664936,3320145,900785
3247,17434,5799,10651,33884,16625,5692,10651,32968,66852,0
3530,42348,82871,5035,130254,40398,82697,5035,128130,258384,0
7316,5949,2187,3353,11489,7132,2199,3353,12684,24173,470
5431,17571,16763,109480,143814,14051,16852,109480,140383,284197,0
5480,75927,116412,288443,480782,83159,118003,288443,489605,970387,0
9867,14932,16077,3092,34101,17402,16076,3092,36570,70671,0
6511,72754,70370,38180,181304,73236,70364,38180,181780,363084,86060
3906,3527,4576,4308,12411,5397,4584,4308,14289,26700,0
3876,26953,33573,11548,72074,29547,33579,11548,74674,146748,0
2544,2410,2617,962,5989,2618,2612,962,6192,12181,0
2461,50785,182597,28768,262150,54958,182836,28768,266562,528712,0
4027,26499,43707,23384,93590,16306,43673,23384,83363,176953,0
2106,5745,1984,0,7729,5549,1987,0,7536,15265,0
2131,29339,27278,259,56876,33743,27235,259,61237,118113,0
5570,687303,844313,1739627,3271243,677707,837063,1739627,3254397,6525640,772787
0687,9270,40806,86534,136610,12375,41042,86534,139951,276561,0
5432,15922,19128,132449,167499,14339,19285,132449,166073,333572,0
1538,1444,3337,9703,14484,1556,3321,9703,14580,29064,0
7510,5690,7581,3494,16765,5986,7594,3494,17074,33839,0
2580,15648,3501,2035,21184,17446,3509,2035,22990,44174,0
5226,14865,30899,71445,117209,16429,31889,71445,119763,236972,0
2261,21529,30495,574,52598,20829,29478,574,50881,103479,0
2924,77238,215515,31930,324683,75034,220032,31930,326996,651679,25003
3532,98,424,0,522,94,425,0,519,1041,0
5203,84111,191691,99386,375188,102293,183933,99386,385612,760800,52646
6885,55166,84723,85936,225825,61091,85906,85936,232933,458758,0
2189,83449,102116,1469,187034,80279,102140,1469,183888,370922,0
8671,570,147,0,717,490,149,0,639,1356,0
6353,3272,607,287,4166,3273,616,287,4176,8342,0
2444,91,27,0,118,161,28,0,189,307,0
6886,523284,822211,2337028,3682523,521438,822389,2337028,3680855,7363378,187411
2833,24133,52494,19769,96396,17535,56615,19769,93919,190315,8808
5943,57844,76420,50279,184543,58140,78224,50279,186643,371186,0
1962,3452,1972,1869,7293,3288,1957,1869,7114,14407,0
2722,9544,1290,1326,12160,9586,1302,1326,12214,24374,3
2873,10106,20441,6504,37051,9460,17928,6504,33892,70943,0
9190,27924,20835,56359,105118,31406,23343,56359,111108,216226,0
6676,83728,90160,29669,203557,93399,90836,29669,213904,417461,1935
7297,3575,332,664,4571,4156,332,664,5152,9723,0
5658,9037,11229,19723,39989,10777,11403,19723,41903,81892,0
4606,67481,76755,3720,147956,67461,76768,3720,147949,295905,0
8835,1314,533,0,1847,1432,533,0,1965,3812,0
6829,11218,11263,25598,48079,11803,11330,25598,48731,96810,0
6090,107505,164568,265686,537759,109359,166416,265686,541461,1079220,45863
4477,6380,15294,1163,22837,7173,15450,1163,23786,46623,0
2315,2895,5749,713,9357,3155,5724,713,9592,18949,0
1087,130800,277378,165801,573979,138283,276665,165801,580749,1154728,195733
1135,15428,24886,129,40443,13515,25514,129,39158,79601,0
1084,1621,2522,1412,5555,1617,2730,1412,5759,11314,3503
2291,69659,133072,11147,213878,77584,127097,11147,215828,429706,2415
2294,24401,22108,7614,54123,24778,22272,7614,54664,108787,0
6327,27738,1737,24324,53799,29777,1796,24324,55897,109696,0
8174,689,479,0,1168,658,475,0,1133,2301,0
9787,112337,82200,93260,287797,115907,82205,93260,291372,579169,0
5542,137077,66356,38141,241574,143233,66424,38141,247798,489372,0
5541,56716,8659,14317,79692,46554,8663,14317,69534,149226,269000
5543,50171,7770,33499,91440,46157,7773,33499,87429,178869,0
2977,3057,4603,971,8631,2213,5214,971,8398,17029,0
5024,33505,78386,40967,152858,37259,76975,40967,155201,308059,0
6820,38551,31953,88185,158689,44068,32170,88185,164423,323112,0
2798,18237,18106,21719,58062,27048,11978,21719,60745,118807,0
2794,100943,215250,45640,361833,105198,188805,45640,339643,701476,128983
5380,11189,7832,32037,51058,13239,7752,32037,53028,104086,0
7318,1790,461,291,2542,2588,464,291,3343,5885,0
5663,207259,407129,195462,809850,186722,428643,195462,810827,1620677,186321
8561,98118,87990,24660,210768,104704,89130,24660,218494,429262,0
3587,7202,8010,1295,16507,7269,9195,1295,17759,34266,0
7951,43160,60701,16706,120567,38082,60663,16706,115451,236018,0
9547,68427,67899,36360,172686,73507,67880,36360,177747,350433,0
8033,1209,582,311,2102,1367,580,311,2258,4360,0
2673,514,18,328,860,517,18,328,863,1723,0
8358,32160,20247,6740,59147,31955,20876,6740,59571,118718,0
1261,21352,11623,9643,42618,22226,11768,9643,43637,86255,0
5433,53592,75649,371225,500466,44229,76175,371225,491629,992095,0
2249,86691,62654,485,149830,93137,62682,485,156304,306134,86810
5646,16203,23064,18259,57526,16796,25343,18259,60398,117924,0
5025,15388,22233,36040,73661,17542,21444,36040,75026,148687,0
5525,97677,10596,18314,126587,109981,10617,18314,138912,265499,0
3584,86,307,0,393,90,305,0,395,788,0
1149,48801,83403,7961,140165,50239,81670,7961,139870,280035,0
5026,27213,38500,98303,164016,28613,36853,98303,163769,327785,0
6172,38655,72130,98701,209486,38948,77026,98701,214675,424161,0
2388,14879,11936,3665,30480,13678,11957,3665,29300,59780,0
9549,4134,7576,586,12296,4921,7561,586,13068,25364,0
4270,5655,8612,2016,16283,5494,8613,2016,16123,32406,0
4108,726,1798,5,2529,742,1805,5,2552,5081,0
3056,6638,6479,13983,27100,6918,6489,13983,27390,54490,0
6806,40072,45511,115247,200830,41795,45763,115247,202805,403635,0
6328,20870,1547,4622,27039,21926,1541,4622,28089,55128,0
7224,17465,26482,3096,47043,18303,26596,3096,47995,95038,0
8185,123004,230838,33989,387831,117381,226529,33989,377899,765730,3270
8672,72,13,0,85,44,13,0,57,142,0
9996,62217,47303,40508,150028,62204,47304,40508,150016,300044,0
6456,52535,99936,17573,170044,54793,98991,17573,171357,341401,7706
3254,10875,2439,7517,20831,10000,2438,7517,19955,40786,0
5333,34805,109943,205496,350244,31289,110927,205496,347712,697956,0
2250,82107,88093,203,170403,78535,88068,203,166806,337209,0
7814,15859,25941,10669,52469,17759,25934,10669,54362,106831,0
8178,11617,13421,9572,34610,12133,13505,9572,35210,69820,31001
2003,8396,1725,1768,11889,8744,1756,1768,12268,24157,0
8007,3669,5889,1562,11120,3683,5886,1562,11131,22251,0
3061,14448,17343,32436,64227,14047,17398,32436,63881,128108,0
8201,60427,74708,86576,221711,58694,75708,86576,220978,442689,71801
5434,62529,110289,385494,558312,67874,111136,385494,564504,1122816,6906
2004,20937,547,109830,131314,17110,523,109830,127463,258777,0
5179,3356,15674,12068,31098,4428,16096,12068,32592,63690,0
1105,139831,358192,8515,506538,151023,357466,8515,517004,1023542,0
2107,46331,8358,139,54828,42205,8400,139,50744,105572,0
6893,99895,157039,529692,786626,93787,157052,529692,780531,1567157,0
6931,85729,318854,881578,1286161,97965,320544,881578,1300087,2586248,6734
5124,253541,515928,1121829,1891298,303590,488368,1121829,1913787,3805085,330444
3205,9664,2016,7240,18920,10021,2021,7240,19282,38202,0
3679,25464,17610,23565,66639,26596,17848,23565,68009,134648,9684
5638,10973,7638,18760,37371,9565,7981,18760,36306,73677,0
5529,145126,26850,21015,192991,141974,26862,21015,189851,382842,0
2925,30878,93923,26966,151767,25664,93881,26966,146511,298278,0
5929,6074,5285,17108,28467,6362,5524,17108,28994,57461,0
9823,14519,11747,60922,87188,22258,11749,60922,94929,182117,0
5184,72008,104015,115092,291115,69461,103117,115092,287670,578785,0
6691,931388,1581989,293106,2806483,907684,1582628,293106,2783418,5589901,887232
7043,15533,14541,25055,55129,17074,14594,25055,56723,111852,0
6888,291996,347677,842446,1482119,288895,352426,842446,1483767,2965886,1809095
1178,21142,9347,32436,62925,28166,9343,32436,69945,132870,0
5186,7487,12784,9928,30199,7729,14071,9928,31728,61927,0
8448,12892,9041,949,22882,13310,8993,949,23252,46134,0
5605,42115,58333,83619,184067,39313,58330,83619,181262,365329,0
7044,5775,10886,20578,37239,6732,11833,20578,39143,76382,0
5835,17205,59211,6854,83270,14182,62253,6854,83289,166559,0
8257,5402,320,5049,10771,5843,304,5049,11196,21967,0
7319,35749,30043,858,66650,34199,30230,858,65287,131937,0
9903,93806,70035,96423,260264,97886,70031,96423,264340,524604,0
9552,2622,1226,1374,5222,2782,1226,1374,5382,10604,0
4619,13367,10572,7517,31456,14316,10912,7517,32745,64201,0
7893,10708,10667,1771,23146,10541,10656,1771,22968,46114,0
3150,9729,10290,15818,35837,10808,11451,15818,38077,73914,0
8347,225329,205044,30937,461310,204846,205099,30937,440882,902192,241881
7073,62,6,241,309,50,6,241,297,606,0
3009,567,274,1790,2631,639,329,1790,2758,5389,0
1595,10709,14512,3673,28894,10342,14508,3673,28523,57417,0
3206,11265,2273,6351,19889,9989,2264,6351,18604,38493,0
6570,5064,2751,1922,9737,5686,2752,1922,10360,20097,0
4526,36479,48547,1238,86264,34710,50527,1238,86475,172739,0
7455,61138,75757,137228,274123,66101,75983,137228,279312,553435,0
5930,8605,5632,7088,21325,9328,5905,7088,22321,43646,0
5074,1178,4338,5991,11507,3444,4559,5991,13994,25501,0
5277,87388,278758,232879,599025,79839,278638,232879,591356,1190381,0
5084,83110,97561,469460,650131,81975,97621,469460,649056,1299187,8329
2546,49306,26873,7153,83332,50791,27041,7153,84985,168317,11296
9739,25550,27317,20529,73396,26124,27302,20529,73955,147351,0
4387,194341,385079,95407,674827,186906,385649,95407,667962,1342789,247741
5125,205307,250472,1052531,1508310,177987,250492,1052531,1481010,2989320,0
1902,18766,13411,10840,43017,17178,13466,10840,41484,84501,0
2000,2237,202,1178,3617,2580,205,1178,3963,7580,0
6782,4770,5297,786,10853,5258,5305,786,11349,22202,0
6972,36382,51318,148980,236680,34375,51373,148980,234728,471408,0
1968,10680,3718,2921,17319,12083,3759,2921,18763,36082,0
6932,3730,16267,103143,123140,7536,16952,103143,127631,250771,0
9988,135614,102225,81099,318938,118275,102222,81099,301596,620534,0
5187,223399,308252,488464,1020115,213622,306389,488464,1008475,2028590,544623
6265,47283,120156,32399,199838,44023,119256,32399,195678,395516,0
4217,3015,3216,1260,7491,3649,3217,1260,8126,15617,0
2728,231218,114049,72632,417899,211814,114216,72632,398662,816561,36111
5154,30847,28746,133014,192607,37581,28998,133014,199593,392200,4659
8450,30318,14346,9636,54300,34271,14238,9636,58145,112445,0
9236,5551,1773,2730,10054,5309,1768,2730,9807,19861,0
6362,60697,51799,58903,171399,57917,51807,58903,168627,340026,25415
8179,835,922,0,1757,804,919,0,1723,3480,0
3172,542925,961638,788077,2292640,564692,966237,788077,2319006,4611646,975206
4530,7071,10210,497,17778,8701,10237,497,19435,37213,0
5494,1138,284,0,1422,1259,284,0,1543,2965,0
1114,26574,29664,718,56956,29050,29677,718,59445,116401,125419
1150,21252,32635,832,54719,25386,32652,832,58870,113589,23
5382,14063,22054,106025,142142,14386,22132,106025,142543,284685,0
2660,10303,31276,4787,46366,9423,33292,4787,47502,93868,0
8036,1324,8,344,1676,798,7,344,1149,2825,0
5189,23653,29384,23447,76484,31000,30757,23447,85204,161688,0
5185,1674,2594,3863,8131,2521,2679,3863,9063,17194,0
5126,7293,9828,26132,43253,7581,10407,26132,44120,87373,0
4527,108856,195961,20447,325264,108458,197643,20447,326548,651812,14389
7320,1324,1198,899,3421,1576,1661,899,4136,7557,0
1452,27064,25523,134362,186949,20868,25672,134362,180902,367851,0
7953,386,39,321,746,482,41,321,844,1590,0
5425,45315,41891,184409,271615,49765,41937,184409,276111,547726,0
5410,64905,95735,399976,560616,57401,95532,399976,552909,1113525,0
8355,54008,68223,18762,140993,53548,68603,18762,140913,281906,0
3138,440,1411,4354,6205,2139,1509,4354,8002,14207,0
9318,70704,29196,101580,201480,73985,33225,101580,208790,410270,0
1451,14740,20946,45297,80983,13490,21103,45297,79890,160873,0
1453,5899,9181,22725,37805,5027,9998,22725,37750,75555,0
5292,9212,4885,44241,58338,9179,5037,44241,58457,116795,0
8142,14605,8229,19063,41897,14659,8280,19063,42002,83899,0
3057,13285,10479,17161,40925,18741,10657,17161,46559,87484,0
7404,6422,17145,97066,120633,8435,17385,97066,122886,243519,0
1949,5347,7459,5668,18474,5151,8282,5668,19101,37575,0
6892,32569,32941,233828,299338,34863,34388,233828,303079,602417,0
3187,116447,259243,404547,780237,112582,261213,404547,778342,1558579,0
5922,216163,239791,210609,666563,205537,239678,210609,655824,1322387,75203
5932,638469,1296583,598994,2534046,631498,1319527,598994,2550019,5084065,698815
5263,22433,31680,45828,99941,24430,31757,45828,102015,201956,0
6947,34595,43017,81961,159573,32996,42568,81961,157525,317098,0
5339,983,2042,1125,4150,1041,2211,1125,4377,8527,0
7456,231924,378772,242240,852936,220483,378999,242240,841722,1694658,15579
7457,117649,185244,339810,642703,148863,186359,339810,675032,1317735,0
7420,214593,441227,1417284,2073104,205149,443607,1417284,2066040,4139144,433
6890,10274,13357,43679,67310,8463,14102,43679,66244,133554,0
2262,257979,567545,15102,840626,244223,569105,15102,828430,1669056,164620
5286,26319,73763,48247,148329,24612,73059,48247,145918,294247,0
8527,44238,37858,5717,87813,46824,38055,5717,90596,178409,0
6388,28006,45920,14543,88469,27871,46042,14543,88456,176925,0
8836,2203,869,0,3072,2413,876,0,3289,6361,0
2199,56122,46760,493,103375,53388,46735,493,100616,203991,0
1699,3105,196,1485,4786,3052,202,1485,4739,9525,0
7379,114,61,5,180,72,61,5,138,318,0
4535,16209,23672,484,40365,17315,24600,484,42399,82764,0
9997,57772,28953,31395,118120,56660,28946,31395,117001,235121,3480
9175,288,94,0,382,300,94,0,394,776,0
2666,5289,2716,184,8189,5536,2746,184,8466,16655,0
1548,456535,975176,1565000,2996711,502845,976870,1565000,3044715,6041426,167186
1562,28354,52234,25246,105834,24240,52326,25246,101812,207646,0
3252,644,46,1896,2586,983,53,1896,2932,5518,0
2672,32878,23577,5395,61850,33299,23418,5395,62112,123962,0
3534,38744,110002,8139,156885,39995,109594,8139,157728,314613,0
2002,9707,2042,3668,15417,11625,2868,3668,18161,33578,0
3590,253,81,104,438,336,159,104,599,1037,0
3592,640,1809,73,2522,730,1939,73,2742,5264,0
3536,127,527,0,654,160,576,0,736,1390,0
5914,36118,28770,35153,100041,37872,29188,35153,102213,202254,19367
3537,7021,23965,2486,33472,6857,24189,2486,33532,67004,102930
3586,5966,6539,1748,14253,5793,7746,1748,15287,29540,0
2341,84778,113803,4865,203446,87280,117325,4865,209470,412916,0
2340,39847,43304,14515,97666,40584,44846,14515,99945,197611,142
5290,11617,6671,37082,55370,11669,6905,37082,55656,111026,0
3538,14251,42969,1083,58303,14024,43721,1083,58828,117131,0
5751,5217,9425,956,15598,5111,10051,956,16118,31716,0
6973,45635,41858,221551,309044,37312,41738,221551,300601,609645,0
5059,32742,34293,173332,240367,30860,34456,173332,238648,479015,0
3572,57,245,0,302,50,266,0,316,618,0
5239,71534,141426,75909,288869,66909,137572,75909,280390,569259,70315
5604,113879,165570,483707,763156,115820,165322,483707,764849,1528005,0
6821,32775,30393,87760,150928,37033,30725,87760,155518,306446,0
5073,101385,136093,484255,721733,98177,136285,484255,718717,1440450,0
2248,87841,87897,1560,177298,94244,87874,1560,183678,360976,0
6110,72473,131892,237714,442079,70086,139092,237714,446892,888971,0
1268,168382,321984,87313,577679,175921,314460,87313,577694,1155373,163396
5670,318180,408703,397042,1123925,323970,405425,397042,1126437,2250362,233390
6287,2423,2029,46,4498,2135,2030,46,4211,8709,0
2983,79367,161295,111721,352383,68300,167527,111721,347548,699931,28608
6140,30662,71353,24856,126871,35500,73218,24856,133574,260445,0
6968,15826,22837,94195,132858,15432,22850,94195,132477,265335,0
7458,105338,107642,215730,428710,104638,107809,215730,428177,856887,0
2159,130,8,5,143,171,7,5,183,326,0
6834,2129636,405234,45244,2580114,2338258,406708,45244,2790210,5370324,19583
6833,39845,43028,92702,175575,42827,43213,92702,178742,354317,11434
5228,51673,122646,270131,444450,52368,120022,270131,442521,886971,0
3250,30598,5824,14376,50798,27467,5805,14376,47648,98446,0
8221,27350,22384,14077,63811,27076,23626,14077,64779,128590,0
3413,9730,13692,18415,41837,9531,15185,18415,43131,84968,0
1977,3511,2861,5671,12043,4811,2889,5671,13371,25414,0
1043,23378,29554,278,53210,26146,29543,278,55967,109177,0
8469,129673,77261,41268,248202,137695,78045,41268,257008,505210,0
9842,43585,41014,43759,128358,50266,40981,43759,135006,263364,0
6092,478461,810676,699190,1988327,483072,797444,699190,1979706,3968033,267790
9553,19950,17356,8082,45388,22478,17344,8082,47904,93292,0
1386,2505,3201,3884,9590,2501,3160,3884,9545,19135,0
9554,30003,31671,32614,94288,37471,31678,32614,101763,196051,0
9888,274860,531454,170544,976858,269429,502917,170544,942890,1919748,119316
2771,294878,688531,145406,1128815,290526,673011,145406,1108943,2237758,550647
7513,10177,12809,7345,30331,11986,12817,7345,32148,62479,0
8451,5339,3323,1471,10133,6043,3301,1471,10815,20948,0
7975,11975,14530,3703,30208,14737,14704,3703,33144,63352,28
1467,28634,35794,91009,155437,30975,35767,91009,157751,313188,0
6934,41066,29885,87862,158813,38434,29712,87862,156008,314821,0
1314,204153,512741,68757,785651,209607,513478,68757,791842,1577493,138046
1316,137,373,15,525,384,418,15,817,1342,0
5248,12607,10466,41496,64569,26702,11786,41496,79984,144553,0
1454,26889,37267,121601,185757,22354,40545,121601,184500,370257,0
5240,9798,21884,49929,81611,11744,21301,49929,82974,164585,0
8964,66751,82278,54810,203839,77404,80122,54810,212336,416175,0
4770,13725,19989,9745,43459,15290,20423,9745,45458,88917,0
5606,84310,127942,400867,613119,80551,128174,400867,609592,1222711,0
4646,79346,128495,22457,230298,66467,124967,22457,213891,444189,237679
4643,34404,61845,27062,123311,42987,65340,27062,135389,258700,0
7355,93556,75356,100998,269910,99418,75344,100998,275760,545670,8578
9555,8784,17816,0,26600,9689,17860,0,27549,54149,0
6969,585419,1042745,4883920,6512084,647233,1046685,4883920,6577838,13089922,363039
4558,65830,188987,18260,273077,58118,184500,18260,260878,533955,379
8673,3097,779,0,3876,2989,991,0,3980,7856,0
5607,70773,120145,301004,491922,65211,119937,301004,486152,978074,38
5383,133064,120429,612526,866019,122529,122761,612526,857816,1723835,223573
5384,188096,238408,1074861,1501365,179065,239423,1074861,1493349,2994714,95781
5435,145859,178582,683183,1007624,134798,178595,683183,996576,2004200,0
8543,8758,6134,191,15083,6844,6075,191,13110,28193,0
2834,603,1940,625,3168,671,1820,625,3116,6284,0
8674,448,108,0,556,484,106,0,590,1146,0
5191,100567,125582,154644,380793,104560,124399,154644,383603,764396,365393
4771,35604,87749,33080,156433,38482,88495,33080,160057,316490,0
5029,11444,10389,18465,40298,11023,10466,18465,39954,80252,0
2868,987,632,326,1945,759,660,326,1745,3690,0
7098,20400,49884,60551,130835,18410,50709,60551,129670,260505,0
1483,1307,1148,4550,7005,1679,1160,4550,7389,14394,0
1484,2292,2795,7982,13069,3678,2911,7982,14571,27640,0
4157,8,25,0,33,9,25,0,34,67,0
9959,14969,16822,8723,40514,17483,16822,8723,43028,83542,0
5608,48067,48080,84328,180475,47993,48201,84328,180522,360997,0
7640,64351,94257,16622,175230,64951,93731,16622,175304,350534,8997
5155,22858,25117,124078,172053,19454,25144,124078,168676,340729,0
5671,98998,108247,101224,308469,103260,108265,101224,312749,621218,0
5675,1912,2072,4886,8870,4781,2110,4886,11777,20647,0
5571,688204,1104606,2697525,4490335,702056,1096977,2697525,4496558,8986893,745503
5385,466154,661005,1899069,3026228,456679,660467,1899068,3016214,6042442,599728
1044,115057,163507,7845,286409,120051,163818,7845,291714,578123,0
5436,20025,10033,88550,118608,21506,10019,88550,120075,238683,0
1861,23904,22148,13979,60031,23269,22122,13979,59370,119401,0
5249,1017,518,331,1866,1228,522,331,2081,3947,0
5075,113160,180673,368434,662267,116929,181318,368434,666681,1328948,172064
5156,14557,18460,48825,81842,14862,19750,48825,83437,165279,0
4222,206877,515824,67214,789915,202161,512977,67214,782352,1572267,133895
5920,66569,62898,83427,212894,66380,64076,83427,213883,426777,0
5884,10713,15744,16619,43076,12033,16328,16619,44980,88056,0
5933,13253,10455,18701,42409,13603,10579,18701,42883,85292,0
6355,2260,227,124,2611,2407,209,124,2740,5351,0
3333,241584,613207,396927,1251718,254744,612103,396927,1263774,2515492,136858
6228,353,30,45,428,331,34,45,410,838,0
2800,8973,19023,8989,36985,9064,20462,8989,38515,75500,0
6686,48666,56379,23082,128127,50840,56429,23082,130351,258478,3094
5437,146744,197002,728214,1071960,142454,196925,728214,1067593,2139553,0
5085,35287,47257,169120,251664,31543,47617,169120,248280,499944,0
5609,41430,48381,199505,289316,55473,48387,199505,303365,592681,0
1900,32485,20196,19885,72566,31158,20289,19885,71332,143898,0
3195,3940,2955,2283,9178,3789,3050,2283,9122,18300,0
5386,21695,27660,61566,110921,21770,27887,61566,111223,222144,0
3880,49752,39877,40956,130585,54853,39874,40956,135683,266268,0
8676,4443,864,1015,6322,4450,6734,1015,12199,18521,0
4479,1066,1524,811,3401,1606,1523,811,3940,7341,0
4355,1639,5711,670,8020,3055,5729,670,9454,17474,0
2463,485,15,26,526,605,16,26,647,1173,0
1010,34809,54708,371,89888,32966,54607,371,87944,177832,0
1322,107953,153008,117297,378258,115872,155933,117297,389102,767360,90090
3151,22140,28261,33728,84129,26910,29341,33728,89979,174108,0
5387,16531,30674,57476,104681,18589,30787,57476,106852,211533,0
3471,122670,313044,42892,478606,117580,312572,42892,473044,951650,61059
8727,3795,919,0,4714,4382,909,0,5291,10005,0
5572,193894,274975,690880,1159749,181706,274918,690880,1147504,2307253,143431
7521,14,21,0,35,28,22,0,50,85,0
3430,34579,103726,42685,180990,33557,107678,42685,183920,364910,0
4691,111357,227660,44348,383365,122979,230627,44348,397954,781319,13952
5837,10761,22500,9329,42590,8940,24640,9329,42909,85499,0
4110,11068,30345,10,41423,12876,30289,10,43175,84598,0
5193,14450,25861,36742,77053,21370,26151,36742,84263,161316,0
5610,54515,92847,294000,441362,53522,92983,294000,440505,881867,0
3152,60522,71542,111424,243488,61307,73244,111424,245975,489463,0
2264,18589,28288,286,47163,18170,27561,286,46017,93180,0
4523,25459,47234,890,73583,24301,46907,890,72098,145681,0
4538,1893,1671,409,3973,2433,2142,409,4984,8957,0
3153,80043,46070,117626,243739,86110,46356,117626,250092,493831,0
6949,22837,20469,73760,117066,21553,20573,73760,115886,232952,0
7203,21204,67553,13463,102220,22074,68517,13463,104054,206274,0
8191,20900,34753,17941,73594,22121,34604,17941,74666,148260,0
7976,76992,86899,40310,204201,74883,86965,40310,202158,406359,68129
6530,38841,58587,25867,123295,42008,58752,25867,126627,249922,758
6531,0,18,0,18,43,18,0,61,79,0
5849,363,495,490,1348,378,504,490,1372,2720,0
9812,19564,14379,16970,50913,27536,14378,16970,58884,109797,0
6210,258,133,0,391,282,134,0,416,807,0
5388,142955,237950,806968,1187873,131686,238563,806968,1177217,2365090,0
9825,4210,2552,1661,8423,5530,2552,1661,9743,18166,0
7460,83986,90371,195893,370250,72760,90631,195893,359284,729534,0
6267,342,113,15,470,375,117,15,507,977,0
6857,10738,14825,38266,63829,12101,14921,38266,65288,129117,261842
5491,196814,376118,545079,1118011,224205,359318,545079,1128602,2246613,629230
5028,137,307,96,540,118,305,96,519,1059,0
6203,1003,7,15,1025,1072,10,15,1097,2122,0
8282,7872,14749,3629,26250,10234,14764,3629,28627,54877,0
8677,9684,6848,0,16532,9342,7032,0,16374,32906,0
7356,8958,2447,1749,13154,8399,2453,1749,12601,25755,0
7462,109264,110002,165648,384914,100184,109918,165648,375750,760664,2999
1035,25305,38059,2789,66153,23735,38004,2789,64528,130681,0
3154,44717,47773,107160,199650,45718,48720,107160,201598,401248,0
1159,23001,38782,752,62535,22537,38790,752,62079,124614,0
4025,3663,5952,2026,11641,5868,5954,2026,13848,25489,0
5798,30077,37071,36420,103568,27615,41182,36420,105217,208785,0
3474,26602,100746,7220,134568,26892,101080,7220,135192,269760,0
2677,68451,70078,27222,165751,75244,70188,27222,172654,338405,0
5573,36070,56687,144888,237645,35200,56853,144888,236941,474586,0
3897,6016,11371,2822,20209,12431,11364,2822,26617,46826,0
5229,342763,570198,1156032,2068993,328598,561831,1156032,2046461,4115454,542392
4271,5451,7542,2706,15699,4979,7535,2706,15220,30919,0
4432,141,380,10,531,193,383,10,586,1117,0
3882,9539,19406,11223,40168,14110,19425,11223,44758,84926,0
5389,74426,89026,370250,533702,57879,90534,370250,518663,1052365,0
5758,18363,49678,9026,77067,18358,51702,9026,79086,156153,0
3434,21253,115995,15237,152485,21450,118348,15237,155035,307520,356
3432,13457,17863,37044,68364,14425,19739,37044,71208,139572,0
3558,35172,161116,18172,214460,35797,164971,18172,218940,433400,0
6951,577804,405858,696947,1680609,531453,407028,696947,1635428,3316037,108386
5921,39639,42895,56571,139105,42778,44088,56571,143437,282542,0
2283,33877,61048,4422,99347,37630,61026,4422,103078,202425,0
2969,9351,5045,3259,17655,6962,6814,3259,17035,34690,0
3887,98761,148877,66146,313784,105116,148721,66146,319983,633767,0
3886,12237,36000,7046,55283,26497,36005,7046,69548,124831,0
3888,4370,6040,4010,14420,4285,6046,4010,14341,28761,0
3889,67535,124059,65730,257324,43865,123971,65730,233566,490890,0
3891,14026,18852,13367,46245,11641,18862,13367,43870,90115,0
7225,8220,3662,3355,15237,7925,3636,3355,14916,30153,0
1393,68626,83440,121391,273457,64517,93888,121391,279796,553253,823
4276,4451,5944,761,11156,7168,5941,761,13870,25026,0
9562,100366,88308,82381,271055,120051,88316,82381,290748,561803,3876
3348,105075,123478,62195,290748,108452,123382,62195,294029,584777,2441
3540,112549,296061,27772,436382,112752,279568,27772,420092,856474,76562
8837,957,256,0,1213,827,274,0,1101,2314,0
5390,140553,111500,489606,741659,119674,113408,489606,722688,1464347,564912
5230,253706,521550,940391,1715647,249731,544535,940391,1734657,3450304,26815
6952,27010,49144,145730,221884,25987,49168,145730,220885,442769,0
1783,11079,5472,1340,17891,12011,5565,1340,18916,36807,0
5574,387588,772180,1281731,2441499,408476,770615,1281731,2460822,4902321,422213
3155,121278,223771,262125,607174,117573,221885,262125,601583,1208757,421370
2439,780,920,207,1907,733,931,207,1871,3778,0
3817,11188,3397,11623,26208,11352,3386,11623,26361,52569,0
4357,83,159,191,433,188,172,191,551,984,0
8728,2,2,0,4,11,2,0,13,17,0
4518,19855,11436,650,31941,19213,11428,650,31291,63232,4558
4433,13745,19291,16490,49526,14443,19282,16490,50215,99741,0
5334,21350,31667,77456,130473,24737,30691,77456,132884,263357,4896
9776,116059,79481,110604,306144,119372,79478,110604,309454,615598,0
6211,2309,1187,679,4175,2781,1191,679,4651,8826,0
8261,1540,72,749,2361,1608,67,749,2424,4785,0
2010,28792,32996,11061,72849,30372,33162,11061,74595,147444,0
5826,1003,4634,398,6035,967,5164,398,6529,12564,0
4504,185729,399977,16809,602515,173648,397819,16809,588276,1190791,0
9373,49768,34678,38237,122683,52009,37803,38237,128049,250732,0
2364,5575,2184,340,8099,6179,2178,340,8697,16796,0
7464,224470,280426,771057,1275953,211677,279796,771057,1262530,2538483,337136
5613,12412,10336,46390,69138,11990,10352,46390,68732,137870,0
1524,7638,14212,80150,102000,9663,14277,80150,104090,206090,0
8838,2500,1249,0,3749,2522,1258,0,3780,7529,13
5391,44114,65505,185073,294692,46702,65923,185073,297698,592390,6
2141,4488,1489,280,6257,4930,1509,280,6719,12976,0
5967,5909,8168,2327,16404,6647,8366,2327,17340,33744,25722
2938,25577,50247,23417,99241,21091,54122,23417,98630,197871,0
1342,27926,19127,5192,52245,29776,19492,5192,54460,106705,0
2440,3402,1916,3407,8725,3561,1931,3407,8899,17624,0
5597,461584,907235,3900420,5269239,393872,904979,3900420,5199271,10468510,0
5676,73645,85493,68687,227825,71132,85201,68687,225020,452845,77870
5392,33071,49550,222357,304978,33840,49616,222357,305813,610791,0
5231,24437,59433,121152,205022,24328,62859,121152,208339,413361,0
6268,6478,3239,21965,31682,8716,3255,21965,33936,65618,0
8584,111,165,18,294,255,202,18,475,769,61295
8591,406899,464240,61528,932667,416506,467280,61528,945314,1877981,73025
2612,24501,37348,17291,79140,19333,41007,17291,77631,156771,0
2154,75464,74453,529,150446,79107,74456,529,154092,304538,0
2265,67694,60261,1018,128973,64106,60267,1018,125391,254364,0
5394,125959,192358,647313,965630,116303,192223,647313,955839,1921469,0
9365,29044,12351,23955,65350,30463,16051,23955,70469,135819,0
5041,23726,36276,64237,124239,28335,37733,64237,130305,254544,0
1216,98438,189129,4523,292090,97566,189149,4523,291238,583328,14691
2665,29984,16198,12872,59054,31745,16400,12872,61017,120071,0
6823,82555,60806,207210,350571,86131,61444,207210,354785,705356,0
6953,99371,235666,857445,1192482,73040,234076,857445,1164561,2357043,0
7407,5666,4007,20245,29918,8243,4114,20245,32602,62520,0
2251,28972,26691,779,56442,29348,26645,779,56772,113214,0
6858,9562,30036,20088,59686,7817,30346,20088,58251,117937,0
5575,262577,298431,525950,1086958,267518,297022,525950,1090490,2177448,0
5639,8087,8277,11571,27935,5762,11273,11571,28606,56541,0
5395,133473,128863,434986,697322,115891,128937,434986,679814,1377136,0
5372,20892,11366,52040,84298,16284,11408,52040,79732,164030,0
5576,158060,147711,554279,860050,161799,148350,554279,864428,1724478,0
7408,4720,11359,72906,88985,6334,11493,72906,90733,179718,0
5264,6192,4226,11027,21445,7110,4248,11027,22385,43830,0
6824,108900,100153,206924,415977,106887,100456,206924,414267,830244,0
5959,40427,82239,24414,147080,37701,86067,24414,148182,295262,0
3158,6100,8293,15025,29418,7428,9295,15025,31748,61166,0
5505,41808,82876,22880,147564,46647,84356,22880,153883,301447,9723
5316,970,696,2981,4647,1134,661,2981,4776,9423,0
2384,150092,220690,39553,410335,164257,216336,39553,420146,830481,261752
2390,193899,209479,75666,479044,204470,209563,75666,489699,968743,85697
4600,65429,83296,30831,179556,70689,84998,30831,186518,366074,0
8530,50700,113297,29907,193904,48671,114147,29907,192725,386629,0
1121,10223,2424,6330,18977,11505,2512,6330,20347,39324,0
7079,26707,28623,53912,109242,33385,30742,53912,118039,227281,0
5241,6935,6755,10990,24680,8984,6983,10990,26957,51637,0
2133,149847,173384,1954,325185,168989,173288,1954,344231,669416,0
1455,63825,104101,81887,249813,60575,104136,81887,246598,496411,0
1402,485693,897982,833906,2217581,509048,897593,833907,2240548,4458129,566815
1403,7372,7156,26043,40571,7307,8572,26043,41922,82493,0
7057,9893,18981,15197,44071,12037,19945,15197,47179,91250,0
6095,11365,9660,31139,52164,12426,11837,31139,55402,107566,0
3796,3966,4234,2471,10671,4325,4240,2471,11036,21707,0
8589,47935,42658,2949,93542,48546,42890,2949,94385,187927,0
1357,101,21,0,122,122,24,0,146,268,0
6859,1550,2317,3333,7200,4153,2497,3333,9983,17183,0
8509,11005,9075,6583,26663,11693,10495,6583,28771,55434,0
6073,17904,12683,33055,63642,22918,15319,33055,71292,134934,0
5128,132228,145554,746018,1023800,118208,145866,746018,1010092,2033892,0
1940,76826,139091,220790,436707,84523,139878,220790,445191,881898,115
4690,86368,57584,38009,181961,86006,59051,38009,183066,365027,0
4434,9942,26630,1166,37738,12067,27234,1166,40467,78205,0
6183,261001,321094,577951,1160046,268606,315601,577951,1162158,2322204,87320
6096,50645,58556,102645,211846,54069,59604,102645,216318,428164,0
1347,13590,21471,6333,41394,13359,21432,6333,41124,82518,0
1423,44142,119858,212532,376532,42282,119552,212532,374366,750898,0
1509,13403,51412,21494,86309,22700,51689,21494,95883,182192,0
9673,42473,21282,18164,81919,45608,21255,18164,85027,166946,0
1466,43830,60427,96773,201030,45205,60666,96773,202644,403674,0
2681,912,514,5,1431,894,518,5,1417,2848,0
2266,7350,6759,261,14370,6529,6924,261,13714,28084,0
8875,58336,65114,136232,259682,54615,68252,136232,259099,518781,0
5684,112389,129040,238993,480422,116526,128531,238993,484050,964472,0
9250,20444,14913,11960,47317,21593,15671,11960,49224,96541,0
5411,223045,305772,936810,1465627,201919,306365,936810,1445094,2910721,84967
3174,90739,184900,378634,654273,97733,190207,378634,666574,1320847,0
5086,66053,92290,262977,421320,58039,92402,262977,413418,834738,0
3188,48130,83404,407079,538613,48103,85159,407079,540341,1078954,250
7474,89327,57432,483608,630367,107819,57909,483608,649336,1279703,138198
1421,92611,139787,725130,957528,74639,139641,725130,939410,1896938,88630
1525,217157,272446,1071057,1560660,137809,279626,1071057,1488492,3049152,138583
7466,45523,22799,101841,170163,47791,22806,101841,172438,342601,0
9564,31904,30005,22077,83986,37660,30016,22077,89753,173739,0
2201,96812,107023,1555,205390,81541,107112,1555,190208,395598,0
5129,56748,92899,170076,319723,57898,97481,170076,325455,645178,0
5438,98092,111461,504063,713616,92306,111780,504063,708149,1421765,17272
3059,19237,19217,40614,79068,23456,19429,40614,83499,162567,326
7329,5627,1707,647,7981,7198,1700,647,9545,17526,0
5242,8900,14319,10600,33819,12783,14050,10600,37433,71252,0
5293,19140,13326,63253,95719,17764,13509,63253,94526,190245,238
5054,53481,77362,324555,455398,41638,82329,324555,448522,903920,0
5278,42599,99945,122776,265320,41316,99906,122776,263998,529318,0
5712,46940,79259,30255,156454,51018,79900,30255,161173,317627,145361
7476,121564,133611,232847,488022,123501,134022,232847,490370,978392,0
5151,64934,71362,306764,443060,50577,71461,306764,428802,871862,0
5030,3274,6152,11458,20884,3922,5976,11458,21356,42240,0
9231,5243,2226,1969,9438,5263,2245,1969,9477,18915,0
7226,2046,1396,619,4061,2389,1392,619,4400,8461,1683
9998,120622,94778,89639,305039,125923,94781,89639,310343,615382,30727
5195,13898,20722,68752,103372,15379,20423,68752,104554,207926,0
2619,14179,32677,11943,58799,12187,35529,11943,59659,118458,0
3388,9589,3119,4285,16993,9326,3206,4285,16817,33810,0
3391,105898,229064,93942,428904,104746,230185,93942,428873,857777,4332
7572,2981,2585,306,5872,3099,2585,306,5990,11862,0
5577,301454,228370,499836,1029660,320353,227496,499836,1047685,2077345,417198
5965,63928,232360,18864,315152,58466,230174,18864,307504,622656,2082
2772,10561,22532,9317,42410,10673,22571,9317,42561,84971,0
2736,17379,8772,3646,29797,19487,8892,3646,32025,61822,0
1585,3302,3291,286,6879,3439,3292,286,7017,13896,0
9753,44560,34347,28052,106959,49608,34348,28052,112008,218967,3611
5759,7963,11924,2841,22728,9396,11993,2841,24230,46958,0
9665,7624,6924,1254,15802,8839,6924,1254,17017,32819,0
2161,30726,37735,1756,70217,28183,35519,1756,65458,135675,0
8184,11406,19911,32454,63771,11401,19802,32454,63657,127428,0
3896,1005,1178,683,2866,1158,1179,683,3020,5886,0
5527,16364,20455,64487,101306,16210,22900,64487,103597,204903,0
1348,11815,17829,12089,41733,13731,17937,12089,43757,85490,0
6956,26854,92692,163068,282614,33932,92792,163068,289792,572406,0
6846,643,1299,7262,9204,2162,1340,7262,10764,19968,0
9777,58698,36472,38922,134092,64132,36468,38922,139522,273614,0
2048,48717,36444,10012,95173,49282,36789,10012,96083,191256,0
4111,9290,11186,1088,21564,9480,11240,1088,21808,43372,1384
8130,377,8,232,617,896,8,232,1136,1753,0
4539,4145,4435,245,8825,9588,4863,245,14696,23521,0
5196,49079,110691,224442,384212,55537,109525,224442,389504,773716,0
7187,3759,2416,4803,10978,3884,2483,4803,11170,22148,0
7047,28164,31812,86695,146671,28760,32408,86695,147863,294534,0
5611,103089,140153,370160,613402,94124,140158,370160,604442,1217844,0
6551,3706,5667,611,9984,3321,5669,611,9601,19585,0
5396,26115,34529,95611,156255,23923,34771,95611,154305,310560,0
5439,9264,10069,24063,43396,8594,10158,24063,42815,86211,0
8680,4514,5469,0,9983,3933,3405,0,7338,17321,0
6891,156437,194491,570568,921496,162348,193902,570568,926818,1848314,231101
7227,4933,4583,2948,12464,5215,4576,2948,12739,25203,0
7695,1158,42,1611,2811,1063,38,1611,2712,5523,0
2391,61573,48351,18991,128915,68148,48580,18991,135719,264634,0
4528,28786,31262,878,60926,26516,31141,878,58535,119461,0
2363,92568,157604,21370,271542,97748,153653,21370,272771,544313,331395
2406,161053,417064,68774,646891,162717,406646,68774,638137,1285028,73883
2098,17034,1957,2474,21465,19337,1962,2474,23773,45238,0
3965,2271,2551,959,5781,2159,2550,959,5668,11449,0
1457,112858,121609,502426,736893,113123,120192,502426,735741,1472634,241551
9781,36916,26161,46486,109563,42335,26110,46486,114931,224494,0
1905,3884,2569,889,7342,3817,2657,889,7363,14705,0
4568,3490,2007,660,6157,6444,2186,660,9290,15447,0
2774,107528,94093,49648,251269,104005,94472,49648,248125,499394,20521
1056,4729,2452,10818,17999,5920,2549,10818,19287,37286,0
5578,1057252,1582365,5325029,7964646,1062099,1583307,5325029,7970435,15935081,641422
5612,16354,33098,145587,195039,17892,33365,145587,196844,391883,0
5042,82,207,505,794,106,219,505,830,1624,0
5924,315335,658204,763611,1737150,306549,658036,763611,1728196,3465346,90405
5528,28864,38679,80636,148179,28254,40463,80636,149353,297532,0
6024,75671,110483,410691,596845,74225,110492,410691,595408,1192253,0
1978,33451,96333,10250,140034,30645,95622,10250,136517,276551,0
3175,158583,351175,200923,710681,161478,350247,200923,712648,1423329,27287
5672,146870,304966,105476,557312,146561,304297,105476,556334,1113646,40800
5697,53430,65291,78762,197483,52291,66587,78762,197640,395123,0
5698,48445,33181,56712,138338,46181,33680,56712,136573,274911,0
2269,11707,25363,1705,38775,12393,25648,1705,39746,78521,0
9694,47426,32900,41506,121832,50014,32902,41506,124422,246254,0
6844,154815,243175,774633,1172623,145545,249817,774633,1169995,2342618,117064
5640,21957,19571,52297,93825,25790,20060,52297,98147,191972,0
1011,8913,28130,76,37119,12051,28105,76,40232,77351,0
5341,31872,60185,133313,225370,31546,61026,133313,225885,451255,24467
6860,21191,51317,93023,165531,20102,52138,93023,165263,330794,970
1539,3797,8881,6441,19119,3901,9658,6441,20000,39119,0
5685,806140,1081124,1471538,3358802,849086,1051842,1471538,3372466,6731268,1393834
5696,259440,379820,339031,978291,243326,389876,339031,972233,1950524,114534
5440,21416,25771,69124,116311,24599,25759,69124,119482,235793,0
1218,339121,777332,91232,1207685,332996,768042,91232,1192270,2399955,274877
1364,16087,26788,99920,142795,16747,28350,99920,145017,287812,0
6688,23742,30366,5702,59810,31294,30407,5702,67403,127213,0
4536,2010,1586,2396,5992,2751,2605,2396,7752,13744,0
6954,45618,69583,213096,328297,42853,69570,213096,325519,653816,0
7228,15862,23002,7535,46399,15646,27885,7535,51066,97465,0
7467,5298,9824,71584,86706,5635,9846,71584,87065,173771,0
9639,8040,5981,3446,17467,7865,5980,3446,17291,34758,0
6732,3652,2124,1429,7205,3914,2124,1429,7467,14672,0
8578,54756,27343,19381,101480,48738,27124,19381,95243,196723,0
2835,5143,6972,2637,14752,3808,7613,2637,14058,28810,0
5441,21111,23647,128902,173660,18025,23814,128902,170741,344401,0
2773,13056,21469,17916,52441,11120,23705,17916,52741,105182,0
5960,22910,40929,10309,74148,24839,41896,10309,77044,151192,0
5925,17733,10303,16033,44069,18110,10672,16033,44815,88884,0
5152,235969,327806,804008,1367783,187170,327872,804008,1319050,2686833,0
5153,24385,25060,130918,180363,32492,25418,130918,188828,369191,0
4540,1594,961,1224,3779,2050,1158,1224,4432,8211,0
4893,217062,239401,184239,640702,210500,237944,184239,632683,1273385,110528
5579,158254,250049,944800,1353103,140434,249943,944800,1335177,2688280,0
4891,121278,110869,70111,302258,110204,110183,70111,290498,592756,82299
2040,35757,21332,9143,66232,36853,21207,9143,67203,133435,0
6574,88289,87593,38475,214357,85950,87700,38475,212125,426482,17030
3390,31819,16644,11236,59699,30706,16758,11236,58700,118399,0
5686,14464,7111,57885,79460,14730,7017,57885,79632,159092,0
7326,4490,901,842,6233,7242,909,842,8993,15226,0
5279,190250,570427,376565,1137242,201526,563562,376565,1141653,2278895,164358
6907,1780,2267,6884,10931,2224,2355,6884,11463,22394,0
5673,6538,5560,12264,24362,13636,5657,12264,31557,55919,0
1350,1365,2209,227,3801,1550,2205,227,3982,7783,0
8123,166,76,122,364,132,73,122,327,691,0
4486,4033,4490,267,8790,6441,4959,267,11667,20457,0
4487,107234,102304,10917,220455,102622,102474,10917,216013,436468,7777
5031,14776,24063,35567,74406,18631,23943,35567,78141,152547,0
7514,13232,25390,6476,45098,16734,25385,6476,48595,93693,0
1138,45715,61766,4549,112030,45534,61779,4549,111862,223892,0
7383,24085,21378,9403,54866,24021,21320,9403,54744,109610,0
4532,6110,6638,2549,15297,6207,7314,2549,16070,31367,0
5232,3429,4452,6050,13931,5140,4809,6050,15999,29930,0
4537,38641,41054,1106,80801,38436,41134,1106,80676,161477,0
7917,24396,19499,3447,47342,28715,20460,3447,52622,99964,0
3380,44487,26718,27004,98209,46324,27050,27004,100378,198587,0
3392,55496,48835,36766,141097,55724,49687,36766,142177,283274,0
5827,1473,1565,675,3713,1569,1744,675,3988,7701,0
5838,22883,67919,5835,96637,20838,71488,5835,98161,194798,0
5856,15087,33350,2509,50946,15812,33376,2509,51697,102643,0
5857,1045,1992,266,3303,1106,1990,266,3362,6665,0
3818,1767,2025,673,4465,1938,2025,673,4636,9101,0
9990,23022,16897,13744,53663,25946,16899,13744,56589,110252,0
8263,773848,1860390,557464,3191702,746911,1867310,557464,3171685,6363387,917777
1351,1615,1243,147,3005,1498,1235,147,2880,5885,0
4026,27743,43014,38748,109505,30379,42987,38748,112114,221619,0
3871,8188,13347,2544,24079,9446,13365,2544,25355,49434,0
