NLC,Entries Full,Entries Reduced,Entries Season,Entries Total,Exits Full,Exits Reduced,Exits Season,Exits Total,0809 Entries & Exits,0809 Interchanges
5131,196743,348317,969528,1514588,196743,348317,969528,1514588,3029176,0
3813,24043,22754,49293,96090,24043,22754,49293,96090,192180,0
3801,29464,42031,25587,97082,29464,42031,25587,97082,194164,28775
3982,67730,117510,67762,253002,67730,117510,67762,253002,506004,0
8976,424687,681147,178571,1284405,424687,681147,178571,1284405,2568810,162526
9090,18696,28067,17274,64037,18696,28067,17274,64037,128074,0
4435,9774,2895,40,12709,9774,2895,40,12709,25418,0
4440,599,30,0,629,599,30,0,629,1258,0
3602,44257,90701,23035,157993,44257,90701,23035,157993,315986,0
2448,9262,21979,3907,35148,9262,21979,3907,35148,70296,0
4303,62526,73085,1094,136705,62526,73085,1094,136705,273410,0
2552,81108,37397,19321,137826,81108,37397,19321,137826,275652,0
8600,97,18,0,115,97,18,0,115,230,0
8601,1058,543,0,1601,1058,543,0,1601,3202,0
8602,232,91,0,323,232,91,0,323,646,0
7662,219,15,155,389,219,15,155,389,778,0
7286,9952,12442,2988,25382,9952,12442,2988,25382,50764,0
4529,39724,49261,102864,191849,39724,49261,102864,191849,383698,0
2287,2574,897,3769,7240,2574,897,3769,7240,14480,0
1404,33635,62010,460426,556071,33635,62010,460426,556071,1112142,0
3000,20587,20344,127123,168054,20587,20344,127123,168054,336108,0
1036,3689,5275,6066,15030,3689,5275,6066,15030,30060,0
9310,3148,2488,1870,7506,3148,2488,1870,7506,15012,0
5550,59394,45950,96020,201364,59394,45950,96020,201364,402728,0
5160,4110,7435,12956,24501,4110,7435,12956,24501,49002,0
2939,3850,3004,1258,8112,3850,3004,1258,8112,16224,0
2641,23737,10189,11637,45563,23737,10189,11637,45563,91126,0
8353,55553,29218,42222,126993,55553,29218,42222,126993,253986,0
2255,100167,182463,98051,380681,100167,182463,98051,380681,761362,0
2350,111734,276106,111379,499219,111734,276106,111379,499219,998438,0
2125,143925,334804,146973,625702,143925,334804,146973,625702,1251404,0
9695,24019,19146,10597,53762,24019,19146,10597,53762,107524,0
9759,168201,142173,223318,533692,168201,142173,223318,533692,1067384,0
5132,62735,65552,356393,484680,62735,65552,356393,484680,969360,0
4614,13243,11892,13473,38608,13243,11892,13473,38608,77216,0
2760,34686,32302,19370,86358,34686,32302,19370,86358,172716,0
3145,9434,9159,13807,32400,9434,9159,13807,32400,64800,0
5623,192743,287902,240090,720735,192743,287902,240090,720735,1441470,169470
5280,15781,25500,34183,75464,15781,25500,34183,75464,150928,0
6025,66906,100743,361207,528856,66906,100743,361207,528856,1057712,7346
9905,28884,19004,16349,64237,28884,19004,16349,64237,128474,0
9861,56353,55482,54816,166651,56353,55482,54816,166651,333302,0
1805,35637,30677,13111,79425,35637,30677,13111,79425,158850,0
7520,14325,8065,11089,33479,14325,8065,11089,33479,66958,0
9883,38913,101245,27669,167827,38913,101245,27669,167827,335654,0
8605,4357,1568,936,6861,4357,1568,936,6861,13722,0
7787,19231,57666,21714,98611,19231,57666,21714,98611,197222,452
6847,4707,4678,16059,25444,4707,4678,16059,25444,50888,0
1223,10774,4849,2048,17671,10774,4849,2048,17671,35342,0
6869,3875,3129,14205,21209,3875,3129,14205,21209,42418,0
6532,1519,2282,652,4453,1519,2282,652,4453,8906,0
8606,88,18,0,106,88,18,0,106,212,0
5544,72658,108626,144053,325337,72658,108626,144053,325337,650674,0
2806,33302,57084,40055,130441,33302,57084,40055,130441,260882,0
1198,33218,13204,21102,67524,33218,13204,21102,67524,135048,0
1678,5956,5937,1041,12934,5956,5937,1041,12934,25868,0
5250,4632,12870,6783,24285,4632,12870,6783,24285,48570,0
506,62392,171121,296370,529883,62392,171121,296370,529883,1059766,0
4236,5480,2768,5,8253,5480,2768,5,8253,16506,0
6358,1432,431,463,2326,1432,431,463,2326,4652,0
9965,86014,26487,168452,280953,86014,26487,168452,280953,561906,0
5510,96854,219918,218682,535454,96854,219918,218682,535454,1070908,809
5397,29633,44576,119570,193779,29633,44576,119570,193779,387558,0
6909,3815,2286,10096,16197,3815,2286,10096,16197,32394,0
5267,63311,160724,115204,339239,63311,160724,115204,339239,678478,0
9451,6011,47955,2317,56283,6011,47955,2317,56283,112566,0
9972,177424,127630,176294,481348,177424,127630,176294,481348,962696,0
2662,10869,5533,1870,18272,10869,5533,1870,18272,36544,0
2052,24546,4586,1820,30952,24546,4586,1820,30952,61904,0
5003,3341,5175,7912,16428,3341,5175,7912,16428,32856,0
3109,1746,2270,1370,5386,1746,2270,1370,5386,10772,0
2396,17017,65841,20220,103078,17017,65841,20220,103078,206156,0
1430,44014,64813,89232,198059,44014,64813,89232,198059,396118,0
9079,77106,87474,40501,205081,77106,87474,40501,205081,410162,117
8613,2814,444,0,3258,2814,444,0,3258,6516,0
9962,725,207,174,1106,725,207,174,1106,2212,0
9453,29180,14905,7260,51345,29180,14905,7260,51345,102690,0
9569,31637,33014,45275,109926,31637,33014,45275,109926,219852,203
9455,3874,3516,2954,10344,3874,3516,2954,10344,20688,0
2960,131,88,68,287,131,88,68,287,574,0
9961,152117,109960,112362,374439,152117,109960,112362,374439,748878,0
8821,1934,1160,0,3094,1934,1160,0,3094,6188,0
6171,49970,60847,96118,206935,49970,60847,96118,206935,413870,0
2054,3184,491,1458,5133,3184,491,1458,5133,10266,0
1963,19097,24731,7329,51157,19097,24731,7329,51157,102314,0
8045,249,560,540,1349,249,560,540,1349,2698,0
9963,2056,2396,567,5019,2056,2396,567,5019,10038,0
5251,22011,66191,42945,131147,22011,66191,42945,131147,262294,0
5666,165908,241730,132897,540535,165908,241730,132897,540535,1081070,258213
3003,457,68,905,1430,457,68,905,1430,2860,0
5641,36619,45346,58885,140850,36619,45346,58885,140850,281700,33826
5547,51270,66432,120577,238279,51270,66432,120577,238279,476558,142833
2941,8454,10413,14396,33263,8454,10413,14396,33263,66526,0
4700,14136,13605,5954,33695,14136,13605,5954,33695,67390,0
9953,11955,9747,4818,26520,11955,9747,4818,26520,53040,0
5667,102398,106226,290726,499350,102398,106226,290726,499350,998700,0
5004,252096,484544,642793,1379433,252096,484544,642793,1379433,2758866,421523
2850,757,1119,494,2370,757,1119,494,2370,4740,0
5347,113813,142482,267817,524112,113813,142482,267817,524112,1048224,0
2790,36632,115763,73039,225434,36632,115763,73039,225434,450868,0
5398,2285,2984,4817,10086,2285,2984,4817,10086,20172,0
5906,12361,14276,17613,44250,12361,14276,17613,44250,88500,0
6083,13202,8175,37077,58454,13202,8175,37077,58454,116908,0
1953,5111,11533,4971,21615,5111,11533,4971,21615,43230,0
6233,5382,1974,1811,9167,5382,1974,1811,9167,18334,0
2095,9266,2305,2199,13770,9266,2305,2199,13770,27540,0
1380,1571,2380,3074,7025,1571,2380,3074,7025,14050,0
1004,40636,70859,59156,170651,40636,70859,59156,170651,341302,42559
1074,2229,1407,1679,5315,2229,1407,1679,5315,10630,0
2584,32184,78200,74217,184601,32184,78200,74217,184601,369202,0
8608,170,66,0,236,170,66,0,236,472,0
1624,13076,1542,4091,18709,13076,1542,4091,18709,37418,0
7367,24385,34976,17671,77032,24385,34976,17671,77032,154064,0
9457,7753,7191,2935,17879,7753,7191,2935,17879,35758,0
7017,73161,104411,205232,382804,73161,104411,205232,382804,765608,2527
2215,19960,25935,16473,62368,19960,25935,16473,62368,124736,0
8610,27266,32275,1004,60545,27266,32275,1004,60545,121090,86
3265,3203,2972,1712,7887,3203,2972,1712,7887,15774,0
3200,18869,1482,10623,30974,18869,1482,10623,30974,61948,0
5714,16899,83007,6889,106795,16899,83007,6889,106795,213590,0
1492,159983,180817,205738,546538,159983,180817,205738,546538,1093076,4291
1090,1421,1721,3379,6521,1421,1721,3379,6521,13042,0
5162,19560,12640,16514,48714,19560,12640,16514,48714,97428,0
5197,13622,18587,12744,44953,13622,18587,12744,44953,89906,0
9463,271510,272275,186162,729947,271510,272275,186162,729947,1459894,36342
2187,18957,27350,5860,52167,18957,27350,5860,52167,104334,0
4186,2543,3501,3209,9253,2543,3501,3209,9253,18506,0
5681,27936,20783,21531,70250,27936,20783,21531,70250,140500,0
8552,47912,33428,28283,109623,47912,33428,28283,109623,219246,0
9763,16968,11050,12699,40717,16968,11050,12699,40717,81434,0
5492,9104,14726,28700,52530,9104,14726,28700,52530,105060,0
6084,63990,72724,99984,236698,63990,72724,99984,236698,473396,0
5399,412133,465017,1665119,2542269,412133,465017,1665119,2542269,5084538,270275
9862,84829,100438,115115,300382,84829,100438,115115,300382,600764,0
9013,62,19,122,203,62,19,122,203,406,0
2561,25663,4106,3432,33201,25663,4106,3432,33201,66402,0
2820,6161,5268,489,11918,6161,5268,489,11918,23836,0
8839,1059,1045,0,2104,1059,1045,0,2104,4208,0
4502,195578,377092,217085,789755,195578,377092,217085,789755,1579510,471027
2471,50340,196400,28617,275357,50340,196400,28617,275357,550714,597
2238,25530,51255,21758,98543,25530,51255,21758,98543,197086,0
5348,9503,5764,42248,57515,9503,5764,42248,57515,115030,0
9466,25551,20415,23067,69033,25551,20415,23067,69033,138066,0
7563,1083,1226,805,3114,1083,1226,805,3114,6228,0
2690,49416,4472,12438,66326,49416,4472,12438,66326,132652,0
9764,14166,11524,17913,43603,14166,11524,17913,43603,87206,0
4011,19365,32662,14375,66402,19365,32662,14375,66402,132804,0
7492,320008,365935,1190848,1876791,320008,365935,1190848,1876791,3753582,180279
5133,14622,15081,42073,71776,14622,15081,42073,71776,143552,0
4445,46009,10955,15379,72343,46009,10955,15379,72343,144686,0
5089,92142,128271,562692,783105,92142,128271,562692,783105,1566210,0
5551,166601,178378,484095,829074,166601,178378,484095,829074,1658148,11641
5580,64455,64774,114724,243953,64455,64774,114724,243953,487906,0
6406,7225,20427,2584,30236,7225,20427,2584,30236,60472,1788
5252,78118,143587,215004,436709,78118,143587,215004,436709,873418,772448
9973,14618,9822,6820,31260,14618,9822,6820,31260,62520,0
6774,185399,256824,217533,659756,185399,256824,217533,659756,1319512,13766
5725,8038,129480,4442,141960,8038,129480,4442,141960,283920,0
1096,47105,28061,32996,108162,47105,28061,32996,108162,216324,29541
9674,98600,76884,127333,302817,98600,76884,127333,302817,605634,0
9467,1472,746,214,2432,1472,746,214,2432,4864,0
6212,1193,143,31,1367,1193,143,31,1367,2734,0
1954,78501,138894,19739,237134,78501,138894,19739,237134,474268,12931
1903,12051,10159,8976,31186,12051,10159,8976,31186,62372,0
3805,73395,99046,67686,240127,73395,99046,67686,240127,480254,0
3806,22860,26270,10843,59973,22860,26270,10843,59973,119946,0
3807,68463,125547,94952,288962,68463,125547,94952,288962,577924,0
9020,43,4,0,47,43,4,0,47,94,0
6207,20641,1970,1767,24378,20641,1970,1767,24378,48756,0
7494,361667,344205,559065,1264937,361667,344205,559065,1264937,2529874,0
5520,497493,995456,911002,2403951,497493,995456,911002,2403951,4807902,678487
5090,13273,14094,24704,52071,13273,14094,24704,52071,104142,0
3271,481083,1376299,521570,2378952,481083,1376299,521570,2378952,4757904,111763
9311,134358,98536,90009,322903,134358,98536,90009,322903,645806,0
8484,39659,37952,40995,118606,39659,37952,40995,118606,237212,0
7909,779,124,0,903,779,124,0,903,1806,0
5420,152333,205221,510086,867640,152333,205221,510086,867640,1735280,49259
5215,38850,107491,140123,286464,38850,107491,140123,286464,572928,0
6870,1796,1540,1950,5286,1796,1540,1950,5286,10572,0
6006,6846,4969,5937,17752,6846,4969,5937,17752,35504,0
3047,169034,183760,285574,638368,169034,183760,285574,638368,1276736,0
2420,376,223,259,858,376,223,259,858,1716,0
9966,94622,70579,83556,248757,94622,70579,83556,248757,497514,0
5091,29811,59842,141120,230773,29811,59842,141120,230773,461546,0
8822,55,45,0,100,55,45,0,100,200,0
5890,618,1168,498,2284,618,1168,498,2284,4568,0
8877,13158,12453,600,26211,13158,12453,600,26211,52422,0
2188,165138,284888,147992,598018,165138,284888,147992,598018,1196036,0
7258,17317,26612,984,44913,17317,26612,984,44913,89826,0
5076,23442,29474,95764,148680,23442,29474,95764,148680,297360,0
5046,166027,274281,893759,1334067,166027,274281,893759,1334067,2668134,46395
1512,189221,669807,740514,1599542,189221,669807,740514,1599542,3199084,27024
1510,1428,2543,3063,7034,1428,2543,3063,7034,14068,0
5538,22211,19842,14787,56840,22211,19842,14787,56840,113680,0
3245,10871,7779,10695,29345,10871,7779,10695,29345,58690,0
1165,9178,1665,3805,14648,9178,1665,3805,14648,29296,0
3070,7667,23302,10890,41859,7667,23302,10890,41859,83718,0
1625,98779,63784,39468,202031,98779,63784,39468,202031,404062,14021
5198,5710,9258,12988,27956,5710,9258,12988,27956,55912,0
2785,1032,3612,1218,5862,1032,3612,1218,5862,11724,0
9895,81864,70291,51351,203506,81864,70291,51351,203506,407012,18394
5062,40091,45929,243264,329284,40091,45929,243264,329284,658568,0
9714,102783,81485,112202,296470,102783,81485,112202,296470,592940,6725
5350,10449,10617,40724,61790,10449,10617,40724,61790,123580,0
1679,20165,18280,8245,46690,20165,18280,8245,46690,93380,0
5227,1322,1549,1928,4799,1322,1549,1928,4799,9598,0
5092,53378,60182,229278,342838,53378,60182,229278,342838,685676,0
8047,1312,2719,1096,5127,1312,2719,1096,5127,10254,0
8564,31323,38181,17784,87288,31323,38181,17784,87288,174576,0
7439,359139,349367,790406,1498912,359139,349367,790406,1498912,2997824,0
2676,7104,1604,416,9124,7104,1604,416,9124,18248,0
5624,15204,12402,32029,59635,15204,12402,32029,59635,119270,0
8352,33171,13439,33284,79894,33171,13439,33284,79894,159788,0
3549,1849,9367,4840,16056,1849,9367,4840,16056,32112,0
3550,435,4178,1013,5626,435,4178,1013,5626,11252,0
1390,165036,226886,299969,691891,165036,226886,299969,691891,1383782,0
1045,21918,34278,41087,97283,21918,34278,41087,97283,194566,0
7330,376,143,0,519,376,143,0,519,1038,0
8431,7361,4510,2104,13975,7361,4510,2104,13975,27950,0
5581,31111,47829,108879,187819,31111,47829,108879,187819,375638,0
5323,5881,17668,12792,36341,5881,17668,12792,36341,72682,0
7791,12117,173658,17139,202914,12117,173658,17139,202914,405828,2550
2351,879,1084,10,1973,879,1084,10,1973,3946,0
1003,8427,17936,15740,42103,8427,17936,15740,42103,84206,0
5472,2084,2173,6363,10620,2084,2173,6363,10620,21240,0
6961,38604,65191,168858,272653,38604,65191,168858,272653,545306,0
2449,8701,5499,86,14286,8701,5499,86,14286,28572,0
8048,67748,117436,113815,298999,67748,117436,113815,298999,597998,75
5211,91944,207519,312821,612284,91944,207519,312821,612284,1224568,0
5093,83386,111915,391666,586967,83386,111915,391666,586967,1173934,0
5094,185153,235694,1113958,1534805,185153,235694,1113958,1534805,3069610,0
3048,101196,227962,163245,492403,101196,227962,163245,492403,984806,0
3104,6672,11158,12152,29982,6672,11158,12152,29982,59964,0
5063,64706,75897,270390,410993,64706,75897,270390,410993,821986,2406
2136,41545,71256,30107,142908,41545,71256,30107,142908,285816,80906
6170,77777,118334,171118,367229,77777,118334,171118,367229,734458,0
4618,10601,9539,17528,37668,10601,9539,17528,37668,75336,0
6871,203711,240453,972573,1416737,203711,240453,972573,1416737,2833474,0
7910,15148,14869,5728,35745,15148,14869,5728,35745,71490,0
5464,35088,68265,119053,222406,35088,68265,119053,222406,444812,0
6235,7423,4970,2594,14987,7423,4970,2594,14987,29974,0
8553,168689,182067,155652,506408,168689,182067,155652,506408,1012816,0
3907,3052,2322,4728,10102,3052,2322,4728,10102,20204,0
5163,16950,37200,85126,139276,16950,37200,85126,139276,278552,0
2304,118069,72132,65820,256021,118069,72132,65820,256021,512042,0
5401,3230,2991,12929,19150,3230,2991,12929,19150,38300,0
2352,85865,225786,98469,410120,85865,225786,98469,410120,820240,0
2217,131578,274909,108912,515399,131578,274909,108912,515399,1030798,0
2219,395320,570607,345744,1311671,395320,570607,345744,1311671,2623342,287127
2145,118656,223684,98616,440956,118656,223684,98616,440956,881912,77230
2220,176904,253207,146208,576319,176904,253207,146208,576319,1152638,0
4513,246,2215,336,2797,246,2215,336,2797,5594,0
1215,536251,735495,789439,2061185,536251,735495,789439,2061185,4122370,39740
4515,324192,664459,813741,1802392,323643,663387,813022,1800052,3602444,173385
1127,2604199,5583128,4406663,12593990,2605130,5584944,4407881,12597955,25191945,4044411
1006,340854,663591,1011479,2015924,340473,662847,1010979,2014299,4030223,186326
7835,20431,24086,3839,48356,20431,24086,3839,48356,96712,0
9940,95648,172730,86870,355248,95648,172730,86870,355248,710496,0
6800,256035,324249,660066,1240350,256035,324249,660066,1240350,2480700,56887
5402,3473,7655,3264,14392,3473,7655,3264,14392,28784,0
9620,92535,65158,110789,268482,92535,65158,110789,268482,536964,0
5945,15313,8472,10175,33960,15313,8472,10175,33960,67920,0
2737,301120,192167,88178,581465,301120,192167,88178,581465,1162930,55097
5095,223989,282336,883311,1389636,223989,282336,883311,1389636,2779272,31547
7400,6097,4465,24390,34952,6097,4465,24390,34952,69904,0
2739,278300,490899,41415,810614,278300,490899,41415,810614,1621228,3504
2738,11162,14685,532,26379,11162,14685,532,26379,52758,0
2740,26634,23642,3135,53411,26634,23642,3135,53411,106822,0
2732,19608,21832,152596,194036,19608,21832,152596,194036,388072,0
5625,54265,106875,62930,224070,54265,106875,62930,224070,448140,0
2450,7319,9365,0,16684,7319,9365,0,16684,33368,0
8750,1810,3333,147,5290,1810,3333,147,5290,10580,0
9760,69782,61248,178606,309636,69782,61248,178606,309636,619272,0
1176,47674,39985,81767,169426,47674,39985,81767,169426,338852,0
4574,11577,3741,20117,35435,11577,3741,20117,35435,70870,0
9716,75717,62615,91899,230231,75717,62615,91899,230231,460462,0
7503,738,214,962,1914,738,214,962,1914,3828,0
6204,2317,57,196,2570,2317,57,196,2570,5140,0
1360,46867,108704,206255,361826,46867,108704,206255,361826,723652,51049
1141,5457,7627,6161,19245,5457,7627,6161,19245,38490,0
1018,6264,7654,6600,20518,6264,7654,6600,20518,41036,0
2123,172844,551223,195893,919960,172844,551223,195893,919960,1839920,0
1282,10050,9357,1959,21366,10050,9357,1959,21366,42732,0
3501,6931,95437,10202,112570,6931,95437,10202,112570,225140,0
2435,1119,753,111,1983,1119,753,111,1983,3966,0
5253,105085,261905,200513,567503,105085,261905,200513,567503,1135006,0
9668,5781,3423,3613,12817,5781,3423,3613,12817,25634,0
2599,271399,668088,432355,1371842,271399,668088,432355,1371842,2743684,569613
8536,10068,14216,7972,32256,10068,14216,7972,32256,64512,0
5626,37000,37203,65279,139482,37000,37203,65279,139482,278964,0
1993,5165,314,3435,8914,5165,314,3435,8914,17828,0
2195,126181,255888,106779,488848,126181,255888,106779,488848,977696,4
2239,82774,100061,79137,261972,82774,100061,79137,261972,523944,0
5130,35414,78486,116991,230891,35414,78486,116991,230891,461782,0
4304,20083,4889,282,25254,20083,4889,282,25254,50508,0
5254,12166,13847,18556,44569,12166,13847,18556,44569,89138,0
6216,37243,46998,15208,99449,37243,46998,15208,99449,198898,0
5894,17894,15776,26357,60027,17894,15776,26357,60027,120054,0
6237,12955,5409,7385,25749,12955,5409,7385,25749,51498,0
3018,26569,36722,51198,114489,26569,36722,51198,114489,228978,69854
5876,319437,662607,289002,1271046,319437,662607,289002,1271046,2542092,49399
1112,84824,154198,143016,382038,84824,154198,143016,382038,764076,0
1381,1997,3713,10110,15820,1997,3713,10110,15820,31640,0
6027,23956,30538,225167,279661,23956,30538,225167,279661,559322,0
9968,6282,3616,38108,48006,6282,3616,38108,48006,96012,0
5403,4847,10403,11591,26841,4847,10403,11591,26841,53682,0
5693,352933,309354,323572,985859,352933,309354,323572,985859,1971718,0
8346,348074,352627,284962,985663,348074,352628,284962,985664,1971327,15812
8345,287094,463581,362007,1112682,287094,463580,362007,1112681,2225363,22610
3341,60741,71443,39635,171819,60741,71443,39635,171819,343638,3252
5530,26332,1813,4752,32897,26332,1813,4752,32897,65794,0
6801,60962,107352,285585,453899,60962,107352,285585,453899,907798,0
2053,8154,12471,6180,26805,8154,12471,6180,26805,53610,0
2944,25520,40205,51248,116973,25520,40205,51248,116973,233946,0
5500,21072,47481,40720,109273,21072,47481,40720,109273,218546,0
8496,38491,23129,59870,121490,38491,23129,59870,121490,242980,0
7565,2358,2368,173,4899,2358,2368,173,4899,9798,0
7259,1446,1402,372,3220,1446,1402,372,3220,6440,0
9938,17764,15893,13503,47160,17764,15893,13503,47160,94320,0
7200,14260,14736,3675,32671,14260,14736,3675,32671,65342,0
5875,35169,32424,39864,107457,35169,32424,39864,107457,214914,0
2045,429,73,46,548,429,73,46,548,1096,0
2779,13622,40333,24626,78581,13622,40333,24626,78581,157162,0
9251,70,30,0,100,70,30,0,100,200,0
5552,140029,115360,291528,546917,140029,115360,291528,546917,1093834,0
6872,318067,239935,720544,1278546,318067,239935,720544,1278546,2557092,0
1560,9740,8344,5568,23652,9740,8344,5568,23652,47304,0
9889,47266,36107,28926,112299,47266,36107,28926,112299,224598,0
8823,2003,621,221,2845,2003,621,221,2845,5690,0
3809,167909,395717,188623,752249,167909,395717,188623,752249,1504498,32019
9789,73087,51387,70956,195430,73087,51387,70956,195430,390860,0
3449,35657,68479,17061,121197,35657,68479,17061,121197,242394,0
8049,47947,120890,26921,195758,47947,120890,26921,195758,391516,95
2554,7447,1628,928,10003,7447,1628,928,10003,20006,0
6464,262,16,-1,277,262,16,-1,277,554,0
8514,27620,29242,16495,73357,27620,29242,16495,73357,146714,0
5268,1029222,3788430,2085662,6903314,1029222,3788430,2085662,6903314,13806628,1474482
6810,51807,58040,149505,259352,51807,58040,149505,259352,518704,0
2603,5609,18727,6673,31009,5609,18727,6673,31009,62018,0
3230,308773,517678,215649,1042100,308773,517678,215649,1042100,2084200,351404
3231,995554,2009186,910074,3914814,995554,2009186,910074,3914814,7829628,890706
4012,2084,1992,876,4952,2084,1992,876,4952,9904,0
4187,3595,5877,2965,12437,3595,5877,2965,12437,24874,0
5081,46848,61374,219913,328135,46848,61374,219929,328151,656286,0
2240,55634,200900,47453,303987,55634,200900,47453,303987,607974,0
2892,13744,30022,17163,60929,13744,30022,17163,60929,121858,0
5006,42931,132391,103533,278855,42931,132391,103533,278855,557710,0
5886,86427,186965,338126,611518,86427,186965,338126,611518,1223036,248933
8429,9091,8024,7298,24413,9091,8024,7298,24413,48826,0
5404,169313,247073,572267,988653,169313,247073,572267,988653,1977306,0
2190,87332,277447,75038,439817,87332,277447,75038,439817,879634,0
2191,44613,117848,37119,199580,44613,117848,37119,199580,399160,0
2697,43914,52071,61938,157923,43914,52071,61938,157923,315846,0
5096,31599,43681,237982,313262,31599,43681,237982,313262,626524,0
5064,478427,845520,1574136,2898083,478427,845520,1574136,2898083,5796166,830504
4715,74664,37504,100753,212921,74664,37504,100753,212921,425842,0
1437,17384,42486,358595,418465,17384,42486,358595,418465,836930,0
1438,9819,33065,270774,313658,9819,33065,270774,313658,627316,0
6074,27128,18249,54015,99392,27128,18249,54015,99392,198784,0
5687,109521,87592,251242,448355,109521,87592,251242,448355,896710,52967
4175,581,108,226,915,581,108,226,915,1830,0
8050,377,183,687,1247,377,183,687,1247,2494,0
8618,1826,504,0,2330,1826,504,0,2330,4660,0
8051,48655,80349,49726,178730,48655,80349,49726,178730,357460,2085
9023,1591,798,570,2959,1591,798,570,2959,5918,0
6812,164588,187238,374665,726491,164588,187238,374665,726491,1452982,245039
6958,22917,35223,111753,169893,22917,35223,111753,169893,339786,0
7289,16434,19121,9047,44602,16434,19121,9047,44602,89204,666
7006,2380,1967,1201,5548,2380,1967,1201,5548,11096,0
8807,34629,13469,19477,67575,34629,13469,19477,67575,135150,0
3623,157280,246942,126627,530849,157280,246942,126627,530849,1061698,0
5702,2847,6830,2045,11722,2847,6830,2045,11722,23444,0
2222,17810,28152,10486,56448,17810,28152,10486,56448,112896,0
7290,17,49,0,66,17,49,0,66,132,0
2422,19378,1336,805,21519,19378,1336,805,21519,43038,0
4182,1117,185,439,1741,1117,185,439,1741,3482,0
3502,10,1244,0,1254,10,1244,0,1254,2508,0
4317,4020,1742,0,5762,4020,1742,0,5762,11524,0
1865,9286,6209,4047,19542,9286,6209,4047,19542,39084,0
7085,3727,7380,14159,25266,3727,7380,14159,25266,50532,0
5483,98807,245004,446283,790094,98807,245004,446283,790094,1580188,0
8500,110603,76754,84163,271520,110603,76754,84163,271520,543040,0
8565,68929,78772,49191,196892,68929,78772,49191,196892,393784,0
2945,17104,34510,20722,72336,17104,34510,20722,72336,144672,0
1975,3511,1360,2017,6888,3511,1360,2017,6888,13776,0
3176,113784,149371,216678,479833,113784,149371,216678,479833,959666,0
6873,21918,28574,84482,134974,21918,28574,84482,134974,269948,0
2743,1378,513,36,1927,1378,513,36,1927,3854,0
2550,38954,13202,6087,58243,38954,13202,6087,58243,116486,553
2549,49854,32098,13083,95035,49854,32098,13083,95035,190070,44
9767,58685,40853,55161,154699,58685,40853,55161,154699,309398,0
9107,22053,41371,31015,94439,22053,41371,31015,94439,188878,0
2279,32060,52870,20826,105756,32060,52870,20826,105756,211512,0
2280,6512,12357,1556,20425,6512,12357,1556,20425,40850,0
5927,11212,9168,7008,27388,11212,9168,7008,27388,54776,0
6200,2416,787,688,3891,2416,787,688,3891,7782,0
1658,106166,167679,60156,334001,106166,167679,60156,334001,668002,3353
7008,81571,114411,11975,207957,81571,114411,11975,207957,415914,582
9791,24194,17215,22430,63839,24194,17215,22430,63839,127678,0
6913,54065,68479,201493,324037,54065,68479,201493,324037,648074,0
1395,40806,45701,159348,245855,40806,45701,159348,245855,491710,0
1179,23276,31914,43496,98686,23276,31914,43496,98686,197372,0
4409,471,467,10,948,471,467,10,948,1896,0
5324,15089,17957,45519,78565,15089,17957,45519,78565,157130,0
2946,26499,104282,19879,150660,26499,104282,19879,150660,301320,0
5689,60810,45032,102707,208549,60810,45032,102707,208549,417098,0
4124,279,371,0,650,279,371,0,650,1300,0
3811,49366,44208,36817,130391,49366,44208,36817,130391,260782,0
2536,9264,525,101,9890,9264,525,101,9890,19780,0
3812,80748,121323,97036,299107,80748,121323,97036,299107,598214,0
4412,9288,7687,0,16975,9288,7687,0,16975,33950,0
3680,11770,20074,8085,39929,11770,20074,8085,39929,79858,0
1439,13980,23069,199718,236767,13980,23069,199718,236767,473534,0
3562,1122,10156,4022,15300,1122,10156,4022,15300,30600,0
3238,19955,31639,14236,65830,19955,31639,14236,65830,131660,0
5682,79125,94799,50922,224846,79125,94799,50922,224846,449692,0
3504,13440,73081,21279,107800,13440,73081,21279,107800,215600,0
7022,955302,1777349,1053268,3785919,955302,1777349,1053268,3785919,7571838,329669
6962,10948,19247,44915,75110,10948,19247,44915,75110,150220,0
9768,113409,82999,133709,330117,113409,82999,133709,330117,660234,9251
1440,38605,71165,597654,707424,38605,71165,597654,707424,1414848,13506
9878,16409,16008,16215,48632,16409,16008,16215,48632,97264,0
1129,18869,30750,42369,91988,18869,30750,42369,91988,183976,0
1016,30613,48881,11965,91459,30613,48881,11965,91459,182918,0
1441,13144,29426,238124,280694,13144,29426,238124,280694,561388,0
5164,152986,368515,266270,787771,152939,368352,265952,787243,1575014,16940
5007,138384,355382,201386,695152,138431,355544,201704,695679,1390831,25495
7292,3399,4324,1210,8933,3399,4324,1210,8933,17866,0
2186,20509,10214,6802,37525,20509,10214,6802,37525,75050,0
3542,169,3587,471,4227,169,3587,471,4227,8454,0
9112,10101,13902,4124,28127,10101,13902,4124,28127,56254,0
3815,92072,103544,101644,297260,92072,103544,101644,297260,594520,0
3899,1215607,2933475,1093460,5242542,1215607,2933475,1093460,5242542,10485084,1042297
3900,382759,449202,447913,1279874,382759,449202,447913,1279874,2559748,473517
9624,29109,16886,31817,77812,29109,16886,31817,77812,155624,0
9969,28061,22010,68964,119035,28061,22010,68964,119035,238070,0
9877,13714,11532,14275,39521,13714,11532,14275,39521,79042,0
1964,12809,8456,3435,24700,12809,8456,3435,24700,49400,0
2118,233266,477587,46760,757613,233266,477587,46760,757613,1515226,285965
6201,5132,2286,2051,9469,5132,2286,2051,9469,18938,0
9702,49057,38332,58175,145564,49057,38332,58175,145564,291128,0
4068,109233,50245,23261,182739,109233,50245,23261,182739,365478,14368
9769,22758,14368,21991,59117,22758,14368,21991,59117,118234,0
2640,45002,31172,12285,88459,45002,31172,12285,88459,176918,9476
9028,21116,11111,13907,46134,21116,11111,13907,46134,92268,0
9897,37307,27274,27274,91855,37307,27274,27274,91855,183710,0
1442,49865,20894,60999,131758,49865,20894,60999,131758,263516,0
8621,1161,737,0,1898,1161,737,0,1898,3796,0
5405,93150,133798,356494,583442,93150,133798,356494,583442,1166884,0
5406,66584,92898,239997,399479,66584,92898,239997,399479,798958,0
9704,3555,852,2523,6930,3555,852,2523,6930,13860,0
9680,18829,14568,14768,48165,18829,14568,14768,48165,96330,0
3098,4213,8739,33432,46384,4213,8739,33432,46384,92768,0
5703,14448,79180,22247,115875,14448,79180,22247,115875,231750,12717
8359,65139,82880,38004,186023,65139,82880,38004,186023,372046,5990
2919,12316,31124,17899,61339,12316,31124,17899,61339,122678,0
7914,2190,396,0,2586,2190,396,0,2586,5172,0
5351,66760,99207,275131,441098,66760,99207,275131,441098,882196,0
5077,70203,78977,342892,492072,70228,79030,343612,492870,984942,38310
5047,94178,138692,581847,814717,94153,138638,581128,813919,1628636,33921
3820,114248,85986,110919,311153,114248,85986,110919,311153,622306,0
9795,71715,47858,84905,204478,71715,47858,84905,204478,408956,1497
8232,9590,8019,4864,22473,9590,8019,4864,22473,44946,0
3568,95,1731,181,2007,95,1731,181,2007,4014,0
2425,3773,260,230,4263,3773,260,230,4263,8526,0
6874,161534,179763,782039,1123336,161534,179763,782039,1123336,2246672,0
7447,299849,395465,320686,1016000,299849,395465,320686,1016000,2032000,0
539,13481,39866,73852,127199,13481,39866,73852,127199,254398,0
7469,147753,117646,423267,688666,147753,117646,423267,688666,1377332,0
5836,40984,39351,37716,118051,40984,39351,37716,118051,236102,0
2762,5726,15200,3148,24074,5726,15200,3148,24074,48148,0
5820,11,77,0,88,11,77,0,88,176,0
6664,48342,31552,52254,132148,48342,31552,52254,132148,264296,0
7051,2186,7069,6215,15470,2186,7069,6215,15470,30940,0
5097,10584,14634,19763,44981,10584,14634,19763,44981,89962,0
9911,272433,153049,423152,848634,272433,153049,423152,848634,1697268,0
3004,30063,53587,35809,119459,30063,53587,35809,119459,238918,0
5144,98964,166146,487098,752208,98964,166146,487098,752208,1504416,268855
5008,9582,14413,11011,35006,9582,14413,11011,35006,70012,0
2947,5424,3855,7948,17227,5424,3855,7948,17227,34454,0
9707,7295,6926,6258,20479,7295,6926,6258,20479,40958,0
5199,273466,483534,844167,1601167,273466,483534,844167,1601167,3202334,42028
7792,613,304,15,932,613,304,15,932,1864,0
2870,74576,121564,90307,286447,74576,121564,90307,286447,572894,2639
5352,82701,122448,334979,540128,82701,122448,334979,540128,1080256,0
1372,7308,11299,16477,35084,7308,11299,16477,35084,70168,0
2764,6201,5897,2314,14412,6201,5897,2314,14412,28824,0
6836,660544,826750,2200432,3687726,660544,826750,2200432,3687726,7375452,30968
5098,48433,40167,348402,437002,48433,40167,348402,437002,874004,0
4731,223246,438419,102837,764502,223246,438419,102837,764502,1529004,147717
3774,33217,39448,11749,84414,33217,39448,11749,84414,168828,0
2573,9173,1921,1417,12511,9173,1921,1417,12511,25022,0
5553,87239,56248,172618,316105,87239,56248,172618,316105,632210,0
6814,187180,200228,465088,852496,187180,200228,465088,852496,1704992,160047
5582,39683,67676,147620,254979,39683,67676,147620,254979,509958,0
5554,40281,92480,130169,262930,40281,92480,130169,262930,525860,0
2412,368126,892729,153824,1414679,368126,892729,153824,1414679,2829358,603514
1130,63664,90157,114578,268399,63664,90157,114578,268399,536798,0
6615,226527,310027,97893,634447,226527,310027,97893,634447,1268894,119276
7736,33364,31919,28182,93465,33364,31919,28182,93465,186930,0
5200,10337,15550,56726,82613,10337,15550,56726,82613,165226,0
5840,501,466,5,972,501,466,5,972,1944,0
5255,310945,570174,563863,1444982,310945,570174,563863,1444982,2889964,16406
5009,4175,7841,8666,20682,4175,7841,8666,20682,41364,0
5296,3153,2556,4644,10353,3153,2556,4644,10353,20706,0
6914,104559,131293,421922,657774,104559,131293,421922,657774,1315548,0
2823,15443,14020,13538,43001,15443,14020,13538,43001,86002,2558
3267,163455,371220,245778,780453,163455,371220,245778,780453,1560906,19447
5353,13911,17711,51251,82873,13911,17711,51251,82873,165746,0
4449,16827,7658,3009,27494,16827,7658,3009,27494,54988,0
5099,80509,106523,372081,559113,80509,106523,372081,559113,1118226,0
5583,102300,83493,189585,375378,102300,83493,189585,375378,750756,0
3031,19678,36819,39595,96092,19678,36819,39595,96092,192184,0
2745,154655,87108,100309,342072,154655,87108,100309,342072,684144,0
546,7657,57969,104140,169766,7657,57969,104140,169766,339532,0
5879,60742,84473,55557,200772,60742,84473,55557,200772,401544,0
5319,10932,19981,35905,66818,10932,19981,35905,66818,133636,0
2556,11816,2596,1886,16298,11816,2596,1886,16298,32596,0
8233,16526,2785,12537,31848,16526,2785,12537,31848,63696,1367
4365,16646,29027,16839,62512,16646,29027,16839,62512,125024,0
3785,490,275,0,765,490,275,0,765,1530,0
6850,61969,147144,147441,356554,61969,147144,147441,356554,713108,0
5555,22445,23157,47213,92815,22445,23157,47213,92815,185630,0
2653,2495,806,68,3369,2495,806,68,3369,6738,0
5301,20659,16649,74660,111968,20659,16649,74660,111968,223936,0
5595,1922871,2151936,4647909,8722716,1922871,2151936,4647909,8722716,17445432,16354822
6926,51650,63422,201205,316277,51650,63422,201205,316277,632554,2
4069,1756,740,0,2496,1756,740,0,2496,4992,0
9792,89505,63064,101644,254213,89505,63064,101644,254213,508426,0
4593,716,179,126,1021,716,179,126,1021,2042,0
5556,62537,68174,172655,303366,62537,68174,172655,303366,606732,0
6274,43161,72092,2560,117813,43161,72092,2560,117813,235626,0
9718,13882,11394,10742,36018,13882,11394,10742,36018,72036,0
2795,44,59,5,108,44,59,5,108,216,0
3202,70548,10373,60017,140938,70548,10373,60017,140938,281876,0
2574,60854,39511,13038,113403,60854,39511,13038,113403,226806,0
5048,70617,112679,383349,566645,70617,112679,383349,566645,1133290,4891
4070,7392,1994,0,9386,7392,1994,0,9386,18772,0
9855,70701,60019,60692,191412,70701,60019,60692,191412,382824,0
9747,11925,8718,6874,27517,11925,8718,6874,27517,55034,0
9752,78157,71002,107090,256249,78157,71002,107090,256249,512498,0
9762,49775,47138,71106,168019,49775,47138,71106,168019,336038,0
5557,77849,84870,140072,302791,77849,84870,140072,302791,605582,0
4616,11726,13151,17471,42348,11726,13151,17471,42348,84696,0
3828,37332,34372,22460,94164,37332,34372,22460,94164,188328,0
6861,302050,702178,1247681,2251909,301971,701908,1246951,2250830,4502739,385636
6853,43661,74611,105379,223651,43740,74881,106109,224730,448381,0
9882,24842,8497,18927,52266,24842,8497,18927,52266,104532,0
6349,11653,488,3745,15886,11653,488,3745,15886,31772,0
5457,12916,21196,27682,61794,12916,21196,27682,61794,123588,0
2562,24078,8731,2397,35206,24078,8731,2397,35206,70412,0
4876,10065,10100,8099,28264,10065,10100,8099,28264,56528,0
2451,43064,77612,14846,135522,43064,77612,14846,135522,271044,4201
3005,363,78,619,1060,363,78,619,1060,2120,0
7515,1067,77,427,1571,1067,77,427,1571,3142,0
1227,38405,29943,24775,93123,38405,29943,24775,93123,186246,0
6488,11166,14410,13940,39516,11166,14410,13940,39516,79032,0
8708,1235,688,242,2165,1235,688,242,2165,4330,0
8470,26431,7704,33445,67580,26431,7704,33445,67580,135160,0
3624,203970,533705,171488,909163,203970,533705,171488,909163,1818326,0
2486,3507,8429,3184,15120,3507,8429,3184,15120,30240,0
5458,10698,28953,15622,55273,10698,28953,15622,55273,110546,0
3019,20675,31947,44760,97382,20675,31947,44760,97382,194764,0
5336,2639,2104,14732,19475,2639,2104,14732,19475,38950,0
3570,3,56,0,59,3,56,0,59,118,0
5821,387,3188,136,3711,387,3188,136,3711,7422,0
7504,9251,25105,3801,38157,9251,25105,3801,38157,76314,0
9627,38991,22927,32290,94208,38991,22927,32290,94208,188416,0
2049,5237,197,1783,7217,5237,197,1783,7217,14434,0
8824,659,472,0,1131,659,472,0,1131,2262,0
8825,4810,1552,0,6362,4810,1552,0,6362,12724,0
3905,45036,44386,49089,138511,45036,44386,49089,138511,277022,0
1143,23483,40288,60395,124166,23483,40288,60395,124166,248332,0
4617,13058,20755,3602,37415,13058,20755,3602,37415,74830,0
5896,149383,171929,83960,405272,149383,171929,83960,405272,810544,0
8056,24453,32235,43465,100153,24453,32235,43465,100153,200306,0
8505,12545,6286,17876,36707,12545,6286,17876,36707,73414,0
5408,93552,175394,426094,695040,93552,175394,426094,695040,1390080,0
1030,474107,957526,828295,2259928,474107,957526,828295,2259928,4519856,213398
5409,2886,4578,9691,17155,2886,4578,9691,17155,34310,0
9185,23691,36689,17218,77598,23691,36689,17218,77598,155196,0
4639,64225,90562,169818,324605,64225,90562,169818,324605,649210,0
9970,20037,21802,58618,100457,20037,21802,58618,100457,200914,0
7579,17088,11347,16479,44914,17088,11347,16479,44914,89828,0
3634,15569,25384,10559,51512,15569,25384,10559,51512,103024,5104
5484,183397,392951,364361,940709,183397,392951,364361,940709,1881418,4877
5100,85740,108093,469490,663323,85740,108093,469490,663323,1326646,0
5754,2470,12660,1042,16172,2470,12660,1042,16172,32344,0
6837,3157,2569,9533,15259,3157,2569,9533,15259,30518,0
2225,55310,113680,59031,228021,55310,113680,59031,228021,456042,0
1874,7244,11889,1009,20142,7244,11889,1009,20142,40284,0
1243,322807,515880,138552,977239,322807,515880,138552,977239,1954478,891420
5832,8188,39137,2383,49708,8188,39137,2383,49708,99416,0
6007,9311,20740,11768,41819,9311,20740,11768,41819,83638,0
8826,3013,2337,0,5350,3013,2337,0,5350,10700,1630
4312,5799,1429,2163,9391,5799,1429,2163,9391,18782,0
1519,76011,118663,326303,520977,76011,118663,326303,520977,1041954,0
9778,24558,19657,36332,80547,24558,19657,36332,80547,161094,0
5078,45750,49945,208608,304303,45750,49945,208608,304303,608606,0
7295,36310,51255,6785,94350,36310,51255,6785,94350,188700,0
1822,4428,5152,677,10257,4428,5152,677,10257,20514,0
9628,23226,16478,19608,59312,23226,16478,19608,59312,118624,0
8473,73107,57276,70737,201120,73107,57276,70737,201120,402240,0
8554,51774,43973,49905,145652,51774,43973,49905,145652,291304,0
9814,40094,27062,92858,160014,40094,27062,92858,160014,320028,0
9902,8348,18756,6563,33667,8348,18756,6563,33667,67334,0
9796,76975,45498,76428,198901,76975,45498,76428,198901,397802,0
2313,9151,11328,1759,22238,9151,11328,1759,22238,44476,0
7406,5303,9909,79636,94848,5303,9909,79636,94848,189696,0
5325,27423,41321,106683,175427,27423,41321,106683,175427,350854,0
5233,3189,6669,16902,26760,3189,6669,16902,26760,53520,0
6524,3643,8516,1811,13970,3643,8516,1811,13970,27940,0
5628,33078,52622,48879,134579,33078,52622,48879,134579,269158,0
9943,134140,225816,162870,522826,134140,225816,162870,522826,1045652,0
5356,125642,145211,539105,809958,125642,145211,539105,809958,1619916,89796
2305,12775,11578,2167,26520,12775,11578,2167,26520,53040,0
6008,72983,65552,166722,305257,72983,65552,166722,305257,610514,0
3107,5633,3600,20783,30016,5633,3600,20783,30016,60032,0
8625,650,293,0,943,650,293,0,943,1886,0
9721,40865,44245,29982,115092,40865,44245,29982,115092,230184,3325
9121,40434,52208,20685,113327,40434,52208,20685,113327,226654,0
9218,11767,6318,5476,23561,11767,6318,5476,23561,47122,0
5201,7540,7891,5843,21274,7540,7891,5843,21274,42548,0
3981,5270,4149,465,9884,5270,4149,465,9884,19768,0
3738,40280,66828,24409,131517,40280,66828,24409,131517,263034,0
4147,655,175,0,830,655,175,0,830,1660,0
7440,14481,20404,110423,145308,14481,20404,110423,145308,290616,0
2777,16156,35391,53480,105027,16156,35391,53480,105027,210054,0
9135,40766,40892,54701,136359,40766,40892,54701,136359,272718,0
8711,1471,391,202,2064,1471,391,202,2064,4128,0
9790,13301,12029,9751,35081,13301,12029,9751,35081,70162,0
9415,53166,55329,89542,198037,53166,55329,89542,198037,396074,0
9992,137324,87392,143591,368307,137324,87392,143591,368307,736614,31546
9864,35807,32312,97462,165581,35807,32312,97462,165581,331162,0
9483,30061,24324,31849,86234,30061,24324,31849,86234,172468,0
2077,8678,826,3076,12580,8678,826,3076,12580,25160,0
1429,47397,112595,849118,1009110,47397,112595,849118,1009110,2018220,0
1957,8908,8451,797,18156,8908,8451,797,18156,36312,0
8628,700,448,0,1148,700,448,0,1148,2296,0
7915,2795,721,1339,4855,2795,721,1339,4855,9710,0
3797,13977,8718,11747,34442,13977,8718,11747,34442,68884,0
4519,1579,1240,1245,4064,1579,1240,1245,4064,8128,0
7877,307873,646033,138312,1092218,307873,646033,138312,1092218,2184436,295170
6729,1400,633,1457,3490,1400,633,1457,3490,6980,0
7211,5580,13987,111,19678,5580,13987,111,19678,39356,0
5101,290448,408442,905263,1604153,290448,408442,905263,1604153,3208306,558948
8420,25688,28125,24231,78044,25688,28125,24231,78044,156088,0
2576,59074,43436,22531,125041,59074,43436,22531,125041,250082,0
5668,51959,51069,57690,160718,51959,51069,57690,160718,321436,0
2770,23104,40402,40784,104290,23104,40402,40784,104290,208580,0
3408,22763,145430,29795,197988,22763,145430,29795,197988,395976,0
3409,2439,46135,1297,49871,2439,46135,1297,49871,99742,0
5011,47014,108793,112749,268556,47014,108793,112749,268556,537112,0
5942,2624,3486,2235,8345,2624,3486,2235,8345,16690,0
2877,3652,9856,9764,23272,3652,9856,9764,23272,46544,0
2963,21863,63461,29377,114701,21863,63465,29391,114719,229420,0
5412,52694,87820,83179,223693,51968,86283,81162,219413,443106,69465
2480,1967,1072,624,3663,1967,1072,624,3663,7326,0
8441,10297,6465,5296,22058,10297,6465,5296,22058,44116,0
2306,3639,11019,256,14914,3639,11019,256,14914,29828,0
8432,24926,23624,19458,68008,24926,23624,19458,68008,136016,0
3052,34515,44528,55336,134379,34515,44528,55336,134379,268758,0
3060,2455,1995,4935,9385,2455,1995,4935,9385,18770,0
5421,266502,348189,939256,1553947,266502,348189,939256,1553947,3107894,75441
2103,3008,1101,0,4109,3008,1101,0,4109,8218,0
2855,14,14,0,28,14,14,0,28,56,0
5145,72114,105555,228132,405801,72114,105555,228132,405801,811602,0
1823,471349,845890,240381,1557620,471349,845890,240381,1557620,3115240,508200
7212,7512,9683,2184,19379,7512,9683,2184,19379,38758,0
2652,3757,9297,6406,19460,3757,9297,6406,19460,38920,0
3579,1714,2966,6084,10764,1714,2966,6084,10764,21528,0
8326,169054,248183,206699,623936,169054,248183,206699,623936,1247872,0
3030,229003,472913,526276,1228192,229003,472913,526276,1228192,2456384,181367
5753,33801,68266,35922,137989,33801,68266,35922,137989,275978,0
5502,1458,1765,2041,5264,1458,1765,2041,5264,10528,0
3901,11775,14727,3230,29732,11775,14727,3230,29732,59464,0
3830,15878,16146,8268,40292,15878,16146,8268,40292,80584,0
3861,5732,4457,2635,12824,5732,4457,2635,12824,25648,0
8632,19206,14171,2666,36043,19206,14171,2666,36043,72086,717
7897,4324,2069,2467,8860,4324,2069,2467,8860,17720,0
2893,10226,20144,21062,51432,10226,20144,21062,51432,102864,0
2765,11856,24959,20961,57776,11856,24959,20961,57776,115552,0
7348,67598,136941,75233,279772,67598,136941,75233,279772,559544,0
3588,427,1031,1179,2637,427,1031,1179,2637,5274,0
6781,6771,5627,3206,15604,6771,5627,3206,15604,31208,0
4188,323,250,0,573,323,250,0,573,1146,0
5036,39,35,243,317,39,35,243,317,634,0
2538,261,66,5,332,261,66,5,332,664,0
2452,1579,687,124,2390,1579,687,124,2390,4780,0
6417,527418,848901,513838,1890157,527418,848901,513838,1890157,3780314,799714
5961,69721,134863,19448,224032,69721,134863,19448,224032,448064,187
5962,13542,19887,3369,36798,13542,19887,3369,36798,73596,105
6690,19861,11432,10108,41401,19861,11432,10108,41401,82802,0
5357,102312,186910,279322,568544,103039,188447,281339,572825,1141369,62772
5297,1,6,45,52,1,6,45,52,104,0
5413,7977,10720,35424,54121,7977,10720,35424,54121,108242,0
4525,56564,103537,140348,300449,56564,103537,140348,300449,600898,0
2766,856,2054,23,2933,856,2054,23,2933,5866,0
5033,122087,227024,123585,472696,122087,227024,123585,472696,945392,127909
6901,12648,22148,39818,74614,12648,22148,39818,74614,149228,0
4436,535,132,80,747,535,132,80,747,1494,491
7055,43404,87264,52138,182806,43404,87264,52138,182806,365612,0
3099,2083,7438,23933,33454,2083,7438,23933,33454,66908,0
6000,11551,10289,108742,130582,11551,10289,108742,130582,261164,0
9317,20492,14261,19956,54709,20492,14261,19956,54709,109418,0
8057,27078,48561,37441,113080,27078,48561,37441,113080,226160,0
1994,2824,319,1374,4517,2824,319,1374,4517,9034,0
4878,133233,35118,46590,214941,133233,35118,46590,214941,429882,58460
6616,10255,4404,3027,17686,10255,4404,3027,17686,35372,0
9994,67167,46476,61254,174897,67167,46476,61254,174897,349794,0
9967,10188,9799,7185,27172,10188,9799,7185,27172,54344,0
9757,31430,27146,32702,91278,31430,27146,32702,91278,182556,0
9993,42675,36162,36452,115289,42675,36162,36452,115289,230578,0
1040,18868,12762,35938,67568,18868,12762,35938,67568,135136,0
1212,30304,51261,56562,138127,30304,51261,56562,138127,276254,0
1691,6933,3861,2731,13525,6933,3861,2731,13525,27050,0
8681,318,53,0,371,318,53,0,371,742,0
9906,16156,10463,8441,35060,16156,10463,8441,35060,70120,0
7027,4021,2593,6563,13177,4021,2593,6563,13177,26354,0
9866,119622,96485,159018,375125,119622,96485,159018,375125,750250,125979
9868,66403,66409,48639,181451,66403,66409,48639,181451,362902,0
9622,22899,17898,14946,55743,22899,17898,14946,55743,111486,0
9490,25098,138593,3622,167313,25098,138593,3622,167313,334626,24213
5034,5495,8976,9061,23532,5495,8976,9061,23532,47064,0
9397,11621,86888,71038,169547,11621,86888,71038,169547,339094,0
8713,75010,133596,49441,258047,75010,133596,49441,258047,516094,0
5944,2747,3714,2211,8672,2747,3714,2211,8672,17344,0
8682,173,21,0,194,173,21,0,194,388,0
9039,255751,459028,103652,818431,255751,459028,103652,818431,1636862,51957
9186,83054,120239,115221,318514,83054,120239,115221,318514,637028,0
9187,30911,34496,41925,107332,30911,34496,41925,107332,214664,0
8763,5458,6315,16,11789,5458,6315,16,11789,23578,0
9492,12840,10338,14183,37361,12840,10338,14183,37361,74722,0
8642,247,39,0,286,247,39,0,286,572,0
7744,78,37,1333,1448,78,37,1333,1448,2896,0
5102,6139,6026,45876,58041,6139,6026,45876,58041,116082,0
7745,231160,632317,134949,998426,231160,632317,134949,998426,1996852,3522
5282,70273,123139,140294,333706,70273,123139,140294,333706,667412,0
8905,146702,44672,52612,243986,146702,44672,52612,243986,487972,0
4455,5514,1211,1735,8460,5514,1211,1735,8460,16920,0
7916,19219,14069,8609,41897,19219,14069,8609,41897,83794,0
3190,276165,352874,975396,1604435,276165,352874,975396,1604435,3208870,87548
2292,49079,104658,43670,197407,49079,104658,43670,197407,394814,45001
5694,70603,79923,86032,236558,70603,79923,86032,236558,473116,0
5584,392790,492992,1586768,2472550,392790,492992,1586768,2472550,4945100,0
5414,23658,23063,134076,180797,23658,23063,134076,180797,361594,0
4520,3848,10008,2242,16098,3848,10008,2242,16098,32196,0
5355,1565759,2783120,5943256,10292135,1565163,2782325,5941695,10289183,20581318,6371478
2949,34190,56111,42620,132921,34190,56111,42620,132921,265842,0
5358,135562,162795,459614,757971,135562,162795,459614,757971,1515942,0
5234,3277,2832,2496,8605,3277,2832,2496,8605,17210,0
8472,29127,28743,59611,117481,29127,28743,59611,117481,234962,0
5486,103355,186585,382390,672330,103355,186585,382390,672330,1344660,0
9793,152311,101848,185680,439839,152311,101848,185680,439839,879678,0
5134,8181,10434,37688,56303,8181,10434,37688,56303,112606,0
1901,4996,11462,466,16924,4996,11462,466,16924,33848,34285
7471,47775,47256,61540,156571,47775,47256,61540,156571,313142,0
5283,28415,37937,98703,165055,28415,37937,98703,165055,330110,0
5448,198973,777430,780524,1756927,198973,777430,780524,1756927,3513854,9644
3795,30494,34582,26021,91097,30494,34582,26021,91097,182194,0
9894,61091,42307,70294,173692,61091,42307,70294,173692,347384,0
2128,52014,138337,49906,240257,52014,138337,49906,240257,480514,0
5899,197082,258443,267158,722683,197082,258443,267158,722683,1445366,112235
8114,244,69,23,336,244,69,23,336,672,0
9915,19684,95107,11416,126207,19684,95107,11416,126207,252414,0
2950,14197,21772,14441,50410,14197,21772,14441,50410,100820,0
7370,611,105,267,983,611,105,267,983,1966,0
2227,13064,51634,12781,77479,13064,51634,12781,77479,154958,0
2824,9516,18772,927,29215,9516,18772,927,29215,58430,0
5056,38033,52158,152797,242988,38033,52158,152797,242988,485976,0
5473,9133,17492,28920,55545,9491,20688,30572,60751,116296,75102
5359,29226,56777,104229,190232,28868,53582,102576,185026,375258,5867
2169,9152,31558,7211,47921,9152,31558,7211,47921,95842,24864
9328,2017038,4946842,1821816,8785696,2017038,4946842,1821816,8785696,17571392,713065
9395,94353,36924,85845,217122,94353,36924,85845,217122,434244,0
6941,98885,228552,666050,993487,98885,228552,666050,993487,1986974,14931
5642,36315,41507,75101,152923,36315,41507,75101,152923,305846,12453
5822,879,9064,706,10649,879,9064,706,10649,21298,0
5669,285377,356385,425432,1067194,285377,356385,425432,1067194,2134388,0
7918,1410,269,4528,6207,1410,269,4528,6207,12414,0
5246,192426,326109,1093328,1611863,286593,341580,1079930,1708103,3319966,21034
8977,45864,71614,13170,130648,45864,71614,13170,130648,261296,0
2121,47562,48888,14304,110754,47562,48888,14304,110754,221508,45
5049,60493,81134,343714,485341,60493,81134,343714,485341,970682,0
5135,83628,112460,394916,591004,83628,112460,394916,591004,1182008,0
7349,15884,11875,3163,30922,15884,11875,3163,30922,61844,0
6667,21651,20392,19384,61427,21651,20392,19384,61427,122854,0
6832,21423,17269,54396,93088,21423,17269,54396,93088,186176,0
1542,239063,527994,870209,1637266,239063,527994,870209,1637266,3274532,0
5103,180670,226599,679863,1087132,180670,226599,679863,1087132,2174264,0
6238,76,10,0,86,76,10,0,86,172,0
7068,186040,284401,321182,791623,186040,284401,321182,791623,1583246,220316
7473,5915,3793,19593,29301,5915,3793,19593,29301,58602,0
5257,42818,59767,59979,162564,42818,59767,59979,162564,325128,0
6010,84268,101025,396144,581437,84262,100982,395813,581057,1162494,6122
6815,80302,94519,244937,419758,80302,94519,244937,419758,839516,0
6959,104717,178834,469803,753354,104723,178877,470134,753734,1507088,0
2747,1593,2363,765,4721,1593,2363,765,4721,9442,0
5360,468642,515915,879512,1864069,468642,515915,879512,1864069,3728138,202507
5361,7818,8290,19219,35327,7818,8290,19219,35327,70654,0
1041,76834,93525,105793,276152,76834,93525,105793,276152,552304,0
5459,8955,12356,35241,56552,8955,12356,35241,56552,113104,0
5104,58339,75090,220233,353662,58339,75090,220233,353662,707324,0
5558,123434,127150,287443,538027,123434,127150,287443,538027,1076054,0
6004,22793,18179,127197,168169,22793,18179,127197,168169,336338,0
5217,13765,31493,72018,117276,13765,31493,72018,117276,234552,0
2080,15346,7274,3861,26481,15346,7274,3861,26481,52962,0
4740,23326,69343,11330,103999,23326,69343,11330,103999,207998,114
5415,55287,40281,122296,217864,55287,40281,122296,217864,435728,0
5586,106028,121954,301206,529188,106028,121954,301206,529188,1058376,0
5755,105886,522376,128947,757209,105886,522376,128947,757209,1514418,32905
3410,159246,835663,69383,1064292,159246,835663,69383,1064292,2128584,680797
3414,9091,32508,7229,48828,9091,32508,7229,48828,97656,0
9914,168860,182059,158997,509916,168860,182059,158997,509916,1019832,0
5756,46618,278052,41263,365933,46618,278052,41263,365933,731866,0
5760,1653,4946,796,7395,1653,4946,796,7395,14790,0
5065,12421,14241,50547,77209,12421,14241,50547,77209,154418,0
2951,7398,24873,14233,46504,7398,24873,14233,46504,93008,0
4416,14119,3525,1706,19350,14119,3525,1706,19350,38700,0
2780,1253,2187,1061,4501,1253,2187,1061,4501,9002,0
9452,8117,5668,5945,19730,8117,5668,5945,19730,39460,0
3873,5909,3172,4745,13826,5909,3172,4745,13826,27652,0
5137,78602,72366,326476,477444,78602,72366,326476,477444,954888,0
9930,78692,111711,65052,255455,78692,111711,65052,255455,510910,30741
9931,136353,204874,175946,517173,136353,204874,175946,517173,1034346,3633
8726,52,55,2,109,52,55,2,109,218,0
5337,110830,292814,119149,522793,110830,292814,119149,522793,1045586,0
3508,2690,35221,4859,42770,2690,35221,4859,42770,85540,0
3591,4373,37103,8217,49693,4373,37103,8217,49693,99386,0
6875,7020,5585,32403,45008,7020,5585,32403,45008,90016,0
5900,238097,291919,215997,746013,238097,291919,215997,746013,1492026,111873
5521,376979,438613,614566,1430158,376979,438613,614566,1430158,2860316,3942
5688,36807,44961,97739,179507,36807,44961,97739,179507,359014,0
5643,100891,103898,179066,383855,100891,103898,179066,383855,767710,0
5545,178592,227875,346063,752530,178592,227875,346063,752530,1505060,302
5105,18080,24384,63337,105801,18080,24384,63337,105801,211602,0
2811,2742,8488,5750,16980,2742,8488,5750,16980,33960,0
9245,11380,8790,4422,24592,11380,8790,4422,24592,49184,0
5167,117495,230383,432248,780126,117495,230383,432248,780126,1560252,67294
5493,1054,402,1531,2987,1054,402,1531,2987,5974,0
2126,115289,211741,117878,444908,115289,211741,117878,444908,889816,0
8637,980,1973,909,3862,980,1973,909,3862,7724,0
8544,17146,16577,2457,36180,17146,16577,2457,36180,72360,0
7214,30362,59176,12084,101622,30362,59176,12084,101622,203244,0
5559,364676,444791,787627,1597094,364676,444791,787627,1597094,3194188,0
5808,6163,21190,5969,33322,6163,21190,5969,33322,66644,0
1377,1628,4418,2785,8831,1628,4418,2785,8831,17662,0
3862,6382,5880,451,12713,6382,5880,451,12713,25426,0
8061,14130,2068,6430,22628,14130,2068,6430,22628,45256,0
4074,7031,1272,3214,11517,7031,1272,3214,11517,23034,0
4066,810,289,0,1099,810,289,0,1099,2198,0
8062,13485,36413,4954,54852,13485,36413,4954,54852,109704,0
3235,102946,43169,122364,268479,102946,43169,122364,268479,536958,0
1445,13502,35500,267487,316489,13502,35500,267487,316489,632978,0
6119,463238,722967,1559956,2746161,463187,722861,1559955,2746003,5492164,2629184
3012,189,31,291,511,189,31,291,511,1022,0
5261,8069,8854,14867,31790,8069,8854,14867,31790,63580,0
5284,12856,20022,16916,49794,12856,20022,16916,49794,99588,0
4076,1822,10597,0,12419,1822,10597,0,12419,24838,0
6351,3513,305,1009,4827,3513,305,1009,4827,9654,0
8583,35061,34123,21119,90303,35061,34123,21119,90303,180606,127
4503,124254,173697,197090,495041,124254,173697,197090,495041,990082,0
5522,168993,241722,395192,805907,168993,241722,395192,805907,1611814,8414
2026,2396,755,291,3442,2396,755,291,3442,6884,0
2513,32831,59958,16550,109339,32831,59958,16550,109339,218678,0
1532,68392,202269,349941,620602,68392,202269,349941,620602,1241204,0
2935,10683,13463,11087,35233,10683,13463,11087,35233,70466,0
2786,14661,33753,33105,81519,14661,33753,33105,81519,163038,0
5035,90989,192413,181135,464537,91010,192457,181367,464834,929371,1998
5027,22059,39126,47753,108938,22038,39082,47521,108641,217579,0
5258,12016,19862,16569,48447,12016,19862,16569,48447,96894,104676
6876,84353,166467,602189,853009,84353,166467,602189,853009,1706018,0
5362,220575,294596,996212,1511383,220575,294596,996212,1511383,3022766,0
2354,145503,510248,178313,834064,145503,510248,178313,834064,1668128,0
8638,16476,27280,6002,49758,16476,27280,6002,49758,99516,0
8639,687,231,0,918,687,231,0,918,1836,0
9675,21035,19056,19448,59539,21035,19056,19448,59539,119078,0
8827,22813,38147,0,60960,22813,38147,0,60960,121920,247
1042,55659,84943,128584,269186,55659,84943,128584,269186,538372,0
2046,4329,4062,341,8732,4329,4062,341,8732,17464,0
7029,10117,9820,18512,38449,10117,9820,18512,38449,76898,0
5218,5952,11811,42522,60285,5952,11811,42522,60285,120570,0
5509,272601,377725,128492,778818,272601,377725,128492,778818,1557636,95756
2355,81590,236550,95719,413859,81590,236550,95719,413859,827718,0
3344,7687,5377,2738,15802,7687,5377,2738,15802,31604,0
5683,46942,35925,38292,121159,46942,35925,38292,121159,242318,0
6854,16291,34671,35740,86702,16291,34671,35740,86702,173404,0
8556,69644,41416,68513,179573,69644,41416,68513,179573,359146,0
2284,20301,19161,6890,46352,20301,19161,6890,46352,92704,0
5707,16963,29307,9678,55948,16963,29307,9678,55948,111896,13
5587,39456,47619,122707,209782,39456,47619,122707,209782,419564,0
2952,2408,4716,1062,8186,2408,4716,1062,8186,16372,0
3144,13754,14827,43065,71646,13754,14827,43065,71646,143292,0
6465,499,87,0,586,499,87,0,586,1172,0
6424,27705,25792,5811,59308,27705,25792,5811,59308,118616,100
9971,1110,831,746,2687,1110,831,746,2687,5374,0
8474,119551,88485,113963,321999,119551,88485,113963,321999,643998,0
2654,8125,1022,577,9724,8125,1022,577,9724,19448,0
9904,69420,58210,162933,290563,69420,58210,162933,290563,581126,0
9979,40643,30607,42499,113749,40643,30607,42499,113749,227498,0
2104,4312,1480,0,5792,4312,1480,0,5792,11584,0
1559,10962,10589,22978,44529,10962,10589,22978,44529,89058,0
2335,36063,77173,40034,153270,36063,77173,40034,153270,306540,0
9723,22457,18329,21371,62157,22457,18329,21371,62157,124314,0
3961,4393,4800,1248,10441,4393,4800,1248,10441,20882,0
4148,341,282,0,623,341,282,0,623,1246,0
8640,1716,2557,0,4273,1716,2557,0,4273,8546,0
2397,8100,15596,12170,35866,8100,15596,12170,35866,71732,0
2953,30292,50485,36664,117441,30292,50485,36664,117441,234882,0
5416,3442429,1858349,546876,5847654,3442429,1858349,546876,5847654,11695308,927900
8641,549,201,0,750,549,201,0,750,1500,0
3051,159719,177081,227841,564641,159719,177081,227841,564641,1129282,17491
6877,173737,216099,903863,1293699,173737,216099,903863,1293699,2587398,7672
9794,55024,38842,64296,158162,55024,38842,64296,158162,316324,0
2655,5579,844,53,6476,5579,844,53,6476,12952,0
8117,9993,10073,8874,28940,9993,10073,8874,28940,57880,291
4022,518,367,287,1172,518,367,287,1172,2344,0
5796,49773,108173,42379,200325,49773,108173,42379,200325,400650,0
5169,224338,389876,571352,1185566,224338,389876,571352,1185566,2371132,326995
9956,11219,12481,24694,48394,11219,12481,24694,48394,96788,0
5363,126116,155720,571064,852900,126116,155720,571064,852900,1705800,0
9501,28067,18301,8857,55225,28067,18301,8857,55225,110450,0
7921,1584,296,8262,10142,1584,296,8262,10142,20284,0
2454,837,334,0,1171,837,334,0,1171,2342,0
9813,3733668,3722316,4477943,11933927,3733670,3722310,4477943,11933923,23867850,2148398
9950,2207813,4153509,2320356,8681678,2207811,4153515,2320356,8681682,17363360,1347017
8360,23147,40301,4185,67633,23147,40301,4185,67633,135266,0
2301,6102,6822,8375,21299,6102,6822,8375,21299,42598,0
8715,6537,7326,1668,15531,6537,7326,1668,15531,31062,0
8828,1342,1533,0,2875,1342,1533,0,2875,5750,0
9503,48941,36419,58973,144333,48941,36419,58973,144333,288666,0
9301,9570,12355,4188,26113,9570,12355,4188,26113,52226,0
2895,57826,166424,122273,346523,57826,166424,122273,346523,693046,0
4760,178972,335041,65301,579314,178972,335041,65301,579314,1158628,51145
5338,6466,13248,10832,30546,6466,13248,10832,30546,61092,0
4457,50438,37154,5902,93494,50438,37154,5902,93494,186988,0
5629,164098,156184,455262,775544,164098,156184,455262,775544,1551088,0
2948,6937,16156,8237,31330,6937,16156,8237,31330,62660,0
5474,8300,14132,16830,39262,8300,14132,16830,39262,78524,0
8284,8754,10578,5796,25128,8754,10578,5796,25128,50256,0
9096,66,2,0,68,66,2,0,68,136,0
8643,2014,2227,336,4577,2014,2227,336,4577,9154,0
5298,4092,8417,7376,19885,4092,8417,7376,19885,39770,0
6878,119752,179142,665845,964739,119752,179142,665845,964739,1929478,0
8025,46957,67866,23802,138625,46957,67866,23802,138625,277250,1198
1220,7821,6295,2773,16889,7821,6295,2773,16889,33778,0
6028,73169,76239,345852,495260,73169,76239,345852,495260,990520,0
3033,33369,71918,81556,186843,33369,71918,81556,186843,373686,0
5272,43564,89304,100960,233828,43564,89304,100960,233828,467656,0
2962,9868,25183,13704,48755,9868,25183,13704,48755,97510,0
1409,28834,52375,445137,526346,28834,52375,445137,526346,1052692,183860
9635,95085,59689,75393,230167,95085,59689,75393,230167,460334,0
4131,7458,3280,5921,16659,7458,3280,5921,16659,33318,0
6206,9390,658,1298,11346,9390,658,1298,11346,22692,0
6029,23073,23376,86976,133425,23073,23376,86976,133425,266850,0
1965,25107,37352,5164,67623,25107,37352,5164,67623,135246,0
3839,31355,19810,15531,66696,31355,19810,15531,66696,133392,0
6469,111722,261439,154156,527317,111722,261439,154156,527317,1054634,173570
5514,16696,22387,54207,93290,16696,22387,54207,93290,186580,0
1132,47905,73187,80941,202033,47905,73187,80941,202033,404066,0
5172,211161,412569,732445,1356175,211161,412569,732445,1356175,2712350,14799
7443,401866,299205,730031,1431102,401866,299205,730031,1431102,2862204,55311
7922,2491,334,0,2825,2491,334,0,2825,5650,0
6855,7260,10356,19280,36896,7260,10356,19280,36896,73792,0
7032,10682,8494,30903,50079,10682,8494,30903,50079,100158,0
6275,3745,383,639,4767,3745,383,639,4767,9534,0
4892,87982,73601,62003,223586,87982,73601,62003,223586,447172,826
1463,70877,71955,119515,262347,70877,71955,119515,262347,524694,0
7328,47958,144986,15662,208606,47958,144986,15662,208606,417212,104
2218,107302,155443,92797,355542,107302,155443,92797,355542,711084,0
1996,1532,755,953,3240,1532,755,953,3240,6480,0
2325,21922,18872,5744,46538,21922,18872,5744,46538,93076,0
9725,19218,25196,16290,60704,19218,25196,16290,60704,121408,0
2900,22198,62442,34167,118807,22198,62442,34167,118807,237614,0
3136,6835,9416,20847,37098,6835,9416,20847,37098,74196,0
5138,85678,153840,361182,600700,85678,153840,361182,600700,1201400,0
9681,63753,55579,73578,192910,63753,55579,73578,192910,385820,760
9682,87559,70794,115043,273396,87559,70794,115043,273396,546792,0
5146,238465,361500,868295,1468260,238465,361500,868295,1468260,2936520,0
9610,3497,10389,232,14118,3497,10389,232,14118,28236,0
6276,1318,327,1139,2784,1318,327,1139,2784,5568,0
6280,67945,125660,12325,205930,67945,125660,12325,205930,411860,5138
2825,10634,11865,1366,23865,10634,11865,1366,23865,47730,0
8155,4317,736,4806,9859,4317,736,4806,9859,19718,0
5139,129425,190409,620099,939933,129425,190409,620099,939933,1879866,1008447
2955,23398,38848,41974,104220,23398,38848,41974,104220,208440,2216
5631,988602,1545347,1491972,4025921,988602,1545347,1491972,4025921,8051842,909341
8567,158363,175709,104576,438648,158363,175709,104576,438648,877296,0
5588,58232,49345,360435,468012,58232,49345,360435,468012,936024,0
3563,1554,19554,2943,24051,1554,19554,2943,24051,48102,0
7299,4177,3337,1586,9100,4177,3337,1586,9100,18200,0
4300,13317,479,321,14117,13317,479,321,14117,28234,0
7930,8108,650,457,9215,8108,650,457,9215,18430,0
6281,6807,5245,1768,13820,6807,5245,1768,13820,27640,337
5364,56580,79788,300068,436436,56580,79788,300068,436436,872872,0
6977,52187,85434,644422,782043,52187,85434,644422,782043,1564086,0
6867,84362,133533,421092,638987,84362,133533,421092,638987,1277974,130725
6978,10696,21243,135272,167211,10696,21243,135272,167211,334422,0
3053,68015,83821,126951,278787,68015,83821,126951,278787,557574,0
7300,2102,2454,769,5325,2102,2454,769,5325,10650,0
2896,25128,76976,51136,153240,25128,76976,51136,153240,306480,0
6075,34676,66152,100269,201097,34676,66152,100269,201097,402194,0
2585,5805,12761,7713,26279,5805,12761,7713,26279,52558,0
4577,36628,21681,114697,173006,36628,21681,114697,173006,346012,0
9810,85907,61284,92175,239366,85907,61284,92175,239366,478732,0
2845,17396,26192,21006,64594,17396,26192,21006,64594,129188,0
7266,14191,19103,1176,34470,14191,19103,1176,34470,68940,0
2295,10578,32484,10124,53186,10578,32484,10124,53186,106372,0
8411,184676,325282,225008,734966,184676,325282,225008,734966,1469932,20585
4521,33212,42947,89461,165620,33212,42947,89461,165620,331240,0
2572,8530,11885,13065,33480,8530,11885,13065,33480,66960,0
2229,23568,95785,24939,144292,23568,95785,24939,144292,288584,0
5173,9023,8646,7291,24960,9023,8646,7291,24960,49920,0
7568,9276,23361,3722,36359,9276,23361,3722,36359,72718,0
5037,6969,13445,18084,38498,6969,13445,18084,38498,76996,0
5947,16946,8020,18325,43291,16946,8020,18325,43291,86582,0
9726,157128,117487,133033,407648,157128,117487,133033,407648,815296,5255
9727,128509,97257,143875,369641,128509,97257,143875,369641,739282,0
8241,5308,4063,2830,12201,5308,4063,2830,12201,24402,0
5450,59878,123622,102647,286147,59878,123622,102647,286147,572294,48373
1413,26415,46203,356465,429083,26415,46203,356465,429083,858166,0
5560,98281,136635,337677,572593,98281,136635,337677,572593,1145186,0
5561,128598,385974,520166,1034738,128598,385974,520166,1034738,2069476,0
5589,78060,102656,217695,398411,78060,102656,217695,398411,796822,0
1033,12626,16784,17845,47255,12626,16784,17845,47255,94510,0
1145,18968,19820,26000,64788,18968,19820,26000,64788,129576,0
5940,29766,22627,21670,74063,29766,22627,21670,74063,148126,0
3007,15500,15962,21183,52645,15500,15962,21183,52645,105290,0
2767,43328,33464,18094,94886,43328,33464,18094,94886,189772,0
3191,21051,36599,99694,157344,21051,36599,99694,157344,314688,0
2557,6110,975,1455,8540,6110,975,1455,8540,17080,0
4458,16622,2842,45876,65340,16622,2842,45876,65340,130680,0
1521,15432,10752,118608,144792,15432,10752,118608,144792,289584,0
7374,699,199,1178,2076,699,199,1178,2076,4152,0
1533,22201,59373,80516,162090,22201,59373,80516,162090,324180,0
6804,20223,15114,44071,79408,20223,15114,44071,79408,158816,0
6827,244761,269613,315828,830202,244761,269613,315828,830202,1660404,0
6879,200448,297994,1023031,1521473,200448,297994,1023031,1521473,3042946,0
1543,173940,461757,830647,1466344,173940,461757,830647,1466344,2932688,3332
5140,8551,8887,22490,39928,8551,8887,22490,39928,79856,0
6012,50073,88232,312679,450984,50073,88232,312679,450984,901968,0
7401,7332,16093,126542,149967,7332,16093,126542,149967,299934,0
2027,4608,1609,1879,8096,4608,1609,1879,8096,16192,0
8213,204660,280648,116935,602243,204660,280648,116935,602243,1204486,199
1397,94547,104631,298081,497259,94547,104631,298081,497259,994518,187013
598,19982,9164,49421,78567,19982,9164,49421,78567,157134,0
2230,28291,38733,9930,76954,28291,38733,9930,76954,153908,0
4579,4055,164,5701,9920,4055,164,5701,9920,19840,0
8009,73955,108602,31476,214033,73955,108602,31476,214033,428066,217
9246,3970,2868,3395,10233,3970,2868,3395,10233,20466,0
6902,15071,24042,15273,54386,15071,24042,15273,54386,108772,0
6905,13212,21261,39409,73882,13212,21261,39409,73882,147764,0
5633,122362,277455,450608,850425,122362,277455,450608,850425,1700850,101846
5489,66651,152212,300145,519008,66651,152212,300145,519008,1038016,0
5219,143174,435776,364118,943068,143174,435776,364118,943068,1886136,33380
1398,24995,48058,75012,148065,24995,48058,75012,148065,296130,0
6070,301030,336783,314481,952294,301030,336783,314481,952294,1904588,0
6528,10366,16119,14273,40758,10366,16119,14273,40758,81516,3117
6845,21257,28623,147330,197210,21257,28623,147330,197210,394420,0
2826,11099,11406,475,22980,11099,11406,475,22980,45960,0
2604,3680,13255,5245,22180,3680,13255,5245,22180,44360,0
4594,6202,2620,11023,19845,6202,2620,11023,19845,39690,0
5532,282439,433792,376118,1092349,282439,433792,376118,1092349,2184698,271921
6260,160,4,0,164,160,4,0,164,328,0
4079,35096,30108,621,65825,35096,30108,621,65825,131650,0
2428,16075,1327,987,18389,16075,1327,987,18389,36778,0
2146,2882,1657,336,4875,2882,1657,336,4875,9750,0
9634,25597,21115,25033,71745,25597,21115,25033,71745,143490,0
7569,4749,4971,1061,10781,4749,4971,1061,10781,21562,0
5289,26089,32163,155305,213557,26089,32163,155305,213557,427114,0
3186,165965,287346,467383,920694,165965,287346,467383,920694,1841388,102022
5050,68037,96289,384740,549066,68037,96289,384740,549066,1098132,0
3513,3237,28552,5145,36934,3237,28552,5145,36934,73868,0
9419,363519,345888,162003,871410,363519,345888,162003,871410,1742820,397823
5490,269105,618254,1053640,1940999,269105,618254,1053640,1940999,3881998,626370
2768,54558,103940,108989,267487,54558,103940,108989,267487,534974,6716
5220,37419,92724,189586,319729,37419,92724,189586,319729,639458,0
8498,55708,40571,62002,158281,55708,40571,62002,158281,316562,0
1434,8096,10014,79385,97495,8096,10014,79385,97495,194990,0
2860,45557,83720,62412,191689,45557,83720,62412,191689,383378,3446
6283,3545,479,24,4048,3545,479,24,4048,8096,0
3845,55598,48257,50375,154230,55598,48257,50375,154230,308460,0
3908,7414,8064,4035,19513,7414,8064,4035,19513,39026,0
2861,54049,102572,73755,230376,54049,102572,73755,230376,460752,0
8524,93674,124909,72385,290968,93674,124909,72385,290968,581936,14808
6220,15041,6761,5537,27339,15041,6761,5537,27339,54678,0
5893,53363,48423,88725,190511,53363,48423,88725,190511,381022,0
1148,19585,36476,13306,69367,19585,36476,13306,69367,138734,0
7887,2552,651,1160,4363,2552,651,1160,4363,8726,0
9981,143465,147819,291151,582435,143465,147819,291151,582435,1164870,90
9982,5029,3194,2999,11222,5029,3194,2999,11222,22444,0
2656,9835,871,43,10749,9835,871,43,10749,21498,211
8647,1596,611,616,2823,1596,611,616,2823,5646,0
2149,15300,14232,6125,35657,15300,14232,6125,35657,71314,2054
1391,199098,338801,288293,826192,199098,338801,288293,826192,1652384,23172
1522,61954,101038,301822,464814,61954,101038,301822,464814,929628,0
4028,12945,18397,20345,51687,12945,18397,20345,51687,103374,0
4524,16393,10884,22179,49456,16393,10884,22179,49456,98912,0
3146,57398,128363,112206,297967,57398,128363,112206,297967,595934,0
8129,115,2,16,133,115,2,16,133,266,0
3607,95832,266707,124883,487422,95832,266707,124883,487422,974844,31229
5174,51072,113759,245123,409954,51072,113759,245123,409954,819908,0
5066,235597,288563,819033,1343193,235597,288563,819033,1343193,2686386,1147999
5590,80466,64880,198779,344125,80466,64880,198779,344125,688250,0
6818,69721,80740,156621,307082,69613,80458,156323,306394,613476,0
6085,140976,140278,341608,622862,141084,140560,341905,623549,1246411,648
8067,8898,2381,3177,14456,8898,2381,3177,14456,28912,0
2138,10318,8782,3196,22296,10318,8782,3196,22296,44592,0
5417,1919,6950,6686,15555,1919,6950,6686,15555,31110,0
7766,3534,1652,2801,7987,3534,1652,2801,7987,15974,9890
7506,59717,100552,25866,186135,59717,100552,25866,186135,372270,2404
3194,3735,5190,2373,11298,3735,5190,2373,11298,22596,0
2691,2034,1769,0,3803,2034,1769,0,3803,7606,0
5235,82866,135690,204911,423467,82866,135690,204911,423467,846934,0
9909,74038,51489,55182,180709,74038,51489,55182,180709,361418,0
3054,330383,368252,392661,1091296,330383,368252,392661,1091296,2182592,47349
5202,16804,21693,84476,122973,16804,21693,84476,122973,245946,1
6919,102533,154191,539011,795735,102533,154191,539011,795735,1591470,0
3314,23104,40020,9819,72943,23104,40020,9819,72943,145886,0
6009,125384,328163,1633133,2086680,125371,328148,1633139,2086658,4173338,124077
2356,38995,141436,39363,219794,38995,141436,39363,219794,439588,0
5236,34381,50053,196081,280515,34381,50053,196081,280515,561030,0
9983,53672,38323,48252,140247,53672,38323,48252,140247,280494,0
9676,31217,18604,52469,102290,31217,18604,52469,102290,204580,0
9630,48149,18268,56481,122898,48149,18268,56481,122898,245796,0
2231,78141,189578,76687,344406,78141,189578,76687,344406,688812,0
5539,66270,28219,45677,140166,66270,28219,45677,140166,280332,5449
5591,32205,33396,99650,165251,32205,33396,99650,165251,330502,0
1870,36237,59989,47138,143364,36237,59989,47138,143364,286728,0
2398,24009,53210,27769,104988,24009,53210,27769,104988,209976,6628
5880,22814,22493,38481,83788,22814,22493,38481,83788,167576,0
6086,353911,378705,552131,1284747,353911,378705,552131,1284747,2569494,64283
5107,179453,234054,951930,1365437,179453,234054,951930,1365437,2730874,301573
6880,66700,112371,93863,272934,66700,112371,93863,272934,545868,0
5141,3521,6372,12587,22480,3521,6372,12587,22480,44960,0
2901,6033,18723,15621,40377,6033,18723,15621,40377,80754,0
1221,32734,22284,10723,65741,32734,22284,10723,65741,131482,0
5308,4546,4673,12502,21721,4546,4673,12502,21721,43442,0
5941,9372,2254,3643,15269,9372,2254,3643,15269,30538,0
2437,16386,70622,5306,92314,16386,70622,5306,92314,184628,551
9738,15721,16023,18912,50656,15721,16023,18912,50656,101312,16131
6979,31309,86278,653814,771401,31309,86278,653814,771401,1542802,0
4794,4706,11052,2917,18675,4706,11052,2917,18675,37350,0
5717,28358,99134,19157,146649,28358,99134,19157,146649,293298,2244
8436,11772,6058,8342,26172,11772,6058,8342,26172,52344,0
5418,108397,153787,468400,730584,108397,153787,468400,730584,1461168,0
5523,78443,112393,134284,325120,78443,112393,134284,325120,650240,0
2193,96020,137502,36941,270463,96020,137502,36941,270463,540926,25499
2432,10860,650,390,11900,10860,650,390,11900,23800,0
2828,9945,11427,836,22208,9945,11427,836,22208,44416,0
4189,259,114,261,634,259,114,261,634,1268,0
5365,100992,154814,292581,548387,100992,154814,292581,548387,1096774,0
8212,56480,30352,37468,124300,56480,30352,37468,124300,248600,0
6015,61248,85486,301314,448048,61248,85486,301314,448048,896096,0
8499,156040,119846,152134,428020,156040,119846,152134,428020,856040,0
5309,210267,393111,614048,1217426,210267,393111,614048,1217426,2434852,167368
5562,44615,49564,95685,189864,44615,49564,95685,189864,379728,0
2105,6193,1977,265,8435,6193,1977,265,8435,16870,0
8720,57792,74214,72016,204022,57792,74214,72016,204022,408044,0
2399,395,370,0,765,395,370,0,765,1530,0
2303,29078,44410,6465,79953,29078,44410,6465,79953,159906,0
5563,100025,108097,302496,510618,100025,108097,302496,510618,1021236,1276
5273,170546,412597,568176,1151319,170546,412597,568176,1151319,2302638,451509
7327,17745,29818,4485,52048,17745,29818,4485,52048,104096,0
1563,6701,5903,5527,18131,6701,5903,5527,18131,36262,0
8071,11398,11118,19480,41996,11398,11118,19480,41996,83992,0
1734,9442,5433,6558,21433,9442,5433,6558,21433,42866,0
2194,61898,173718,65714,301330,61898,173718,65714,301330,602660,0
6221,190,32,57,279,190,32,57,279,558,0
1862,43092,27069,8074,78235,43092,27069,8074,78235,156470,0
8437,503544,769144,510103,1782791,503544,769144,510103,1782791,3565582,234932
8126,249457,624078,207715,1081250,249457,624078,207715,1081250,2162500,64789
2937,2756,3210,5123,11089,2756,3210,5123,11089,22178,0
2558,4232,899,519,5650,4232,899,519,5650,11300,0
3072,26663,51618,59123,137404,26663,51618,59123,137404,274808,0
8098,3422,5324,1622,10368,3422,5324,1622,10368,20736,0
6108,169754,290812,335782,796348,169754,290812,335782,796348,1592696,10
8921,22428,12838,8681,43947,22428,12838,8681,43947,87894,0
2235,145484,338278,151093,634855,145484,338278,151093,634855,1269710,82468
5463,32679,56301,192567,281547,32679,56301,192567,281547,563094,125294
8099,4585,6908,5525,17018,4585,6908,5525,17018,34036,0
2160,81297,434113,79146,594556,81297,434113,79146,594556,1189112,13689
2829,5989,13516,5418,24923,5989,13516,5418,24923,49846,0
2959,2868,6369,6124,15361,2868,6369,6124,15361,30722,0
6310,6273,2637,1671,10581,6273,2637,1671,10581,21162,0
9845,258136,187321,212554,658011,258136,187321,212554,658011,1316022,729311
6851,8223,5260,16611,30094,8223,5260,16611,30094,60188,0
9618,7425,1693,67561,76679,7425,1693,67561,76679,153358,0
5495,24743,35295,89405,149443,24743,35295,89405,149443,298886,0
6881,303548,553416,1922743,2779707,303548,553416,1922743,2779707,5559414,19097
8568,156411,268298,181154,605863,156411,268298,181154,605863,1211726,0
2236,2273,3343,1839,7455,2273,3343,1839,7455,14910,0
2122,212,60,0,272,212,60,0,272,544,0
6882,77398,47790,193771,318959,77398,47790,193771,318959,637918,0
8922,21390,8045,10298,39733,21390,8045,10298,39733,79466,0
8648,5368,2717,1902,9987,5368,2717,1902,9987,19974,0
8778,480,59,33,572,480,59,33,572,1144,0
9136,140682,186065,169822,496569,140682,186065,169822,496569,993138,46441
9646,9066,7338,10679,27083,9066,7338,10679,27083,54166,0
8649,191034,315378,15444,521856,191034,315378,15444,521856,1043712,45242
8614,94,16,0,110,94,16,0,110,220,0
8924,52230,32184,27369,111783,52230,32184,27369,111783,223566,0
7217,339725,622057,450894,1412676,339725,622057,450894,1412676,2825352,173264
2817,26922,34205,29509,90636,26922,34205,29509,90636,181272,0
9508,133420,145769,157797,436986,133420,145769,157797,436986,873972,0
5592,89464,88461,228388,406313,89464,88461,228388,406313,812626,0
3110,3247,2808,2444,8499,3247,2808,2444,8499,16998,0
3170,18576,15820,43933,78329,18576,15820,43933,78329,156658,0
3555,3440,20873,7764,32077,3440,20873,7764,32077,64154,0
1097,37205,33310,76494,147009,37205,33310,76494,147009,294018,0
4081,2108,803,0,2911,2108,803,0,2911,5822,0
9648,218163,146642,258385,623190,218163,146642,258385,623190,1246380,0
9995,70484,63491,61867,195842,70484,63491,61867,195842,391684,0
2605,3249,6147,4938,14334,3249,6147,4938,14334,28668,0
5038,7051,8772,5809,21632,7051,8772,5809,21632,43264,0
8468,268425,305128,172835,746388,268425,305128,172835,746388,1492776,1050
8925,16538,19240,2899,38677,16538,19240,2899,38677,77354,0
6838,35388,48837,314393,398618,35388,48837,314393,398618,797236,0
1655,12463,11843,30461,54767,12463,11843,30461,54767,109534,0
3325,26094,82764,45956,154814,26094,82764,45956,154814,309628,0
1384,921,966,2239,4126,921,966,2239,4126,8252,0
5678,5723,17015,1725,24463,5723,17015,1725,24463,48926,0
5079,1760,1294,4796,7850,1760,1294,4796,7850,15700,0
5205,23968,18050,36557,78575,23968,18050,36557,78575,157150,0
1976,31179,36682,28059,95920,31179,36682,28059,95920,191840,0
5419,29751,41964,166236,237951,29751,41964,166236,237951,475902,0
7011,2951,1311,3875,8137,2951,1311,3875,8137,16274,0
9816,8497,5381,6573,20451,8497,5381,6573,20451,40902,0
1447,33070,51179,139751,224000,33070,51179,139751,224000,448000,0
1448,18416,40154,325007,383577,18416,40154,325007,383577,767154,0
3092,116882,147805,698877,963564,116532,147652,696214,960398,1923962,32743
5080,52513,79071,258784,390368,52513,79071,258784,390368,780736,48
1553,87097,91132,264098,442327,87097,91132,264098,442327,884654,0
1449,30127,28272,225119,283518,30127,28272,225119,283518,567036,0
1399,14830,31212,87137,133179,14830,31212,87137,133179,266358,0
1966,4626,3852,2028,10506,4626,3852,2028,10506,21012,0
1857,100414,234298,221483,556195,100414,234298,221483,556195,1112390,34546
5593,89193,74158,228837,392188,89193,74158,228837,392188,784376,0
5594,54755,55201,141924,251880,54755,55201,141924,251880,503760,0
3571,632,1182,986,2800,632,1182,986,2800,5600,0
3237,52437,41745,34373,128555,52437,41745,34373,128555,257110,0
5108,68071,67082,320809,455962,68071,67082,320809,455962,911924,0
4581,132446,198780,282520,613746,132446,198780,282520,613746,1227492,0
1229,14167,9842,6770,30779,14167,9842,6770,30779,61558,4441
4132,5653,2165,1415,9233,5653,2165,1415,9233,18466,0
1415,30485,85831,228625,344941,30485,85831,228625,344941,689882,0
7516,1066,88,0,1154,1066,88,0,1154,2308,0
8652,65,22,0,87,65,22,0,87,174,0
4083,5129,1445,99,6673,5129,1445,99,6673,13346,0
9512,62542,74354,61625,198521,62542,74354,61625,198521,397042,12371
9516,9998,9969,18853,38820,9998,9969,18853,38820,77640,0
9960,17298,11648,11335,40281,17298,11648,11335,40281,80562,0
9517,152178,133302,201742,487222,152178,133302,201742,487222,974444,91001
8653,348,48,0,396,348,48,0,396,792,0
3008,13915,40464,19398,73777,13915,40464,19398,73777,147554,0
9142,13524,19566,13118,46208,13524,19566,13118,46208,92416,0
1392,76455,84665,134023,295143,76455,84665,134023,295143,590286,0
7115,91960,215433,62248,369641,91960,215433,62248,369641,739282,0
1109,104739,135528,161574,401841,104739,135528,161574,401841,803682,0
5823,58,611,102,771,58,611,102,771,1542,0
9817,24416,19676,23704,67796,24416,19676,23704,67796,135592,0
4508,6400,6330,9464,22194,6400,6330,9464,22194,44388,0
9217,5072,2576,2510,10158,5072,2576,2510,10158,20316,0
5565,475565,827089,1277662,2580316,475565,827089,1277662,2580316,5160632,0
5366,34184,27941,80850,142975,34184,27941,80850,142975,285950,0
8655,11904,6360,763,19027,11904,6360,763,19027,38054,0
3073,7901,12891,12046,32838,7901,12891,12046,32838,65676,0
6862,4019,4453,13799,22271,4019,4453,13799,22271,44542,0
6527,20760,14496,35700,70956,20760,14496,35700,70956,141912,0
2124,202177,695735,197826,1095738,202177,695735,197826,1095738,2191476,71023
1867,28362,37428,9700,75490,28362,37428,9700,75490,150980,0
2057,8500,3753,542,12795,8500,3753,542,12795,25590,0
1959,2609,1966,544,5119,2609,1966,544,5119,10238,0
9145,148697,276783,135329,560809,148697,276783,135329,560809,1121618,18194
9518,3080,4723,984,8787,3080,4723,984,8787,17574,0
2245,151862,300304,137507,589673,151862,300304,137507,589673,1179346,43884
2668,67817,24025,21230,113072,67817,24025,21230,113072,226144,4351
9771,20183,14941,11089,46213,20183,14941,11089,46213,92426,0
9230,9220,4717,5684,19621,9220,4717,5684,19621,39242,0
9766,20591,20580,30522,71693,20591,20580,30522,71693,143386,0
6466,39,5,0,44,39,5,0,44,88,0
6401,11606,5853,8963,26422,11606,5853,8963,26422,52844,0
6565,7911,5362,7840,21113,7911,5362,7840,21113,42226,0
8214,45952,54877,28028,128857,45952,54877,28028,128857,257714,0
6088,70897,54024,115432,240353,70897,54024,115432,240353,480706,0
4206,6554,3893,942,11389,6554,3893,942,11389,22778,0
5109,25016,27355,85531,137902,25016,27355,85531,137902,275804,0
8546,31339,32493,17337,81169,31339,32493,17337,81169,162338,0
4228,1616,428,242,2286,1616,428,242,2286,4572,0
2848,48513,57727,49367,155607,48513,57727,49367,155607,311214,0
8657,11961,14375,0,26336,11961,14375,0,26336,52672,0
9149,10034,9607,3873,23514,10034,9607,3873,23514,47028,2422
5057,64413,92737,294679,451829,64413,92737,294679,451829,903658,0
7445,272010,172360,454679,899049,272010,172360,454679,899049,1798098,0
8658,1969,666,5,2640,1969,666,5,2640,5280,0
5504,27324,3006,3251,33581,27324,3006,3251,33581,67162,0
7201,92,97,79,268,92,97,79,268,536,0
4084,1815,345,0,2160,1815,345,0,2160,4320,0
9710,61244,53689,56092,171025,61244,53689,56092,171025,342050,0
2685,342400,347975,89622,779997,342400,347975,89622,779997,1559994,247952
5275,90185,183541,134124,407850,90185,183541,134124,407850,815700,0
1017,12751,21308,8151,42210,12751,21308,8151,42210,84420,0
9652,12120,9583,11295,32998,12120,9583,11295,32998,65996,0
2735,8397,3716,923,13036,8397,3716,923,13036,26072,0
3171,79867,91764,159196,330827,79867,91764,159196,330827,661654,0
4607,15694,15583,33018,64295,15694,15583,33018,64295,128590,0
1761,19056,6849,5233,31138,19056,6849,5233,31138,62276,0
9818,36482,25320,32838,94640,36482,25320,32838,94640,189280,0
2058,7296,2378,2383,12057,7296,2378,2383,12057,24114,0
1871,4825,7233,578,12636,4825,7233,578,12636,25272,0
5824,203,515,311,1029,203,515,311,1029,2058,0
4595,6609,3005,7569,17183,6609,3005,7569,17183,34366,0
9876,74392,121571,108434,304397,74392,121571,108434,304397,608794,0
9521,84438,78857,58151,221446,84438,78857,58151,221446,442892,0
9728,62747,70359,34048,167154,62747,70359,34048,167154,334308,0
3225,20136,5378,8155,33669,20136,5378,8155,33669,67338,0
2669,14994,3021,5032,23047,14994,3021,5032,23047,46094,0
2059,4204,652,3203,8059,4204,652,3203,8059,16118,0
2339,33511,156987,35579,226077,33511,156987,35579,226077,452154,0
1133,33004,53991,48289,135284,33004,53991,48289,135284,270568,0
1534,90646,299357,426526,816529,90646,299357,426526,816529,1633058,0
7925,1032,260,6485,7777,1032,260,6485,7777,15554,0
4597,248107,402867,232804,883778,248107,402867,232804,883778,1767556,108826
2237,129521,241782,123638,494941,129521,241782,123638,494941,989882,0
5368,236242,231199,473631,941072,236242,231199,473631,941072,1882144,57667
4784,26814,40685,22569,90068,26814,40685,22569,90068,180136,2
5110,96087,115081,536231,747399,96087,115081,536231,747399,1494798,0
8487,3111632,4833773,3265461,11210866,3111632,4833773,3265461,11210866,22421732,1920398
1947,573850,1413777,578384,2566011,573850,1413777,578384,2566011,5132022,420563
5294,5522,6709,11773,24004,5522,6709,11773,24004,48008,0
7446,205584,193314,490644,889542,205584,193314,490644,889542,1779084,0
1373,85242,204322,419790,709354,85242,204322,419790,709354,1418708,0
3539,23,122,135,280,23,122,135,280,560,0
3498,18,238,0,256,18,238,0,256,512,0
5111,19750,19684,48479,87913,19750,19684,48479,87913,175826,0
9955,112237,179940,127899,420076,112237,179940,127899,420076,840152,0
3620,29764,56122,34806,120692,29764,56122,34806,120692,241384,0
6089,205678,224623,292642,722943,205678,224623,292642,722943,1445886,0
9188,62490,126651,14096,203237,62490,126651,14096,203237,406474,0
2862,31001,83713,36256,150970,31001,83713,36256,150970,301940,0
5329,221169,551983,597221,1370373,221169,551983,597221,1370373,2740746,502976
5051,463861,601523,2065034,3130418,463861,601523,2065034,3130418,6260836,2765614
2710,86230,34903,39055,160188,86230,34903,39055,160188,320376,0
7402,5957,17859,130602,154418,5957,17859,130602,154418,308836,0
7403,4788,14654,106396,125838,4788,14654,106396,125838,251676,0
1177,116603,124007,39985,280595,116603,124007,39985,280595,561190,0
1291,50907,77548,223588,352043,50907,77548,223588,352043,704086,136545
1579,1335,5748,5368,12451,1335,5748,5368,12451,24902,0
7491,383224,131844,832368,1347436,383224,131844,832368,1347436,2694872,0
6340,258423,308672,122611,689706,258423,308672,122611,689706,1379412,24299
5369,34812,67921,138106,240839,34812,67921,138106,240839,481678,0
7305,11463,10537,4763,26763,11463,10537,4763,26763,53526,0
9438,181835,242958,168816,593609,181835,242958,168816,593609,1187218,0
5634,55137,101726,103900,260763,55137,101726,103900,260763,521526,0
3573,11146,103638,32535,147319,11146,103638,32535,147319,294638,38783
5635,32015,46006,41341,119362,32015,46006,41341,119362,238724,0
3853,26110,29557,22810,78477,26110,29557,22810,78477,156954,0
3066,1695,623,1813,4131,1695,623,1813,4131,8262,0
2156,10573,9401,2481,22455,10573,9401,2481,22455,44910,0
2661,34696,74152,70240,179088,34696,74152,70240,179088,358176,0
5260,69087,200696,173058,442841,69087,200696,173058,442841,885682,3324
5498,30882,42315,60683,133880,30882,42315,60683,133880,267760,0
7072,18751,20911,38400,78062,18751,20911,38400,78062,156124,0
2242,2305161,5497293,2015359,9817813,2305166,5497346,2015489,9818001,19635814,469483
2244,418338,775538,364696,1558572,418338,775546,364715,1558599,3117171,0
2246,1084555,3712784,619301,5416640,1084548,3712708,619116,5416372,10833012,627689
9709,128299,98499,57613,284411,128299,98499,57613,284411,568822,221322
9371,105054,88781,89166,283001,105054,88781,89166,283001,566002,0
9372,52454,38746,31588,122788,52454,38746,31588,122788,245576,0
4327,474,66,1343,1883,474,66,1343,1883,3766,0
4356,3772,1076,1766,6614,3772,1076,1766,6614,13228,0
4226,409,167,207,783,409,167,207,783,1566,0
4018,19312,23722,24734,67768,19312,23722,24734,67768,135536,0
3844,69356,60778,60869,191003,69356,60778,60869,191003,382006,0
4460,1669,260,0,1929,1669,260,0,1929,3858,0
4334,643,94,0,737,643,94,0,737,1474,0
4248,3725,3088,67,6880,3725,3088,67,6880,13760,0
4059,7174,2724,0,9898,7174,2724,0,9898,19796,0
4227,12642,11264,625,24531,12642,11264,625,24531,49062,0
2484,62517,61944,8991,133452,62517,61944,8991,133452,266904,0
2485,45978,79642,14797,140417,45978,79642,14797,140417,280834,75903
4247,1492,1272,0,2764,1492,1272,0,2764,5528,0
4133,103339,37433,41471,182243,103339,37433,41471,182243,364486,3615
2488,1875,2799,1270,5944,1875,2799,1270,5944,11888,0
2467,1743,3578,529,5850,1743,3578,529,5850,11700,0
4060,1998,849,21,2868,1998,849,21,2868,5736,0
4162,1136,499,0,1635,1136,499,0,1635,3270,0
4138,420,261,0,681,420,261,0,681,1362,0
4207,311,148,0,459,311,148,0,459,918,0
9925,15636,26427,11596,53659,15636,26427,11596,53659,107318,0
9916,6853,11421,2199,20473,6853,11421,2199,20473,40946,0
3847,32333,27364,35138,94835,32333,27364,35138,94835,189670,0
2457,4581,2469,129,7179,4581,2469,129,7179,14358,0
4223,4583,6649,4054,15286,4583,6649,4054,15286,30572,0
9699,37176,70221,11635,119032,37176,70221,11635,119032,238064,0
4061,705,402,0,1107,705,402,0,1107,2214,0
4163,3172,1394,0,4566,3172,1394,0,4566,9132,0
4421,7516,1487,8291,17294,7516,1487,8291,17294,34588,0
3852,8476,10325,8289,27090,8476,10325,8289,27090,54180,0
8712,853,326,84,1263,853,326,84,1263,2526,0
8846,359,71,0,430,359,71,0,430,860,0
8829,604,225,0,829,604,225,0,829,1658,0
8830,122,40,0,162,122,40,0,162,324,0
9156,10872,15004,6454,32330,10872,15004,6454,32330,64660,0
8660,87,22,0,109,87,22,0,109,218,0
9655,19115,12315,15588,47018,19115,12315,15588,47018,94036,0
9614,19926,46770,164,66860,19926,46770,164,66860,133720,0
8443,7635,5255,5479,18369,7635,5255,5479,18369,36738,0
5112,864211,972740,4653389,6490340,861620,971713,4635435,6468768,12959108,417327
5148,3508204,5132356,16249948,24890508,3497585,5126901,16188158,24812644,49703152,4971470
5142,782228,897537,9162510,10842275,779850,896593,9127662,10804105,21646380,200318
5143,2389758,5062105,10905038,18356901,2382609,5056838,10863584,18303031,36659932,1677852
5121,310681,453824,1886867,2651372,309766,453395,1879906,2643067,5294439,1231
1444,1977980,7173919,4615876,13767775,1971119,7164692,4596400,13732211,27499986,1282665
577,166724,54095,56506,277325,185381,115251,595179,895811,1173136,79378
7490,1242535,1162095,5446004,7850634,1238810,1160889,5425269,7824968,15675602,166576
6966,17549,17672,56976,92197,17549,17672,56976,92197,184394,0
6121,2335703,6365510,3633269,12334482,2328701,6358815,3619429,12306945,24641427,2703432
6965,4715961,5825436,17052759,27594156,4701924,5819555,16987781,27509260,55103416,1404473
1475,940059,2338106,2425466,5703631,938152,2337427,2417435,5693014,11396645,331731
6005,605986,508220,3580441,4694647,604130,507657,3567001,4678788,9373435,1228701
3087,2452055,7079531,5136938,14668524,2444704,7072182,5117348,14634234,29302758,1512523
5281,51747,113298,71235,236280,51747,113298,71235,236280,472560,0
5632,64840,44886,231580,341306,64840,44886,231580,341306,682612,0
1555 & 1427,1539914,3883924,3315959,8739797,1535962,3881340,3305198,8722500,17462297,2841029
5426,5839820,11396894,17891257,35127971,5821991,11384627,17822526,35029144,70157115,4498079
5598,6884199,13180952,23963709,44028860,6863328,13166456,23871432,43901216,87930076,4587154
5158,278555,871856,2208202,3358613,277727,870929,2199859,3348515,6707128,891236
1067,16024,28972,33581,78577,16024,28972,33581,78577,157154,0
1829,132862,67236,58941,259039,132862,67236,58941,259039,518078,5089
2657,5586,1020,24,6630,5586,1020,24,6630,13260,52
7978,9064,9143,3810,22017,9064,9143,3810,22017,44034,0
1110,84015,103480,126108,313603,84015,103480,126108,313603,627206,0
5674,1928,137,1733,3798,1928,137,1733,3798,7596,0
5114,37592,79333,138285,255210,37592,79333,138285,255210,510420,0
9354,32771,27318,22769,82858,32771,27318,22769,82858,165716,0
1305,4265,2532,718,7515,4265,2532,718,7515,15030,0
1306,9000,5673,2166,16839,9000,5673,2166,16839,33678,0
3574,1371,35574,2361,39306,1371,35574,2361,39306,78612,0
2307,5298,2582,575,8455,5298,2582,575,8455,16910,0
2689,10335,1607,2303,14245,10335,1607,2303,14245,28490,0
2598,22027,31227,50814,104068,22027,31227,50814,104068,208136,0
3517,2994,16856,11008,30858,2994,16856,11008,30858,61716,0
1897,245328,327938,138560,711826,245328,327938,138560,711826,1423652,9370
5082,85279,104348,327149,516776,85279,104348,327149,516776,1033552,0
6202,8558,1344,1631,11533,8558,1344,1631,11533,23066,0
5053,34749,50903,135070,220722,34749,50903,135070,220722,441444,0
7268,62659,150192,3465,216316,62659,150192,3465,216316,432632,2919
3635,29653,71678,42569,143900,29653,71678,42569,143900,287800,0
1536,238592,884279,595488,1718359,238592,884279,595488,1718359,3436718,109506
3645,520009,552966,221656,1294631,520009,552966,221656,1294631,2589262,78628
3518,6,599,0,605,6,599,0,605,1210,0
4826,35853,36971,11145,83969,35853,36971,11145,83969,167938,0
4640,9350,10370,32187,51907,9350,10370,32187,51907,103814,0
5892,14983,48669,22225,85877,14983,48669,22225,85877,171754,0
5887,26277,59846,9532,95655,26277,59846,9532,95655,191310,0
5762,3153,28872,548,32573,3153,28872,548,32573,65146,0
5761,5688,29757,4724,40169,5688,29757,4724,40169,80338,0
2670,22177,11082,2698,35957,22177,11082,2698,35957,71914,0
2871,159371,327835,79735,566941,159371,327835,79735,566941,1133882,8389
4422,34926,17969,778,53673,34926,17969,778,53673,107346,14645
3963,26986,49372,9803,86161,26986,49372,9803,86161,172322,0
3962,1135,993,54,2182,1135,993,54,2182,4364,0
2155,198055,636931,237037,1072023,198055,636931,237037,1072023,2144046,0
5853,4180,4951,1904,11035,4180,4951,1904,11035,22070,0
3147,368791,669411,789094,1827296,368791,669411,789094,1827296,3654592,483323
5237,26,13,-4,35,26,13,-4,35,70,5753
5115,172659,375475,495782,1043916,172714,375621,496331,1044666,2088582,17555
5222,94100,109245,78502,281847,94045,109098,77953,281096,562943,5016
5599,30434,57737,204388,292559,30434,57737,204388,292559,585118,0
8831,7172,25546,0,32718,7172,25546,0,32718,65436,0
8164,41662,56232,43220,141114,41662,56232,43220,141114,282228,0
4884,50561,36415,30898,117874,50561,36415,30898,117874,235748,23227
2961,351302,796597,163128,1311027,351302,796597,163128,1311027,2622054,19863
2966,552931,1298601,682084,2533616,552934,1298644,682240,2533818,5067434,544758
2968,2053803,5883759,2128829,10066391,2053796,5883676,2128528,10066000,20132391,2029771
2970,462355,1434173,998332,2894860,462358,1434210,998464,2895032,5789892,384271
7165,839,331,354,1524,839,331,354,1524,3048,0
6856,64512,124778,227654,416944,64512,124778,227654,416944,833888,131930
6883,84450,115220,416572,616242,84450,115220,416572,616242,1232484,0
2253,39674,99977,38338,177989,39674,99977,38338,177989,355978,0
4094,2260,647,16,2923,2260,647,16,2923,5846,0
7603,753,80,454,1287,753,80,454,1287,2574,0
1727,65435,93318,15587,174340,65435,93318,15587,174340,348680,0
1728,26191,30948,14074,71213,26191,30948,14074,71213,142426,0
7166,44865,67399,40364,152628,44865,67399,40364,152628,305256,111
5223,15403,31476,92580,139459,15403,31476,92580,139459,278918,0
5018,49756,171380,105440,326576,49756,171380,105440,326576,653152,11693
1909,69915,160773,128243,358931,69915,160773,128243,358931,717862,0
6318,6515,13430,2182,22127,6515,13430,2182,22127,44254,0
9160,36740,62110,19356,118206,36740,62110,19356,118206,236412,0
6863,31452,42861,147549,221862,31452,42861,147549,221862,443724,350596
3021,33872,52472,51049,137393,33872,52472,51049,137393,274786,0
2830,42718,94753,75871,213342,42718,94753,75871,213342,426684,0
8445,24980,29451,22032,76463,24980,29451,22032,76463,152926,0
7928,13883,17354,7347,38584,13883,17354,7347,38584,77168,0
1034,37217,59170,68327,164714,37217,59170,68327,164714,329428,0
5040,4267,6489,8732,19488,4267,6489,8732,19488,38976,0
5692,67660,85768,106216,259644,67660,85768,106216,259644,519288,0
7947,2992,277,178,3447,2992,277,178,3447,6894,0
9957,12868,8854,12317,34039,12868,8854,12317,34039,68078,0
6970,31961,35707,148007,215675,31961,35707,148007,215675,431350,0
1988,18440,8176,2961,29577,18440,8176,2961,29577,59154,0
1581,16266,35127,3881,55274,16266,35127,3881,55274,110548,0
1582,3301,12742,857,16900,3301,12742,857,16900,33800,0
2867,24070,61890,24574,110534,24070,61890,24574,110534,221068,0
9802,36623,22645,61284,120552,36623,22645,61284,120552,241104,0
9529,13334,8794,5384,27512,13334,8794,5384,27512,55024,0
5149,67141,77603,249385,394129,67141,77603,249385,394129,788258,0
6663,191109,478386,178121,847616,191109,478386,178121,847616,1695232,30301
7036,28936,33605,45954,108495,28936,33605,45954,108495,216990,0
3346,4154,837,8837,13828,4154,837,8837,13828,27656,0
7221,6350,9891,4989,21230,6350,9891,4989,21230,42460,0
1851,38789,60712,22684,122185,38789,60712,22684,122185,244370,0
3576,230,552,1517,2299,230,552,1517,2299,4598,0
8574,76966,88948,59673,225587,76966,88948,59673,225587,451174,0
2254,62610,182337,64550,309497,62610,182337,64550,309497,618994,0
2357,10968,10700,6928,28596,10968,10700,6928,28596,57192,0
5116,23342,41589,97890,162821,23342,41589,97890,162821,325642,0
9705,18322,17412,14019,49753,18322,17412,14019,49753,99506,0
5475,42441,66857,196994,306292,42441,66857,196994,306292,612584,0
3855,50285,77209,32867,160361,50285,77209,32867,160361,320722,0
3857,7715,8632,437,16784,7715,8632,437,16784,33568,0
6297,22353,2595,28597,53545,22353,2595,28597,53545,107090,0
7725,56799,129090,4397,190286,56799,129090,4397,190286,380572,0
6707,28746,60617,70697,160060,28746,60617,70697,160060,320120,0
5908,10318,14762,33798,58878,10318,14762,33798,58878,117756,0
8477,31686,23187,37361,92234,31686,23187,37361,92234,184468,1088
7929,232088,344466,98156,674710,232088,344466,98156,674710,1349420,38558
2971,1298,7808,1779,10885,1298,7808,1779,10885,21770,0
3159,3037,4609,5413,13059,3037,4609,5413,13059,26118,0
5644,27109,27198,61232,115539,27109,27198,61232,115539,231078,0
4095,16185,11332,232,27749,16185,11332,232,27749,55498,0
2750,17059,3405,2001,22465,17059,3405,2001,22465,44930,0
1527,148023,141043,675187,964253,148023,141043,675187,964253,1928506,0
1537,1026,3255,2705,6986,1026,3255,2705,6986,13972,0
5909,5430,2659,5616,13705,5430,2659,5616,13705,27410,0
9658,24915,21097,23605,69617,24915,21097,23605,69617,139234,0
1997,34154,35216,10307,79677,34154,35216,10307,79677,159354,0
2920,20805,59273,34340,114418,20805,59273,34340,114418,228836,0
9985,179664,106215,136694,422573,179664,106215,136694,422573,845146,0
2922,9526,33226,8547,51299,9526,33226,8547,51299,102598,0
1378,363018,1081735,831016,2275769,363018,1081735,831016,2275769,4551538,181274
4469,2901,417,3762,7080,2901,417,3762,7080,14160,0
5019,8095,12208,19647,39950,8095,12208,19647,39950,79900,8171
8518,46055,43839,40205,130099,46055,43839,40205,130099,260198,19761
6906,4065,4784,15992,24841,4065,4784,15992,24841,49682,0
5069,28716,32336,38514,99566,28716,32336,38514,99566,199132,0
5427,30268,32466,95380,158114,30268,32466,95380,158114,316228,1093
2849,3014,3573,685,7272,3014,3573,685,7272,14544,0
9060,171,92,778,1041,171,92,778,1041,2082,0
3067,3604,1311,6440,11355,3604,1311,6440,11355,22710,0
3203,25345,6641,10431,42417,25345,6641,10431,42417,84834,0
9080,69298,75983,37680,182961,69298,75983,37680,182961,365922,0
2226,601874,1417989,550938,2570801,601875,1418004,550975,2570854,5141655,628965
2799,3772,5938,6224,15934,3772,5938,6224,15934,31868,0
8539,29864,41449,27010,98323,29864,41449,27010,98323,196646,0
8833,866,742,0,1608,866,742,0,1608,3216,0
5825,253,1389,443,2085,253,1389,443,2085,4170,0
5291,5667,6123,24323,36113,5667,6123,24323,36113,72226,0
2695,68743,23258,10049,102050,68743,23258,10049,102050,204100,0
5957,9051,15927,1707,26685,9051,15927,1707,26685,53370,0
2151,98211,186268,92227,376706,98211,186268,92227,376706,753412,0
4814,14896,62411,15335,92642,14896,62411,15335,92642,185284,0
4470,2485,652,439,3576,2485,652,439,3576,7152,0
8504,42602,25083,67158,134843,42602,25083,67158,134843,269686,0
7680,36877,49711,26738,113326,36877,49711,26738,113326,226652,70
5501,19208,37674,38790,95672,19208,37674,38790,95672,191344,0
5600,167616,193847,578012,939475,167616,193847,578012,939475,1878950,0
2606,2592,3282,3257,9131,2592,3282,3257,9131,18262,0
2675,1342,181,47,1570,1342,181,47,1570,3140,0
2903,27734,54018,51536,133288,27734,54018,51536,133288,266576,0
2171,32853,97050,22665,152568,32853,97050,22665,152568,305136,0
9632,19621,18576,18609,56806,19621,18576,18609,56806,113612,0
2973,6306,19910,12152,38368,6306,19910,12152,38368,76736,0
9691,174713,187254,258467,620434,174713,187254,258467,620434,1240868,114191
5645,81949,137677,349643,569269,81949,137677,349643,569269,1138538,24645
5118,87838,112770,376547,577155,87838,112770,376547,577155,1154310,0
2158,3717,5999,644,10360,3717,5999,644,10360,20720,0
5312,38827,79012,46531,164370,38827,79012,46531,164370,328740,0
9819,135901,123086,145864,404851,135901,123086,145864,404851,809702,5350
3859,22045,30843,6788,59676,22045,30843,6788,59676,119352,0
9779,10687,5947,9017,25651,10687,5947,9017,25651,51302,0
8665,14285,9746,1521,25552,14285,9746,1521,25552,51104,0
9608,51534,31177,72679,155390,51534,31177,72679,155390,310780,0
9304,95382,54623,42632,192637,95382,54623,42632,192637,385274,0
8526,29035,25794,16434,71263,29035,25794,16434,71263,142526,0
8107,3832,5181,3417,12430,3832,5181,3417,12430,24860,0
3389,66535,61197,62423,190155,66535,61197,62423,190155,380310,0
8666,12067,22291,3387,37745,12067,22291,3387,37745,75490,0
1247,18629,15638,11123,45390,18629,15638,11123,45390,90780,0
4098,6013,1653,69,7735,6013,1653,69,7735,15470,0
1881,32025,23425,116950,172400,32025,23425,116950,172400,344800,0
2940,7914,10813,15494,34221,7914,10813,15494,34221,68442,0
4216,72553,254865,38446,365864,72553,254865,38446,365864,731728,0
7354,13220,8483,4688,26391,13220,8483,4688,26391,52782,0
9773,51467,41188,153470,246125,51467,41188,153470,246125,492250,0
2565,29175,8162,4394,41731,29175,8162,4394,41731,83462,0
2139,13915,3294,1271,18480,13915,3294,1271,18480,36960,0
6241,2244,488,1414,4146,2244,488,1414,4146,8292,0
2047,247,22,241,510,247,22,241,510,1020,0
5911,14695,13906,16366,44967,14695,13906,16366,44967,89934,0
6018,82105,76876,347674,506655,82105,76876,347674,506655,1013310,0
5058,56893,79933,293000,429826,56893,79933,293000,429826,859652,1937
2152,119043,283475,120335,522853,119043,283475,120335,522853,1045706,0
6289,247,16,0,263,247,16,0,263,526,0
5150,170188,184672,564704,919564,170188,184672,564704,919564,1839128,15528
5345,170960,184010,561238,916208,170960,184010,561238,916208,1832416,9115
9533,5074,3957,1743,10774,5074,3957,1743,10774,21548,0
5119,150793,193044,825968,1169805,150793,193044,825968,1169805,2339610,0
2923,3955,13964,5599,23518,3955,13964,5599,23518,47036,0
6209,9890,1164,711,11765,9890,1164,711,11765,23530,0
5238,16829,11286,13553,41668,16829,11286,13553,41668,83336,0
2358,716,654,185,1555,716,654,185,1555,3110,0
5567,241299,387886,927305,1556490,241299,387886,927305,1556490,3112980,36541
2974,14533,25643,26326,66502,14533,25643,26326,66502,133004,418
2769,16241,27177,51783,95201,16241,27177,51783,95201,190402,0
5881,85047,135353,85100,305500,85047,135353,85100,305500,611000,0
8506,105318,84022,131746,321086,105318,84022,131746,321086,642172,0
6019,41289,38803,169034,249126,41289,38803,169034,249126,498252,0
6498,93024,56378,23162,172564,93024,56378,23162,172564,345128,11859
6499,111908,261676,106890,480474,111908,261676,106890,480474,960948,147832
9919,14205,33245,10388,57838,14205,33245,10388,57838,115676,0
3074,167223,260628,322699,750550,167223,260628,322699,750550,1501100,31659
3071,6962,18614,6988,32564,6962,18614,6988,32564,65128,0
7728,733127,2366667,449518,3549312,733127,2366667,449518,3549312,7098624,306931
8808,39511,31050,20884,91445,39511,31050,20884,91445,182890,0
5330,5676,7772,10659,24107,5676,7772,10659,24107,48214,0
5331,38259,63236,49768,151263,38259,63236,49768,151263,302526,0
5175,15098,18172,43607,76877,15098,18172,43607,76877,153754,0
7038,24884,32323,25067,82274,24884,32323,25067,82274,164548,0
7039,18782,17993,69508,106283,18782,17993,69508,106283,212566,0
3674,273687,595756,210806,1080249,273687,595756,210806,1080249,2160498,481965
3523,899,47124,21,48044,899,47124,21,48044,96088,0
1863,6762,4445,2120,13327,6762,4445,2120,13327,26654,0
9774,62653,50642,99522,212817,62653,50642,99522,212817,425634,40953
3426,60801,336157,67676,464634,60801,336157,67676,464634,929268,293100
7834,11232,13244,2405,26881,11232,13244,2405,26881,53762,0
2789,17098,33161,32330,82589,17098,33161,32330,82589,165178,0
5828,267,656,11,934,267,656,11,934,1868,0
2257,69791,128576,78251,276618,69791,128576,78251,276618,553236,66003
8668,2434,1266,23,3723,2434,1266,23,3723,7446,0
9571,9885,5309,4683,19877,9885,5309,4683,19877,39754,0
4426,35642,18359,1016,55017,35642,18359,1016,55017,110034,0
3895,7831,9246,8096,25173,7831,9246,8096,25173,50346,0
9609,11411,7752,10239,29402,11411,7752,10239,29402,58804,0
5568,195496,283018,642847,1121361,195496,283018,642847,1121361,2242722,0
5428,167368,237915,850274,1255557,167368,237915,850274,1255557,2511114,0
5460,990,3474,1684,6148,990,3474,1684,6148,12296,0
8528,36207,34387,21646,92240,36207,34387,21646,92240,184480,0
9358,60349,106745,50265,217359,60349,106745,50265,217359,434718,0
5636,53092,84969,68106,206167,53092,84969,68106,206167,412334,0
5429,74531,88978,227240,390749,74531,88978,227240,390749,781498,0
2455,282,276,0,558,282,276,0,558,1116,0
9189,18428,33361,16733,68522,18428,33361,16733,68522,137044,0
7895,4185,4831,4189,13205,4185,4831,4189,13205,26410,0
5601,36924,29675,95998,162597,36924,29675,95998,162597,325194,0
7308,38344,62972,11513,112829,38344,62972,11513,112829,225658,0
1422,9728,20846,65421,95995,9728,20846,65421,95995,191990,0
7996,58797,155972,51069,265838,58797,155972,51069,265838,531676,0
1069,175799,562797,378340,1116936,175799,562797,378340,1116936,2233872,13327
1111,70624,97263,121529,289416,70624,97263,121529,289416,578832,0
5120,14079,13400,18889,46368,14079,13400,18889,46368,92736,0
1478,8786,10809,41940,61535,8786,10809,41940,61535,123070,0
6971,10801,29709,40330,80840,10801,29709,40330,80840,161680,0
2326,33199,37358,8184,78741,33199,37358,8184,78741,157482,0
7309,441873,1159075,183361,1784309,441873,1159075,183361,1784309,3568618,291205
5376,194876,287131,940954,1422961,194876,287131,940954,1422961,2845922,824503
1826,916168,1671372,407835,2995375,916168,1671372,407835,2995375,5990750,358294
1077,131119,174095,102271,407485,131119,174095,102271,407485,814970,291096
5068,68575,92623,301141,462339,68575,92623,301141,462339,924678,0
7946,9486,745,1373,11604,9486,745,1373,11604,23208,0
5262,6807,6683,17886,31376,6807,6683,17886,31376,62752,0
5476,10273,13187,28805,52265,10273,13187,28805,52265,104530,0
4689,6329,6039,3920,16288,6329,6039,3920,16288,32576,0
1904,29330,67144,16579,113053,29330,67144,16579,113053,226106,177
6020,65522,69832,319250,454604,65522,69832,319250,454604,909208,0
8725,29063,26566,7709,63338,29063,26566,7709,63338,126676,0
7451,100184,61039,138342,299565,100184,61039,138342,299565,599130,0
5310,5559,3855,15649,25063,5559,3855,15649,25063,50126,0
4641,19868,20467,42485,82820,19868,20467,42485,82820,165640,0
2258,101601,252557,104973,459131,101601,252557,104973,459131,918262,0
6003,55228,92768,265885,413881,55228,92775,265878,413881,827762,0
3219,39860,27503,41337,108700,39860,27503,41337,108700,217400,0
2907,32462,103238,57613,193313,32462,103238,57613,193313,386626,0
2908,4581,15960,7353,27894,4581,15960,7353,27894,55788,0
4533,39282,41690,94548,175520,39282,41690,94548,175520,351040,0
5021,4811,7518,32092,44421,4811,7518,32092,44421,88842,0
2281,163447,232782,117044,513273,163447,232782,117044,513273,1026546,49154
5122,313167,621477,1550620,2485264,313167,621477,1550620,2485264,4970528,487781
2259,11922,22929,8450,43301,11922,22929,8450,43301,86602,0
2247,167861,297993,163019,628873,167861,297993,163019,628873,1257746,0
5071,31484,68896,99301,199681,31484,68896,99301,199681,399362,73595
7273,17366,33362,8809,59537,17366,33362,8809,59537,119074,0
7274,4990,4239,113,9342,4990,4239,113,9342,18684,0
8309,60997,27980,61717,150694,60997,27980,61717,150694,301388,0
2157,11243,7321,1217,19781,11243,7321,1217,19781,39562,0
5526,13524,17209,39875,70608,13524,17209,39875,70608,141216,0
2090,43022,123250,8874,175146,43022,123250,8874,175146,350292,175946
3115,451937,1500121,588409,2540467,451937,1500121,588409,2540467,5080934,161608
5602,56908,58803,114827,230538,56908,58803,114827,230538,461076,0
5377,91867,197613,425596,715076,91867,197613,425596,715076,1430152,0
5224,89279,161866,334309,585454,89279,161866,334309,585454,1170908,155393
2387,17021,7616,9691,34328,17021,7616,9691,34328,68656,0
3427,20037,186145,22792,228974,20037,186145,22792,228974,457948,0
9657,46055,29711,31511,107277,46055,29711,31511,107277,214554,0
9683,625035,412123,768737,1805895,625035,412123,768737,1805895,3611790,92236
9664,7352,5046,6176,18574,7352,5046,6176,18574,37148,0
6021,84623,145683,511307,741613,84623,145683,511307,741613,1483226,0
3036,44669,63721,92691,201081,44669,63721,92691,201081,402162,0
8479,23247,15913,14070,53230,23247,15913,14070,53230,106460,0
4250,953,878,5,1836,953,878,5,1836,3672,0
3524,8423,53576,18417,80416,8423,53576,18417,80416,160832,77405
2402,16090,30590,8902,55582,16090,30590,8902,55582,111164,0
1561,4982,4241,7006,16229,4982,4241,7006,16229,32458,0
5882,29039,30005,18504,77548,29039,30005,18504,77548,155096,0
3246,7746,7954,7635,23335,7746,7954,7635,23335,46670,0
9917,334266,231731,393872,959869,334266,231731,393872,959869,1919738,246030
2032,1644,385,350,2379,1644,385,350,2379,4758,0
3213,10539,3129,8972,22640,10539,3129,8972,22640,45280,0
2916,3203,7458,4419,15080,3203,7458,4419,15080,30160,0
9775,22775,19168,127765,169708,22775,19168,127765,169708,339416,0
1687,542,34,263,839,542,34,263,839,1678,0
5423,237683,280758,766993,1285434,237683,280758,766993,1285434,2570868,502470
7685,513,13,868,1394,513,13,868,1394,2788,0
2403,5387,10607,6664,22658,5387,10607,6664,22658,45316,0
4140,31645,7412,15682,54739,31645,7412,15682,54739,109478,0
4101,10136,3021,0,13157,10136,3021,0,13157,26314,0
4102,14941,4746,36,19723,14941,4746,36,19723,39446,0
4129,1875,527,104,2506,1875,527,104,2506,5012,0
3863,82966,113686,95964,292616,82966,113686,95964,292616,585232,0
3851,31817,52752,18133,102702,31817,52752,18133,102702,205404,0
4021,54917,86501,93426,234844,54917,86501,93426,234844,469688,0
5072,91035,155106,392969,639110,90995,154962,392651,638608,1277718,182
5378,16140,27593,78678,122411,16180,27737,78996,122913,245324,59
4335,2552,447,5,3004,2552,447,5,3004,6008,0
6634,21554,25053,15446,62053,21554,25053,15446,62053,124106,0
1195,38155,11996,22448,72599,38155,11996,22448,72599,145198,0
2494,1670,2495,894,5059,1670,2495,894,5059,10118,0
3499,5661,28330,12004,45995,5661,28330,12004,45995,91990,0
3992,13782,19435,2222,35439,13782,19435,2222,35439,70878,0
4473,7924,1183,31297,40404,7924,1183,31297,40404,80808,0
2102,31168,135624,12788,179580,31168,135624,12788,179580,359160,7032
3525,5548,30806,6630,42984,5548,30806,6630,42984,85968,0
4463,874,260,269,1403,874,260,269,1403,2806,0
5477,4400,7200,11072,22672,4400,7200,11072,22672,45344,0
3944,3340,1972,193,5505,3340,1972,193,5505,11010,0
4254,309,422,0,731,309,422,0,731,1462,0
2433,7582,520,201,8303,7582,520,201,8303,16606,0
3526,17440,219258,26368,263066,17440,219258,26368,263066,526132,49
3528,727,4544,1169,6440,727,4544,1169,6440,12880,0
1128,38701,58080,67637,164418,38701,58080,67637,164418,328836,0
4887,7073,18827,5336,31236,7073,18827,5336,31236,62472,0
8805,132189,236277,48897,417363,132189,236277,48897,417363,834726,98940
6133,392628,1081064,576185,2049877,392628,1081064,576185,2049877,4099754,614819
5657,120994,237350,256312,614656,120994,237350,256312,614656,1229312,12328
5123,149826,184592,707659,1042077,149826,184592,707659,1042077,2084154,0
5461,13457,23214,31357,68028,13457,23214,31357,68028,136056,0
5462,218,348,1385,1951,218,348,1385,1951,3902,0
3062,8091,40000,41405,89496,8091,40000,41405,89496,178992,0
3214,39,26,0,65,39,26,0,65,130,0
5757,7118,7649,4288,19055,7118,7649,4288,19055,38110,0
8801,7418,33776,198,41392,7418,33776,198,41392,82784,0
7452,165448,153399,214711,533558,165448,153399,214711,533558,1067116,122132
2752,3048,741,36,3825,3048,741,36,3825,7650,0
8670,3351,1264,0,4615,3351,1264,0,4615,9230,0
5225,7007,11723,36930,55660,7007,11723,36930,55660,111320,0
2308,3089,3905,431,7425,3089,3905,431,7425,14850,0
5332,8838,14710,34206,57754,8838,14710,34206,57754,115508,0
5208,100024,145993,424542,670559,100024,145993,424542,670559,1341118,0
3580,116628,908844,99453,1124925,116628,908844,99452,1124924,2249849,133496
5885,47886,58658,37243,143787,47886,58658,37243,143787,287574,0
5455,55312,216643,159817,431772,55312,216643,159817,431772,863544,0
1078,45,39,24,108,45,39,24,108,216,0
9820,37178,24238,35196,96612,37178,24238,35196,96612,193224,0
9804,17048,13943,10541,41532,17048,13943,10541,41532,83064,0
9821,43719,29916,32958,106593,43719,29916,32958,106593,213186,0
9623,33483,26626,23546,83655,33483,26626,23546,83655,167310,0
9936,82437,126909,110435,319781,82437,126909,110435,319781,639562,0
3422,4966,23683,2712,31361,4966,23683,2712,31361,62722,0
6819,27816,33732,73343,134891,27816,33732,73343,134891,269782,0
4251,1157,904,0,2061,1157,904,0,2061,4122,0
8540,888,883,175,1946,888,883,175,1946,3892,0
8548,31472,30106,17078,78656,31472,30106,17078,78656,157312,1249
8541,10461,7831,3242,21534,10461,7831,3242,21534,43068,0
4023,3619,3586,1296,8501,3619,3586,1296,8501,17002,0
3850,31627,43463,36484,111574,31627,43463,36484,111574,223148,0
2459,845,222,0,1067,845,222,0,1067,2134,0
3744,6433,6810,4101,17344,6433,6810,4101,17344,34688,0
3904,117173,169237,105848,392258,117173,169237,105848,392258,784516,113617
5883,185359,303381,117204,605944,185359,303381,117204,605944,1211888,5092
8254,12586,7446,10336,30368,12586,7446,10336,30368,60736,0
9667,76214,63361,92966,232541,76214,63361,92966,232541,465082,4732
2198,90773,152132,93054,335959,90773,152132,93054,335959,671918,0
4181,48082,145899,27832,221813,48082,145899,27832,221813,443626,0
5928,59061,58485,41844,159390,59061,58485,41844,159390,318780,0
3870,41575,49846,50599,142020,41575,49846,50599,142020,284040,0
4313,22020,6542,5697,34259,22020,6542,5697,34259,68518,0
8860,4480,2080,3393,9953,4480,2080,3393,9953,19906,0
5276,83499,152818,173072,409389,83499,152818,173072,409389,818778,0
5537,257368,613041,269811,1140220,257424,613217,270267,1140908,2281128,25917
5829,19,403,0,422,19,403,0,422,844,0
5540,221593,488768,202989,913350,221537,488592,202532,912661,1826011,187529
9958,17714,9905,19973,47592,17714,9905,19973,47592,95184,0
6022,217571,226405,380734,824710,217571,226405,380734,824710,1649420,0
2671,98695,67730,25500,191925,98695,67730,25500,191925,383850,0
2874,34516,40650,14412,89578,34516,40650,14412,89578,179156,0
1346,1483,1077,1496,4056,1483,1077,1496,4056,8112,0
2337,31255,160487,40812,232554,31255,160487,40812,232554,465108,0
2521,47261,96289,16766,160316,47261,96289,16766,160316,320632,0
2875,8617,8462,3492,20571,8617,8462,3492,20571,41142,0
2753,884308,750104,228504,1862916,884308,750104,228504,1862916,3725832,1003843
5285,43321,54361,62113,159795,43321,54361,62113,159795,319590,0
9366,35844,22523,37920,96287,35844,22523,37920,96287,192574,0
9543,56422,48297,38649,143368,56422,48297,38649,143368,286736,0
9544,247437,30267,52859,330563,247437,30267,52859,330563,661126,0
9808,15943,11663,15092,42698,15943,11663,15092,42698,85396,0
3055,69066,75312,96976,241354,69066,75312,96976,241354,482708,77724
7419,20741,14107,20901,55749,20741,14107,20901,55749,111498,0
7509,23594,42596,16736,82926,23594,42596,16736,82926,165852,0
5468,46303,67505,101167,214975,46303,67505,101167,214975,429950,0
7453,70334,37930,89807,198071,70334,37930,89807,198071,396142,0
5379,180484,334722,766663,1281869,180484,334722,766663,1281869,2563738,660925
5430,38064,52573,187189,277826,38064,52573,187189,277826,555652,0
5603,619115,699848,3077736,4396699,619115,699848,3077736,4396699,8793398,0
4314,7590,8118,18821,34529,7590,8118,18821,34529,69058,0
4185,6811,12192,8511,27514,6811,12192,8511,27514,55028,0
3994,9772,12060,1595,23427,9772,12060,1595,23427,46854,0
5176,26873,26699,28226,81798,26873,26699,28226,81798,163596,0
9822,68363,48535,73730,190628,68363,48535,73730,190628,381256,0
1419,82776,131001,563786,777563,82776,131001,563786,777563,1555126,0
5424,74133,83484,201382,358999,74133,83484,201382,358999,717998,0
5596,82220,76139,339604,497963,82220,76139,339604,497963,995926,0
3531,5,258,0,263,5,258,0,263,526,0
6242,4566,939,347,5852,4566,939,347,5852,11704,0
1546,94567,154641,269764,518972,94567,154641,269764,518972,1037944,0
3118,8673,13010,15574,37257,8673,13010,15574,37257,74514,0
3874,71059,69144,84562,224765,71059,69144,84562,224765,449530,65260
2404,8718,11439,5840,25997,8718,11439,5840,25997,51994,0
7454,52663,90322,509410,652395,52663,90322,509410,652395,1304790,0
5177,122478,222676,564940,910094,122478,222676,564940,910094,1820188,0
2296,36028,153247,34249,223524,36028,153247,34249,223524,447048,0
5023,75726,195245,251033,522004,75726,195245,251033,522004,1044008,155330
2734,15822,12492,5264,33578,15822,12492,5264,33578,67156,0
8834,3521,3993,0,7514,3521,3993,0,7514,15028,0
6361,525,94,275,894,525,94,275,894,1788,0
1999,10760,2328,1261,14349,10760,2328,1261,14349,28698,0
5083,14671,12706,55954,83331,14671,12706,55954,83331,166662,0
8519,3804,2890,2848,9542,3804,2890,2848,9542,19084,0
8031,100,2,0,102,100,2,0,102,204,0
6884,125631,195032,155794,476457,125631,195032,155794,476457,952914,0
5569,293336,470580,1166178,1930094,293336,470580,1166178,1930094,3860188,262344
3149,1556250,3185140,2452192,7193582,1555952,3184872,2449830,7190654,14384236,2688530
3160,63634,72512,83326,219472,63932,72779,85688,222399,441871,5647
6967,31631,33026,110366,175023,31631,33026,110366,175023,350046,0
5912,6205,3206,4232,13643,6205,3206,4232,13643,27286,411
7950,63643,97965,25451,187059,63643,97965,25451,187059,374118,0
7974,27810,33651,17453,78914,27810,33651,17453,78914,157828,0
2979,11038,27656,16471,55165,11038,27656,16471,55165,110330,0
2857,20,6,111,137,20,6,111,137,274,0
1208,133837,190343,95905,420085,133837,190343,95905,420085,840170,0
5478,305451,641536,838358,1785345,305451,641536,838358,1785345,3570690,1023670
3247,21505,6904,14708,43117,21505,6904,14708,43117,86234,0
3530,15930,102166,28374,146470,15930,102166,28374,146470,292940,0
5431,17191,21633,98594,137418,17191,21633,98594,137418,274836,0
7316,7082,8126,3068,18276,7082,8126,3068,18276,36552,650
5480,90290,134919,401004,626213,90290,134919,401004,626213,1252426,0
9867,17331,16319,9446,43096,17331,16319,9446,43096,86192,0
6511,71022,83805,33206,188033,71022,83805,33206,188033,376066,64862
3906,4650,4785,3599,13034,4650,4785,3599,13034,26068,0
3876,31785,33740,15904,81429,31785,33740,15904,81429,162858,0
2544,1997,2809,1557,6363,1997,2809,1557,6363,12726,0
2461,75296,179506,34072,288874,75296,179506,34072,288874,577748,0
4027,20955,35973,26155,83083,20955,35973,26155,83083,166166,0
2106,6466,2004,0,8470,6466,2004,0,8470,16940,0
2131,48029,73553,43827,165409,48029,73553,43827,165409,330818,0
5570,735481,852574,1726131,3314186,735481,852574,1726131,3314186,6628372,1082422
687,11228,22740,42166,76134,11228,22740,42166,76134,152268,0
5432,17227,27806,124578,169611,17227,27806,124578,169611,339222,0
1538,1973,3511,8927,14411,1973,3511,8927,14411,28822,0
7510,5989,7594,3225,16808,5989,7594,3225,16808,33616,0
9920,11822,31101,7874,50797,11822,31101,7874,50797,101594,0
2580,19393,4213,1911,25517,19393,4213,1911,25517,51034,0
5226,17346,38828,79700,135874,17346,38828,79700,135874,271748,0
2261,20605,117868,20161,158634,20605,117868,20161,158634,317268,0
2924,87638,258694,139462,485794,87638,258694,139462,485794,971588,26421
3532,10,597,0,607,10,597,0,607,1214,0
5203,88373,240861,121030,450264,88373,240861,121030,450264,900528,56115
6885,63589,86050,81701,231340,63589,86050,81701,231340,462680,0
2189,128890,272715,111068,512673,128890,272715,111068,512673,1025346,0
8671,611,158,0,769,611,158,0,769,1538,0
9921,9366,20020,6129,35515,9366,20020,6129,35515,71030,0
6353,2282,998,437,3717,2282,998,437,3717,7434,0
2444,100,94,0,194,100,94,0,194,388,0
6886,544927,895897,2214262,3655086,544927,895897,2214262,3655086,7310172,330007
2833,24545,58339,41370,124254,24545,58339,41370,124254,248508,9099
5943,61968,83251,62639,207858,61968,83251,62639,207858,415716,0
1962,6276,4027,1719,12022,6276,4027,1719,12022,24044,0
2722,10224,1715,1523,13462,10224,1715,1523,13462,26924,2
2873,11389,21335,12490,45214,11389,21335,12490,45214,90428,0
9190,34857,26363,64770,125990,34857,26363,64770,125990,251980,0
6676,95286,88829,140944,325059,95286,88829,140944,325059,650118,667
7297,3984,2361,927,7272,3984,2361,927,7272,14544,0
5658,11688,14939,17962,44589,11688,14939,17962,44589,89178,0
4606,74254,95631,180729,350614,74254,95631,180729,350614,701228,0
8835,1423,545,0,1968,1423,545,0,1968,3936,0
6829,13238,11615,30802,55655,13238,11615,30802,55655,111310,0
6090,137938,173927,265647,577512,137938,173927,265647,577512,1155024,8794
4477,16284,11615,2890,30789,16284,11615,2890,30789,61578,0
2315,4274,5845,669,10788,4274,5845,669,10788,21576,0
1087,127748,268773,227887,624408,127748,268773,227887,624408,1248816,103019
1135,15074,27051,5405,47530,15074,27051,5405,47530,95060,1
1084,3077,4658,2427,10162,3077,4658,2427,10162,20324,59831
2291,73124,144739,12521,230384,73124,144739,12521,230384,460768,5808
2294,29564,21676,9506,60746,29564,21676,9506,60746,121492,3
6327,24146,1917,20143,46206,24146,1917,20143,46206,92412,0
8174,1199,328,0,1527,1199,328,0,1527,3054,0
9787,127125,93307,135308,355740,127125,93307,135308,355740,711480,0
5542,115131,51193,31855,198179,115131,51193,31855,198179,396358,0
5541,67327,26196,11779,105302,67327,26196,11779,105302,210604,199215
5543,55126,7075,33197,95398,55126,7075,33197,95398,190796,0
2977,2262,5998,2549,10809,2262,5998,2549,10809,21618,0
5024,36076,87795,45639,169510,36076,87795,45639,169510,339020,0
6820,46447,37455,100496,184398,46447,37455,100496,184398,368796,0
2798,28895,22788,59278,110961,28895,22788,59278,110961,221922,0
2794,118082,255345,179800,553227,118082,255345,179800,553227,1106454,224746
5380,13678,9902,40015,63595,13678,9902,40015,63595,127190,0
7318,1981,507,540,3028,1981,507,540,3028,6056,0
5663,215893,447956,214759,878608,215893,447956,214759,878608,1757216,180401
8561,109314,106447,77343,293104,109314,106447,77343,293104,586208,0
3587,2755,14385,6482,23622,2755,14385,6482,23622,47244,0
7951,39357,61398,18904,119659,39357,61398,18904,119659,239318,0
9547,68177,69985,54049,192211,68177,69985,54049,192211,384422,0
8033,1105,598,372,2075,1105,598,372,2075,4150,0
2673,874,70,381,1325,874,70,381,1325,2650,0
8358,32536,23513,25175,81224,32536,23513,25175,81224,162448,0
1261,33846,19626,18564,72036,33846,19626,18564,72036,144072,0
5433,59319,103329,359293,521941,59319,103329,359293,521941,1043882,0
2249,62030,80497,52646,195173,62030,80497,52646,195173,390346,181918
5646,18030,27591,24596,70217,18030,27591,24596,70217,140434,0
5025,12425,28176,35087,75688,12425,28176,35087,75688,151376,0
5525,100082,9297,22684,132063,100082,9297,22684,132063,264126,0
3584,37,534,0,571,37,534,0,571,1142,0
1149,59411,102874,115544,277829,59411,102874,115544,277829,555658,0
5026,27370,44560,100064,171994,27370,44560,100064,171994,343988,0
6172,51010,77168,94915,223093,51010,77168,94915,223093,446186,0
2388,17008,15886,6471,39365,17008,15886,6471,39365,78730,0
9549,4167,7279,697,12143,4167,7279,697,12143,24286,0
4270,6244,9369,3775,19388,6244,9369,3775,19388,38776,0
4108,2281,1095,0,3376,2281,1095,0,3376,6752,0
3056,9409,4678,12671,26758,9409,4678,12671,26758,53516,0
6806,48857,48655,126533,224045,48857,48655,126533,224045,448090,0
6328,17854,2678,3951,24483,17854,2678,3951,24483,48966,0
7224,17429,33295,2473,53197,17429,33295,2473,53197,106394,0
8185,94862,267738,39133,401733,94862,267738,39133,401733,803466,2279
8672,94,34,0,128,94,34,0,128,256,0
9996,65205,53375,62655,181235,65205,53375,62655,181235,362470,0
6456,47394,120516,20744,188654,47394,120516,20744,188654,377308,4256
3254,10382,1529,6268,18179,10382,1529,6268,18179,36358,0
5333,54506,135803,208195,398504,54506,135803,208195,398504,797008,0
2250,116265,264583,35599,416447,116265,264583,35599,416447,832894,0
7814,17938,29058,11300,58296,17938,29058,11300,58296,116592,0
8178,12349,19255,12322,43926,12349,19255,12322,43926,87852,14891
2003,10632,1512,1709,13853,10632,1512,1709,13853,27706,0
8007,5039,6992,3353,15384,5039,6992,3353,15384,30768,0
3061,20459,17061,31656,69176,20459,17061,31656,69176,138352,0
8201,56182,87217,94111,237510,56182,87217,94111,237510,475020,42318
5434,71252,127368,390767,589387,71252,127368,390767,589387,1178774,7311
2004,17885,437,16157,34479,17885,437,16157,34479,68958,0
5179,5172,14444,16466,36082,5172,14444,16466,36082,72164,0
1105,150508,427676,210774,788958,150508,427676,210774,788958,1577916,0
2107,48461,9776,638,58875,48461,9776,638,58875,117750,0
6893,110016,172331,546482,828829,110016,172331,546482,828829,1657658,0
6931,122427,265886,719850,1108163,122427,265929,719741,1108097,2216260,4595
5124,250962,582839,1100632,1934433,250962,582839,1100632,1934433,3868866,360801
3205,14057,641,22658,37356,14057,641,22658,37356,74712,0
3679,24707,20715,28996,74418,24707,20715,28996,74418,148836,15824
5638,12328,9996,26902,49226,12328,9996,26902,49226,98452,0
5529,132765,27854,18710,179329,132765,27854,18710,179329,358658,0
2925,31830,113853,46947,192630,31830,113853,46947,192630,385260,0
5929,8912,10522,33102,52536,8912,10522,33102,52536,105072,0
9823,21382,16640,22823,60845,21382,16640,22823,60845,121690,0
5184,70283,109223,106874,286380,70283,109223,106874,286380,572760,0
6691,1077621,1766642,822955,3667218,1077621,1766642,822955,3667218,7334436,749724
7043,22623,18166,31863,72652,22623,18166,31863,72652,145304,0
6888,304234,346561,853416,1504211,304234,346561,853416,1504211,3008422,2057168
1178,26878,10767,34096,71741,26878,10767,34096,71741,143482,0
9587,40752,34249,48766,123767,40752,34249,48766,123767,247534,0
5186,5914,12944,7929,26787,5914,12944,7929,26787,53574,0
8448,13781,12465,6569,32815,13781,12465,6569,32815,65630,0
5605,50693,62335,106598,219626,50693,62335,106598,219626,439252,0
7044,9627,14097,14128,37852,9627,14097,14128,37852,75704,0
5835,18164,67557,8766,94487,18164,67557,8766,94487,188974,0
8257,5309,323,5913,11545,5309,323,5913,11545,23090,0
7319,36794,55114,1036,92944,36794,55114,1036,92944,185888,0
9903,98112,84807,129595,312514,98112,84807,129595,312514,625028,0
9552,7115,3785,9724,20624,7115,3785,9724,20624,41248,0
4619,19701,15505,15167,50373,19701,15505,15167,50373,100746,0
7893,9151,12156,1611,22918,9151,12156,1611,22918,45836,0
3150,11639,10567,16636,38842,11639,10567,16636,38842,77684,0
8347,224065,225236,188331,637632,224065,225236,188331,637632,1275264,281070
7073,79,1,354,434,79,1,354,434,868,0
3009,501,294,721,1516,501,294,721,1516,3032,0
1595,10500,15386,1882,27768,10500,15386,1882,27768,55536,0
3206,11314,1760,4072,17146,11314,1760,4072,17146,34292,0
6570,5129,3637,2816,11582,5129,3637,2816,11582,23164,0
4526,35999,48107,100319,184425,35999,48107,100319,184425,368850,0
7455,70335,82764,140736,293835,70335,82764,140736,293835,587670,0
5930,13427,7500,10609,31536,13427,7500,10609,31536,63072,0
5074,2215,6432,8974,17621,2215,6432,8974,17621,35242,0
5277,107504,306930,231543,645977,107504,306930,231543,645977,1291954,0
5084,89839,117808,474234,681881,89839,117808,474234,681881,1363762,1239
2546,64554,24763,5966,95283,64554,24763,5966,95283,190566,17950
9739,26020,25240,23648,74908,26020,25240,23648,74908,149816,0
4387,277976,381950,137980,797906,277976,381950,137980,797906,1595812,135207
5125,212680,282377,1032264,1527321,212680,282377,1032264,1527321,3054642,0
1902,18808,15574,14786,49168,18808,15574,14786,49168,98336,0
2000,2972,276,610,3858,2972,276,610,3858,7716,0
6782,6222,5901,2923,15046,6222,5901,2923,15046,30092,0
6972,38890,55150,164800,258840,38890,55150,164800,258840,517680,0
1968,11791,5737,5012,22540,11791,5737,5012,22540,45080,0
9988,110808,96883,148761,356452,110808,96883,148761,356452,712904,0
5187,208332,348452,550595,1107379,208332,348452,550595,1107379,2214758,508834
6265,42716,113204,24398,180318,42716,113204,24398,180318,360636,0
4217,3729,5206,2006,10941,3729,5206,2006,10941,21882,0
2728,237167,109107,86238,432512,237167,109107,86238,432512,865024,11756
5154,41365,44877,143095,229337,41365,44877,143095,229337,458674,14038
8450,33172,24161,31576,88909,33172,24161,31576,88909,177818,0
9236,5817,2767,1872,10456,5817,2767,1872,10456,20912,0
6362,54862,52573,51948,159383,54862,52573,51948,159383,318766,28046
8179,1486,456,0,1942,1486,456,0,1942,3884,0
3172,541209,1047552,859542,2448303,541209,1047552,859542,2448303,4896606,1622069
4530,7814,11818,19879,39511,7814,11818,19879,39511,79022,0
5494,2075,2761,0,4836,2075,2761,0,4836,9672,0
1114,33302,38914,83123,155339,33302,38914,83123,155339,310678,247951
1150,18309,33376,39415,91100,18309,33376,39415,91100,182200,0
5382,18246,30665,99325,148236,18246,30665,99325,148236,296472,0
2660,11500,41504,9633,62637,11500,41504,9633,62637,125274,0
8036,1113,13,309,1435,1113,13,309,1435,2870,0
5189,30368,34219,31384,95971,30368,34219,31384,95971,191942,0
5185,2245,2685,4307,9237,2245,2685,4307,9237,18474,0
5126,7245,11588,28245,47078,7245,11588,28245,47078,94156,0
4527,129820,227384,387088,744292,129820,227384,387088,744292,1488584,16998
7320,2120,3264,916,6300,2120,3264,916,6300,12600,0
1452,9549,16737,124391,150677,9549,16737,124391,150677,301354,0
7953,616,50,99,765,616,50,99,765,1530,0
5425,58253,58289,178539,295081,58253,58289,178539,295081,590162,0
5410,71720,111492,391988,575200,71720,111492,391988,575200,1150400,0
8355,55425,84557,36866,176848,55425,84557,36866,176848,353696,0
3138,939,1314,5009,7262,939,1314,5009,7262,14524,0
9318,83071,37280,128112,248463,83071,37280,128112,248463,496926,0
1451,17669,37787,83593,139049,17669,37787,83593,139049,278098,0
1453,3432,2911,16088,22431,3432,2911,16088,22431,44862,0
5292,9962,10999,49748,70709,9962,10999,49748,70709,141418,0
8142,17900,10841,23561,52302,17900,10841,23561,52302,104604,0
3057,19940,9531,15929,45400,19940,9531,15929,45400,90800,0
7404,8422,13563,94389,116374,8422,13563,94389,116374,232748,0
1949,7681,6507,7161,21349,7681,6507,7161,21349,42698,0
3187,101031,249015,381111,731157,101031,249015,381111,731157,1462314,0
5922,232017,288599,209738,730354,232017,288599,209738,730354,1460708,109134
5932,729448,1460643,727888,2917979,729448,1460643,727888,2917979,5835958,675330
5263,27717,35091,46273,109081,27717,35091,46273,109081,218162,0
6947,32442,37597,102931,172970,32442,37597,102931,172970,345940,0
5339,1325,2235,661,4221,1325,2235,661,4221,8442,0
7456,240742,379230,290389,910361,240742,379230,290376,910348,1820709,37421
7457,182505,234304,391480,808289,182505,234304,391473,808282,1616571,0
7420,219929,389128,1365905,1974962,219929,389128,1365926,1974983,3949945,366
6890,12376,13270,38399,64045,12376,13270,38399,64045,128090,0
2262,299731,1020004,227553,1547288,299731,1020004,227553,1547288,3094576,30415
5286,35199,78230,48968,162397,35199,78230,48968,162397,324794,0
8527,50150,49341,28198,127689,50150,49341,28198,127689,255378,0
6388,27510,51057,14630,93197,27510,51057,14630,93197,186394,0
8836,2064,1221,0,3285,2064,1221,0,3285,6570,0
2199,81624,47151,36630,165405,81624,47151,36630,165405,330810,0
1699,3910,219,1991,6120,3910,219,1991,6120,12240,0
7379,226,89,44,359,226,89,44,359,718,0
4535,17057,23830,42500,83387,17057,23830,42500,83387,166774,0
9997,61807,30346,47569,139722,61807,30346,47569,139722,279444,1713
9175,265,75,0,340,265,75,0,340,680,0
2666,5311,3041,1105,9457,5311,3041,1105,9457,18914,0
1562,33848,47642,27270,108760,33848,47642,27270,108760,217520,0
1548,587317,935407,1614262,3136986,587317,935407,1614262,3136986,6273972,153197
3252,826,60,905,1791,826,60,905,1791,3582,0
2672,33031,22550,5388,60969,33031,22550,5388,60969,121938,0
3534,19226,136412,38801,194439,19226,136412,38801,194439,388878,0
2002,12585,2328,2562,17475,12585,2328,2562,17475,34950,0
3590,57,338,171,566,57,338,171,566,1132,0
3592,130,2031,672,2833,130,2031,672,2833,5666,0
3536,12,562,0,574,12,562,0,574,1148,0
5914,43500,32039,33847,109386,43500,32039,33847,109386,218772,36147
3537,2998,29079,5436,37513,2998,29079,5436,37513,75026,119106
3586,2203,10238,6418,18859,2203,10238,6418,18859,37718,0
2341,92173,189509,54070,335752,92173,189509,54070,335752,671504,0
2340,37827,54327,26543,118697,37827,54327,26543,118697,237394,34547
5290,12916,12552,44747,70215,12916,12552,44747,70215,140430,0
3538,2089,69375,2009,73473,2089,69375,2009,73473,146946,0
5751,4715,15034,1925,21674,4715,15034,1925,21674,43348,0
6973,18281,37966,218953,275200,18281,37966,218953,275200,550400,0
5059,44791,59698,187772,292261,44791,59698,187772,292261,584522,0
3572,16,448,28,492,16,448,28,492,984,0
5239,80374,157594,92915,330883,80374,157594,92915,330883,661766,107061
5604,131635,183648,457897,773180,131635,183648,457897,773180,1546360,0
6821,37309,32645,87647,157601,37309,32645,87647,157601,315202,0
5073,113823,174167,462976,750966,113823,174167,462976,750966,1501932,0
2248,138363,92757,50310,281430,138363,92757,50310,281430,562860,0
6110,108731,149850,256088,514669,108731,149850,256088,514669,1029338,0
1268,216669,322028,208229,746926,216669,322028,208229,746926,1493852,127359
5670,390697,477730,509903,1378330,390697,477730,509903,1378330,2756660,300315
6287,3986,396,145,4527,3986,396,145,4527,9054,0
2983,85502,189448,172109,447059,85502,189448,172109,447059,894118,54667
6140,48928,72468,26955,148351,48928,72468,26955,148351,296702,0
6968,14420,24381,99183,137984,14420,24381,99183,137984,275968,0
7458,137210,117934,228214,483358,137210,117934,228214,483358,966716,0
2159,219,21,0,240,219,21,0,240,480,0
6834,2266881,309589,44222,2620692,2266881,309589,44222,2620692,5241384,4011
6833,48254,52123,100310,200687,48254,52123,100310,200687,401374,10442
5228,54970,138058,268324,461352,54970,138058,268324,461352,922704,0
3250,31942,9803,10043,51788,31942,9803,10043,51788,103576,0
8221,27276,22119,16633,66028,27276,22119,16633,66028,132056,0
3413,6090,20136,16405,42631,6090,20136,16405,42631,85262,0
1977,5950,4402,9466,19818,5950,4402,9466,19818,39636,0
1043,26796,36222,36384,99402,26796,36222,36384,99402,198804,0
8469,134260,94287,95373,323920,134260,94287,95373,323920,647840,0
9842,50386,45210,58816,154412,50386,45210,58816,154412,308824,0
6092,596921,796679,735266,2128866,596921,796679,735266,2128866,4257732,206273
9553,21932,19317,13808,55057,21932,19317,13808,55057,110114,0
1386,1958,3246,4232,9436,1958,3246,4232,9436,18872,0
9554,33727,31702,45563,110992,33727,31702,45563,110992,221984,0
9888,308154,578716,179094,1065964,308154,578716,179094,1065964,2131928,130986
2771,322916,788013,301307,1412236,322916,788013,301307,1412236,2824472,527806
7513,9976,12702,7748,30426,9976,12702,7748,30426,60852,0
8451,4078,3982,4234,12294,4078,3982,4234,12294,24588,0
7975,12221,14802,4260,31283,12221,14802,4260,31283,62566,20
1467,30617,32044,93711,156372,30617,32044,93711,156372,312744,0
6934,38814,44471,124143,207428,38814,44471,124143,207428,414856,0
1314,294379,487100,82200,863679,294379,487100,82200,863679,1727358,168668
5248,15617,12479,33322,61418,15617,12479,33322,61418,122836,0
1454,19994,16322,159026,195342,19994,16322,159026,195342,390684,0
5240,9998,24821,46427,81246,9998,24821,46427,81246,162492,0
8964,81784,87971,63743,233498,81784,87971,63743,233498,466996,0
4770,16926,27971,9507,54404,16926,27971,9507,54404,108808,0
5606,89145,134831,350673,574649,89145,134831,350673,574649,1149298,0
4646,84147,169770,315118,569035,84147,169770,315118,569035,1138070,488402
4643,37131,64369,168949,270449,37131,64369,168949,270449,540898,0
7355,104881,135774,135246,375901,104881,135774,135246,375901,751802,19557
9555,8826,16194,0,25020,8826,16194,0,25020,50040,0
6969,725665,987265,4438583,6151513,725665,987265,4438590,6151520,12303033,1142911
4558,64780,175138,78171,318089,64780,175138,78171,318089,636178,711
8673,2556,1599,0,4155,2556,1599,0,4155,8310,0
5607,86083,124564,266650,477297,86083,124564,266650,477297,954594,23
5383,135202,174151,786932,1096285,135202,174151,786932,1096285,2192570,385854
5384,198846,261598,1011002,1471446,198846,261598,1011002,1471446,2942892,191005
5435,168812,186444,713432,1068688,168812,186444,713432,1068688,2137376,0
8543,7980,6396,1581,15957,7980,6396,1581,15957,31914,0
2834,763,2395,988,4146,763,2395,988,4146,8292,0
8674,406,94,0,500,406,94,0,500,1000,0
5191,103541,169136,190632,463309,103541,169136,190632,463309,926618,263520
4771,49850,117710,32649,200209,49850,117710,32649,200209,400418,2
5029,9773,12281,18511,40565,9773,12281,18511,40565,81130,0
2868,252,142,220,614,252,142,220,614,1228,0
7098,24278,55492,62699,142469,24278,55492,62699,142469,284938,0
1483,525,932,4009,5466,525,932,4009,5466,10932,0
1484,3263,4246,10148,17657,3263,4246,10148,17657,35314,0
4157,42,18,0,60,42,18,0,60,120,0
9959,19124,20599,14332,54055,19124,20599,14332,54055,108110,0
5608,54586,53032,107909,215527,54586,53032,107909,215527,431054,0
7640,59724,155849,120501,336074,59724,155849,120501,336074,672148,9278
5155,23869,30274,117135,171278,23869,30274,117135,171278,342556,0
5671,122700,124638,119807,367145,122700,124638,119807,367145,734290,0
5675,5613,4272,4217,14102,5613,4272,4217,14102,28204,0
5571,681944,1201138,2309787,4192869,681944,1201138,2309787,4192869,8385738,1304636
5385,482982,680420,1866228,3029630,482982,680420,1866228,3029630,6059260,671266
1044,131083,187743,272605,591431,131083,187743,272605,591431,1182862,0
5436,23684,21363,90047,135094,23684,21363,90047,135094,270188,0
1861,23913,21437,10868,56218,23913,21437,10868,56218,112436,0
5249,690,404,103,1197,690,404,103,1197,2394,0
5075,113876,205337,337607,656820,113876,205337,337607,656820,1313640,149217
5156,13868,19887,44701,78456,13868,19887,44701,78456,156912,0
4222,293433,609664,103924,1007021,293433,609664,103924,1007021,2014042,98186
5920,85856,72284,100821,258961,85856,72284,100821,258961,517922,0
5884,14047,20017,14762,48826,14047,20017,14762,48826,97652,0
5933,15478,10729,18795,45002,15478,10729,18795,45002,90004,0
6355,1737,310,333,2380,1737,310,333,2380,4760,0
3333,244701,756661,451271,1452633,244701,756661,451271,1452633,2905266,138445
6228,252,19,243,514,252,19,243,514,1028,0
2800,9768,21747,15950,47465,9768,21747,15950,47465,94930,0
6686,51231,59366,77025,187622,51231,59366,77025,187622,375244,3453
5437,159006,211311,740338,1110655,159006,211311,740338,1110655,2221310,0
5085,39965,59385,180561,279911,39965,59385,180561,279911,559822,0
5609,79892,61176,197057,338125,79892,61176,197057,338125,676250,0
1900,32452,29780,26527,88759,32452,29780,26527,88759,177518,0
3195,2399,3879,3503,9781,2399,3879,3503,9781,19562,0
5386,24204,30742,61060,116006,24204,30742,61060,116006,232012,0
3880,52987,41683,45598,140268,52987,41683,45598,140268,280536,0
8676,5623,4648,1690,11961,5623,4648,1690,11961,23922,0
4479,3161,583,1183,4927,3161,583,1183,4927,9854,0
4355,7034,1153,86,8273,7034,1153,86,8273,16546,0
2463,469,146,5,620,469,146,5,620,1240,0
1010,37786,66990,77360,182136,37786,66990,77360,182136,364272,0
1322,158580,126838,114075,399493,158580,126838,114075,399493,798986,107713
3151,26247,33137,38106,97490,26247,33137,38106,97490,194980,0
5387,19438,34151,70244,123833,19438,34151,70244,123833,247666,0
3471,117005,404374,71054,592433,117005,404374,71054,592433,1184866,58848
8727,3893,856,385,5134,3893,856,385,5134,10268,0
5572,209058,304111,611089,1124258,209058,304111,611089,1124258,2248516,134556
7521,9,13,0,22,9,13,0,22,44,0
3430,25999,152336,40538,218873,25999,152336,40538,218873,437746,0
4691,141570,225410,103554,470534,141570,225410,103554,470534,941068,3352
5837,12897,28066,12937,53900,12897,28066,12937,53900,107800,0
4110,35496,10709,241,46446,35496,10709,241,46446,92892,0
5193,16528,26012,43618,86158,16528,26012,43618,86158,172316,0
5610,62610,96910,264075,423595,62610,96910,264075,423595,847190,0
3152,60857,84893,118691,264441,60857,84893,118691,264441,528882,0
2264,21745,42989,5582,70316,21745,42989,5582,70316,140632,0
4523,28334,56714,72060,157108,28334,56714,72060,157108,314216,0
4538,2515,1769,1158,5442,2515,1769,1158,5442,10884,0
3153,75929,50650,108791,235370,75929,50650,108791,235370,470740,0
6949,21819,22369,62591,106779,21819,22369,62591,106779,213558,0
7203,27984,68698,12589,109271,27984,68698,12589,109271,218542,0
8191,25780,42787,18405,86972,25780,42787,18405,86972,173944,0
7976,81455,107864,50220,239539,81455,107864,50220,239539,479078,34741
6530,21653,24254,25825,71732,21653,24254,25825,71732,143464,601
6531,15973,23969,21578,61520,15973,23969,21578,61520,123040,0
5849,513,615,115,1243,513,615,115,1243,2486,0
9812,26137,15291,32278,73706,26137,15291,32278,73706,147412,0
6210,457,94,0,551,457,94,0,551,1102,0
5388,157884,274304,756441,1188629,157884,274304,756441,1188629,2377258,0
9825,4328,2771,2728,9827,4328,2771,2728,9827,19654,0
7460,94889,96721,179423,371033,94889,96721,179423,371033,742066,0
6267,373,107,0,480,373,107,0,480,960,0
6857,14221,13267,34745,62233,14221,13267,34745,62233,124466,274522
5491,229345,410321,597760,1237426,229345,410321,597760,1237426,2474852,594306
5028,186,30,36,252,186,30,36,252,504,0
6203,1258,58,153,1469,1258,58,153,1469,2938,0
8282,9103,13428,7140,29671,9103,13428,7140,29671,59342,0
8677,11822,9903,0,21725,11822,9903,0,21725,43450,0
7356,10607,7334,2163,20104,10607,7334,2163,20104,40208,0
7462,142013,112001,156941,410955,142013,112001,156941,410955,821910,2625
1035,31905,46828,73058,151791,31905,46828,73058,151791,303582,0
3154,40738,55071,122872,218681,40738,55071,122872,218681,437362,0
1159,22600,41691,44879,109170,22600,41691,44879,109170,218340,0
4025,5063,6133,2340,13536,5063,6133,2340,13536,27072,0
5798,28113,41607,38738,108458,28113,41607,38738,108458,216916,0
3474,23776,138122,10082,171980,23776,138122,10082,171980,343960,0
2677,61708,86303,60171,208182,61708,86303,60171,208182,416364,0
5573,43320,57704,135246,236270,43320,57704,135246,236270,472540,0
3897,8807,10772,30882,50461,8807,10772,30882,50461,100922,0
5229,326415,597325,1182041,2105781,326415,597325,1182041,2105781,4211562,587230
4271,6164,6516,2106,14786,6164,6516,2106,14786,29572,0
4432,588,83,5,676,588,83,5,676,1352,0
3882,12756,19433,9094,41283,12756,19433,9094,41283,82566,0
5389,71670,92081,392481,556232,71670,92081,392481,556232,1112464,0
5758,13325,68448,9730,91503,13325,68448,9730,91503,183006,0
3434,15450,155328,14665,185443,15450,155328,14665,185443,370886,970
3432,10181,30279,32279,72739,10181,30279,32279,72739,145478,0
3558,27748,219874,22986,270608,27748,219874,22986,270608,541216,0
6951,801361,428454,750895,1980710,801361,428485,750934,1980780,3961490,167547
5921,47151,41200,62196,150547,47151,41200,62196,150547,301094,0
2283,45080,63964,20942,129986,45080,63964,20942,129986,259972,0
2969,8162,6339,7447,21948,8162,6339,7447,21948,43896,0
3887,119189,148618,80518,348325,119189,148618,80518,348325,696650,0
3886,21635,31140,9791,62566,21635,31140,9791,62566,125132,0
3888,5070,5748,3760,14578,5070,5748,3760,14578,29156,0
3889,62501,112127,77100,251728,62501,112127,77100,251728,503456,0
3891,12451,18768,63723,94942,12451,18768,63723,94942,189884,0
7225,8978,9060,2319,20357,8978,9060,2319,20357,40714,0
1393,74249,91424,122553,288226,74249,91424,122553,288226,576452,901
4276,6026,4781,957,11764,6026,4781,957,11764,23528,0
9562,112299,93536,103117,308952,112299,93536,103117,308952,617904,5017
3348,105050,130115,71130,306295,105050,130115,71130,306295,612590,10433
3540,48028,346048,104608,498684,48028,346048,104608,498684,997368,100333
8837,991,206,0,1197,991,206,0,1197,2394,0
5390,139636,156908,603756,900300,139636,156908,603756,900300,1800600,537650
5230,261396,580730,1055452,1897578,261396,580730,1055452,1897578,3795156,39183
6952,30789,55595,142963,229347,30789,55595,142963,229347,458694,0
1783,11475,6590,2303,20368,11475,6590,2303,20368,40736,0
5574,441721,882650,1230119,2554490,441721,882650,1230119,2554490,5108980,459364
3155,125387,238592,257450,621429,125387,238592,257450,621429,1242858,293014
2439,806,1261,15,2082,806,1261,15,2082,4164,0
3817,13823,5064,20769,39656,13823,5064,20769,39656,79312,0
4357,410,68,78,556,410,68,78,556,1112,0
8728,1753,407,116,2276,1753,407,116,2276,4552,0
4518,19928,14715,49353,83996,19928,14715,49353,83996,167992,8721
4433,26374,9092,15083,50549,26374,9092,15083,50549,101098,0
5334,26812,40156,100295,167263,26812,40156,100295,167263,334526,7299
9776,126042,89761,145863,361666,126042,89761,145863,361666,723332,0
6211,3226,201,255,3682,3226,201,255,3682,7364,0
8261,1536,121,290,1947,1536,121,290,1947,3894,0
2010,38439,47095,9315,94849,38439,47095,9315,94849,189698,0
5826,692,7207,229,8128,692,7207,229,8128,16256,0
4504,215748,439607,333720,989075,215748,439607,333720,989075,1978150,0
9373,56066,33965,37010,127041,56066,33965,37010,127041,254082,0
2364,5391,2846,689,8926,5391,2846,689,8926,17852,0
7464,254940,266385,756206,1277531,254940,266385,756206,1277531,2555062,460774
5613,13244,10657,50707,74608,13244,10657,50707,74608,149216,0
1524,13923,13563,114456,141942,13923,13563,114456,141942,283884,0
8838,911,742,91,1744,911,742,91,1744,3488,5
5391,55212,85036,199545,339793,55212,85036,199545,339793,679586,2
2141,6383,2053,1985,10421,6383,2053,1985,10421,20842,0
5967,9754,8682,2286,20722,9754,8682,2286,20722,41444,12024
2938,26404,60092,32786,119282,26404,60092,32786,119282,238564,0
1342,36721,23813,5176,65710,36721,23813,5176,65710,131420,0
2440,1846,2253,2892,6991,1846,2253,2892,6991,13982,0
5597,848458,1395257,5058916,7302631,845914,1393819,5039565,7279298,14581929,0
5676,84645,95690,93298,273633,84645,95690,93298,273633,547266,81324
5392,38647,55711,182647,277005,38647,55711,182647,277005,554010,0
5231,24791,68204,113371,206366,24791,68204,113371,206366,412732,0
6268,10500,4081,17512,32093,10500,4081,17512,32093,64186,0
8584,103611,88441,40937,232989,103611,88441,40937,232989,465978,76671
8591,295420,458504,255003,1008927,295420,458504,255003,1008927,2017854,64128
2612,25223,47203,41702,114128,25223,47203,41702,114128,228256,0
2154,115649,73376,55775,244800,115649,73376,55775,244800,489600,0
2265,105102,55747,39998,200847,105102,55747,39998,200847,401694,0
5394,128647,201590,581272,911509,128647,201590,581272,911509,1823018,0
9365,47089,23678,33863,104630,47089,23678,33863,104630,209260,0
5041,27240,40255,67812,135307,27240,40255,67812,135307,270614,0
1216,99837,191205,200401,491443,99837,191205,200401,491443,982886,13662
2665,18889,19501,17914,56304,18889,19501,17914,56304,112608,0
6823,80798,60299,195558,336655,80798,60299,195558,336655,673310,0
6953,87862,206212,816023,1110097,87862,206212,816023,1110097,2220194,0
7407,5737,3538,25434,34709,5737,3538,25434,34709,69418,0
2251,36597,32423,20554,89574,36597,32423,20554,89574,179148,0
6858,10461,28896,19642,58999,10461,28896,19642,58999,117998,0
5575,303902,352309,663544,1319755,303902,352309,663544,1319755,2639510,0
5639,10903,10047,19830,40780,10903,10047,19830,40780,81560,0
5395,125111,131867,452649,709627,125111,131867,452649,709627,1419254,0
5372,20643,14130,48390,83163,20643,14130,48390,83163,166326,0
5576,222571,225895,861294,1309760,222571,225895,861294,1309760,2619520,0
7408,5935,12695,89001,107631,5935,12695,89001,107631,215262,0
5264,4384,4158,14194,22736,4384,4158,14194,22736,45472,0
6824,118355,104283,238118,460756,118355,104283,238118,460756,921512,0
5959,54316,92825,24008,171149,54316,92825,24008,171149,342298,0
3158,7760,7549,17131,32440,7760,7549,17131,32440,64880,0
5505,37154,90134,29385,156673,37154,90134,29385,156673,313346,13630
5316,1241,911,3198,5350,1241,911,3198,5350,10700,0
2384,213803,279393,67285,560481,213802,279385,67258,560445,1120926,235576
2390,178719,181753,73927,434399,178721,181761,73954,434436,868835,198257
4600,64435,101656,78482,244573,64435,101656,78482,244573,489146,0
8530,58786,144436,44096,247318,58786,144436,44096,247318,494636,0
1121,9225,2060,7305,18590,9225,2060,7305,18590,37180,0
7079,39525,35655,63555,138735,39525,35655,63555,138735,277470,0
5241,8316,7666,11152,27134,8316,7666,11152,27134,54268,0
2133,235370,222599,110467,568436,235370,222599,110467,568436,1136872,0
1455,48574,18224,33563,100361,48574,18224,33563,100361,200722,0
1402,419639,690269,669033,1778941,419639,690269,669033,1778941,3557882,451310
1403,8468,15370,27927,51765,8468,15370,27927,51765,103530,0
7057,14689,23483,17634,55806,14689,23483,17634,55806,111612,0
6095,16571,12077,34997,63645,16571,12077,34997,63645,127290,0
3796,5987,4320,5691,15998,5987,4320,5691,15998,31996,0
8589,57699,79781,31179,168659,57699,79781,31179,168659,337318,0
6859,4924,3321,3826,12071,4924,3321,3826,12071,24142,0
8509,14053,10465,7740,32258,14053,10465,7740,32258,64516,0
6073,26133,17397,33028,76558,26133,17397,33028,76558,153116,0
5128,152613,170903,784950,1108466,152613,170903,784950,1108466,2216932,0
1940,74701,156754,250562,482017,74701,156754,250562,482017,964034,547
4690,105505,64566,77613,247684,105505,64566,77613,247684,495368,0
4434,29118,17846,925,47889,29118,17846,925,47889,95778,0
6183,348046,348683,564470,1261199,348046,348683,564470,1261199,2522398,129524
6096,58761,67384,108011,234156,58761,67384,108011,234156,468312,0
1347,16815,26691,6616,50122,16815,26691,6616,50122,100244,0
1423,46868,128700,386702,562270,46868,128700,386702,562270,1124540,0
1509,23494,119875,43197,186566,23494,119875,43197,186566,373132,0
9673,46339,27654,21540,95533,46339,27654,21540,95533,191066,0
1466,55791,58580,99286,213657,55791,58580,99286,213657,427314,0
2681,1105,415,0,1520,1105,415,0,1520,3040,0
2266,6801,9633,2003,18437,6801,9633,2003,18437,36874,0
8875,59003,63620,199303,321926,59003,63620,199303,321926,643852,0
5684,130362,141244,320451,592057,130362,141244,320451,592057,1184114,0
9250,22092,16030,12347,50469,22092,16030,12347,50469,100938,0
5411,215703,290466,845135,1351304,216299,291262,846695,1354256,2705560,82743
3174,104159,223444,361208,688811,104159,223444,361208,688811,1377622,0
5086,67315,101574,266855,435744,67315,101574,266855,435744,871488,0
3188,42126,63138,342422,447686,42126,63138,342422,447686,895372,70
7474,187532,52597,382607,622736,187532,52597,382607,622736,1245472,10074
1421,37714,90400,621520,749634,37766,90434,622210,750410,1500044,129941
1525,197964,254913,706550,1159427,197912,254879,705860,1158651,2318078,139557
7466,69979,20919,85957,176855,69979,20919,85957,176855,353710,0
9564,36467,30439,28930,95836,36467,30439,28930,95836,191672,0
2201,110797,205983,94434,411214,110797,205983,94434,411214,822428,0
5129,76849,119712,218471,415032,76849,119712,218471,415032,830064,0
5438,121507,144597,587093,853197,121507,144597,587093,853197,1706394,49097
3059,31060,41996,26283,99339,31060,41996,26283,99339,198678,112
7329,7097,4519,258,11874,7097,4519,258,11874,23748,0
5242,9499,13828,18164,41491,9499,13828,18164,41491,82982,0
5293,23415,26852,84921,135188,23415,26852,84921,135188,270376,0
5054,58609,83339,316252,458200,58609,83339,316252,458200,916400,0
5278,52180,125651,131601,309432,52180,125651,131601,309432,618864,0
5712,50677,96303,37389,184369,50677,96303,37389,184369,368738,120457
7476,145490,143245,221863,510598,145490,143245,221863,510598,1021196,0
5151,65718,76877,272169,414764,65718,76877,272169,414764,829528,0
5030,4746,10255,16419,31420,4746,10255,16419,31420,62840,0
9231,5731,2752,1731,10214,5731,2752,1731,10214,20428,0
7226,2753,1812,985,5550,2753,1812,985,5550,11100,2020
9998,126005,102350,116441,344796,126005,102350,116441,344796,689592,35630
5195,15998,23465,66152,105615,15998,23465,66152,105615,211230,0
2619,14858,45420,20120,80398,14858,45420,20120,80398,160796,0
3388,6251,5201,3269,14721,6251,5201,3269,14721,29442,0
3391,90604,268715,122494,481813,90604,268715,122494,481813,963626,4925
7572,3586,2683,260,6529,3586,2683,260,6529,13058,0
5577,335431,266772,720284,1322487,335431,266772,720284,1322487,2644974,491249
5965,80633,254131,22239,357003,80633,254131,22239,357003,714006,4324
2772,12615,25542,6581,44738,12615,25542,6581,44738,89476,0
2736,18955,10229,3020,32204,18955,10229,3020,32204,64408,0
1585,3904,4202,409,8515,3904,4202,409,8515,17030,0
9753,50437,34341,42549,127327,50437,34341,42549,127327,254654,3235
5759,8293,17204,2646,28143,8293,17204,2646,28143,56286,0
9665,7926,7443,2269,17638,7926,7443,2269,17638,35276,0
2161,28339,63043,16946,108328,28339,63043,16946,108328,216656,0
8184,25906,8614,25777,60297,25906,8614,25777,60297,120594,0
5527,17867,27840,68526,114233,17867,27840,68526,114233,228466,0
1348,15554,21607,8902,46063,15554,21607,8902,46063,92126,0
3896,1035,1230,384,2649,1035,1230,384,2649,5298,0
6956,37325,99381,187931,324637,37325,99381,187931,324637,649274,0
6846,2034,1109,3504,6647,2034,1109,3504,6647,13294,0
9777,67273,36437,58355,162065,67273,36437,58355,162065,324130,0
2048,64989,30401,10003,105393,64989,30401,10003,105393,210786,0
4111,20962,4143,392,25497,20962,4143,392,25497,50994,1210
8130,418,3,54,475,418,3,54,475,950,0
4539,8559,4657,20764,33980,8559,4657,20764,33980,67960,0
5196,48053,125954,217261,391268,48053,125954,217261,391268,782536,0
7187,4253,2466,5729,12448,4253,2466,5729,12448,24896,0
7047,36116,37600,92856,166572,36116,37600,92856,166572,333144,0
5611,116328,154073,363142,633543,116328,154073,363142,633543,1267086,0
6551,3282,5530,442,9254,3282,5530,442,9254,18508,0
5396,27323,36907,101824,166054,27323,36907,101824,166054,332108,0
5439,11571,15467,32157,59195,11571,15467,32157,59195,118390,0
8680,5458,5396,0,10854,5458,5396,0,10854,21708,0
6891,174041,196531,703646,1074218,174041,196531,703646,1074218,2148436,239426
7227,5567,6837,1858,14262,5567,6837,1858,14262,28524,0
7695,991,60,2106,3157,991,60,2106,3157,6314,0
2391,70023,56370,22583,148976,70023,56370,22583,148976,297952,0
4528,29972,30694,78038,138704,29972,30694,78038,138704,277408,0
2363,179796,262528,76949,519273,179795,262516,76919,519230,1038503,332887
2406,121039,334443,200852,656334,121039,334456,200883,656378,1312712,134445
2098,19394,3787,3209,26390,19394,3787,3209,26390,52780,0
3965,2799,3068,992,6859,2799,3068,992,6859,13718,0
1457,63090,55442,482757,601289,63090,55442,482757,601289,1202578,401179
9781,39551,22879,49438,111868,39551,22879,49438,111868,223736,0
1905,5100,1933,1340,8373,5100,1933,1340,8373,16746,0
4568,5379,2237,600,8216,5379,2237,600,8216,16432,0
2774,139207,149534,86476,375217,139207,149534,86476,375217,750434,58359
1056,8396,3060,16531,27987,8396,3060,16531,27987,55974,0
5578,1138306,1586931,4860638,7585875,1138306,1586931,4860638,7585875,15171750,1333795
5612,17986,25602,108963,152551,17986,25602,108963,152551,305102,0
5042,71,174,300,545,71,174,300,545,1090,0
5924,361291,720086,897982,1979359,361291,720086,897982,1979359,3958718,47577
5528,28143,46039,81265,155447,28143,46039,81265,155447,310894,0
6024,84375,115752,420381,620508,84375,115752,420381,620508,1241016,0
1978,32282,103461,15871,151614,32282,103461,15871,151614,303228,0
3175,156954,406311,215503,778768,156954,406311,215503,778768,1557536,21864
5672,177525,318625,130995,627145,177525,318625,130995,627145,1254290,28813
5697,59330,67569,88321,215220,59330,67569,88321,215220,430440,0
5698,47640,33362,63459,144461,47640,33362,63459,144461,288922,0
2269,15878,33031,3695,52604,15878,33031,3695,52604,105208,0
9694,59833,43018,63000,165851,59833,43018,63000,165851,331702,0
6844,152572,236623,749523,1138718,152572,236623,749523,1138718,2277436,185239
5640,29043,24465,65167,118675,29043,24465,65167,118675,237350,0
1011,13308,38915,29800,82023,13308,38915,29800,82023,164046,0
5341,33325,65359,131371,230055,33325,65359,131371,230055,460110,12608
6860,22057,45787,96592,164436,22057,45787,96592,164436,328872,1102
1539,3290,8547,10498,22335,3290,8547,10498,22335,44670,0
5685,873778,1116685,1751339,3741802,873778,1116685,1751339,3741802,7483604,1496442
5696,267192,398941,387259,1053392,267192,398941,387259,1053392,2106784,110323
5440,23499,28322,70662,122483,23499,28322,70662,122483,244966,0
1218,374302,873383,862820,2110505,374302,873383,862820,2110505,4221010,225714
1364,18161,25133,105555,148849,18161,25133,105555,148849,297698,0
6688,30390,30494,28868,89752,30390,30494,28868,89752,179504,0
4536,2009,1490,2817,6316,2009,1490,2817,6316,12632,0
6954,44789,74299,201625,320713,44789,74299,201625,320713,641426,0
7228,20326,30621,6997,57944,20326,30621,6997,57944,115888,0
7467,4367,7076,72774,84217,4367,7076,72774,84217,168434,0
9639,8552,6214,8710,23476,8552,6214,8710,23476,46952,0
6892,41007,33423,228789,303219,41007,33423,228789,303219,606438,0
6732,4059,2294,4575,10928,4059,2294,4575,10928,21856,0
8578,55362,35222,59702,150286,55362,35222,59702,150286,300572,0
2835,5138,9179,2876,17193,5138,9179,2876,17193,34386,0
5441,21924,28980,132382,183286,21924,28980,132382,183286,366572,0
2773,15242,28456,27731,71429,15242,28456,27731,71429,142858,0
5960,27772,48212,10840,86824,27772,48212,10840,86824,173648,0
5925,23285,11321,22741,57347,23285,11321,22741,57347,114694,0
5152,245558,413905,904874,1564337,245558,413905,904874,1564337,3128674,0
5153,31226,34053,145242,210521,31226,34053,145242,210521,421042,0
4540,1950,932,2079,4961,1950,932,2079,4961,9922,0
4893,225168,255125,254172,734465,225374,255271,254173,734818,1469283,128073
5579,170685,283004,848970,1302659,170685,283004,848970,1302659,2605318,0
4891,129609,129790,121611,381010,129403,129643,121610,380656,761666,76183
2040,44324,16737,6609,67670,44324,16737,6609,67670,135340,0
6574,86006,90669,45586,222261,86006,90669,45586,222261,444522,15900
3390,33929,33795,18087,85811,33929,33795,18087,85811,171622,0
5686,17899,7568,72076,97543,17899,7568,72076,97543,195086,0
7326,6148,3093,1795,11036,6148,3093,1795,11036,22072,0
5279,221624,585548,409208,1216380,221624,585548,409208,1216380,2432760,92471
6907,1923,2286,5680,9889,1923,2286,5680,9889,19778,0
5673,15901,9531,20212,45644,15901,9531,20212,45644,91288,0
1350,1656,2560,71,4287,1656,2560,71,4287,8574,0
8123,234,98,360,692,234,98,360,692,1384,0
4486,5399,3573,868,9840,5399,3573,868,9840,19680,0
4487,159630,94258,13240,267128,159630,94258,13240,267128,534256,7331
5031,17210,26594,35128,78932,17210,26594,35128,78932,157864,0
7514,15458,29133,7578,52169,15458,29133,7578,52169,104338,0
1138,50712,75811,90882,217405,50712,75811,90882,217405,434810,0
7383,24170,31341,11221,66732,24170,31341,11221,66732,133464,0
4532,6199,7551,7572,21322,6199,7551,7572,21322,42644,0
5232,4634,4971,4937,14542,4634,4971,4937,14542,29084,0
4537,38537,46019,91218,175774,38537,46019,91218,175774,351548,0
7917,28705,27110,4353,60168,28705,27110,4353,60168,120336,0
3380,34163,48421,37657,120241,34163,48421,37657,120241,240482,0
3392,55495,67724,46172,169391,55495,67724,46172,169391,338782,0
5827,636,2972,365,3973,636,2972,365,3973,7946,0
5838,22718,78630,6496,107844,22718,78630,6496,107844,215688,0
5856,16388,36245,2640,55273,16388,36245,2640,55273,110546,0
5857,1030,1463,425,2918,1030,1463,425,2918,5836,0
3818,1907,2178,2374,6459,1907,2178,2374,6459,12918,0
9990,26392,20739,16892,64023,26392,20739,16892,64023,128046,0
8263,658635,2143999,598368,3401002,658635,2143999,598368,3401002,6802004,797940
1351,1725,1372,1407,4504,1725,1372,1407,4504,9008,0
4026,36568,47829,44403,128800,36568,47829,44403,128800,257600,0
3871,10337,15878,13509,39724,10337,15878,13509,39724,79448,0
