NLC,Entries Full,Entries Reduced,Entries Season,Entries Total,Exits Full,Exits Reduced,Exits Season,Exits Total,0910 Entries & Exits,0910 interchanges
5131,206421,344832,890181,1441434,206421,344832,890181,1441434,2882868,0
3813,27999,23580,44815,96394,27999,23580,44815,96394,192788,0
3801,36723,36922,24206,97851,36723,36922,24206,97851,195702,29324
3982,81352,103415,69143,253910,81352,103415,69143,253910,507820,0
8976,426608,712153,189746,1328507,426608,712153,189746,1328507,2657014,164299
9090,18721,28384,18832,65937,18721,28384,18832,65937,131874,0
4435,11310,2688,0,13998,11310,2688,0,13998,27996,0
4440,625,38,0,663,625,38,0,663,1326,0
3602,59241,88504,24498,172243,59241,88504,24498,172243,344486,0
2448,11830,20720,3005,35555,11830,20720,3005,35555,71110,0
4303,74689,74217,979,149885,74689,74217,979,149885,299770,0
2552,86268,33857,19596,139721,86268,33857,19596,139721,279442,0
8600,83,18,0,101,83,18,0,101,202,0
8601,1095,712,0,1807,1095,712,0,1807,3614,0
8602,276,113,0,389,276,113,0,389,778,0
7662,119,15,0,134,119,15,0,134,268,0
7286,8921,11429,2391,22741,8921,11429,2391,22741,45482,0
4529,39797,53084,99249,192130,39797,53084,99249,192130,384260,0
2287,2849,1222,2758,6829,2849,1222,2758,6829,13658,0
1404,56304,77729,344428,478461,56304,77729,344428,478461,956922,0
3000,14902,16641,100518,132061,14902,16641,100518,132061,264122,0
1036,3356,5479,5972,14807,3356,5479,5972,14807,29614,0
9310,4437,5911,2521,12869,4437,5911,2521,12869,25738,0
5550,58128,44839,92996,195963,58128,44839,92996,195963,391926,0
5160,3735,6132,12913,22780,3735,6132,12913,22780,45560,0
2939,3336,2929,544,6809,3336,2929,544,6809,13618,0
2641,23759,10882,12664,47305,23759,10882,12664,47305,94610,0
8353,53956,28064,40432,122452,53956,28064,40432,122452,244904,0
2255,113625,139822,95049,348496,113625,139822,95049,348496,696992,0
2350,139615,230191,107858,477664,139615,230191,107858,477664,955328,0
2125,193252,252249,141137,586638,193252,252249,141137,586638,1173276,0
9695,22425,18661,11159,52245,22425,18661,11159,52245,104490,0
9759,163813,147246,216396,527455,163813,147246,216396,527455,1054910,0
5132,64998,65161,329634,459793,64998,65161,329634,459793,919586,0
4614,13390,12576,12654,38620,13390,12576,12654,38620,77240,0
2760,36232,35148,18309,89689,36232,35148,18309,89689,179378,0
3145,7998,11711,12798,32507,7998,11711,12798,32507,65014,0
5623,203385,282936,217041,703362,203385,282936,217041,703362,1406724,178810
5280,16502,27708,34726,78936,16502,27708,34726,78936,157872,0
6025,74171,111811,345760,531742,74171,111811,345760,531742,1063484,117405
9905,33389,22500,15416,71305,33389,22500,15416,71305,142610,0
9861,54623,57762,59234,171619,54623,57762,59234,171619,343238,0
1805,42752,39142,11882,93776,42752,39142,11882,93776,187552,0
7520,17641,2731,9276,29648,17641,2731,9276,29648,59296,0
9883,48901,110361,35774,195036,48901,110361,35774,195036,390072,0
8605,4394,1640,1119,7153,4394,1640,1119,7153,14306,0
7787,24603,56232,15355,96190,24603,56232,15355,96190,192380,532
6847,5246,4755,18005,28006,5246,4755,18005,28006,56012,0
1223,16483,7347,4315,28145,16483,7347,4315,28145,56290,0
6869,4161,3028,10353,17542,4161,3028,10353,17542,35084,0
6532,1075,2049,226,3350,1075,2049,226,3350,6700,0
8606,69,9,0,78,69,9,0,78,156,0
5544,74768,110673,167850,353291,74768,110673,167850,353291,706582,0
2806,32749,60391,39326,132466,32749,60391,39326,132466,264932,0
1198,33035,13984,21912,68931,33035,13984,21912,68931,137862,0
1678,6225,10381,1315,17921,6225,10381,1315,17921,35842,0
5250,4634,12718,7151,24503,4634,12718,7151,24503,49006,0
506,110018,208138,291312,609468,110018,208138,291312,609468,1218936,0
4236,6591,1785,386,8762,6591,1785,386,8762,17524,0
6358,1084,305,493,1882,1084,305,493,1882,3764,0
9965,81898,28206,165843,275947,81898,28206,165843,275947,551894,0
5510,100633,213905,200881,515419,100633,213905,200881,515419,1030838,1023
5397,31251,45105,113804,190160,31251,45105,113804,190160,380320,0
6909,2959,1754,8767,13480,2959,1754,8767,13480,26960,0
5267,64647,166588,114106,345341,64647,166588,114106,345341,690682,0
9451,6187,48179,1380,55746,6187,48179,1380,55746,111492,0
9972,185827,133544,180041,499412,185827,133544,180041,499412,998824,0
2662,10433,5474,1805,17712,10433,5474,1805,17712,35424,0
2052,24930,3412,2650,30992,24930,3412,2650,30992,61984,0
5003,3396,5547,6801,15744,3396,5547,6801,15744,31488,0
3109,1017,1814,1712,4543,1017,1814,1712,4543,9086,0
2396,18433,71970,19627,110030,18433,71970,19627,110030,220060,0
1430,45084,64894,71570,181548,45084,64894,71570,181548,363096,0
9079,72952,87260,36443,196655,72952,87260,36443,196655,393310,75
8613,3205,489,0,3694,3205,489,0,3694,7388,0
9962,787,198,0,985,787,198,0,985,1970,0
9453,31502,16799,6980,55281,31502,16799,6980,55281,110562,0
9569,30758,34947,42296,108001,30758,34947,42296,108001,216002,283
9455,2955,3513,2816,9284,2955,3513,2816,9284,18568,0
2960,169,137,71,377,169,137,71,377,754,0
9961,147623,113514,106241,367378,147623,113514,106241,367378,734756,0
8821,2304,1234,0,3538,2304,1234,0,3538,7076,0
6171,50989,59663,94876,205528,50989,59663,94876,205528,411056,0
2054,3421,370,1273,5064,3421,370,1273,5064,10128,0
1963,24270,23312,6267,53849,24270,23312,6267,53849,107698,0
8045,411,512,836,1759,411,512,836,1759,3518,0
9963,2268,2155,83,4506,2268,2155,83,4506,9012,0
5251,21569,67444,44904,133917,21569,67444,44904,133917,267834,0
5666,162853,227607,116760,507220,162853,227607,116760,507220,1014440,246762
3003,296,296,540,1132,296,296,540,1132,2264,0
5641,35265,45085,64116,144466,35265,45085,64116,144466,288932,38106
5547,50223,60870,107836,218929,50223,60870,107836,218929,437858,133963
2941,8665,11694,13920,34279,8665,11694,13920,34279,68558,0
4700,13173,12947,6191,32311,13173,12947,6191,32311,64622,0
9953,12442,11259,5322,29023,12442,11259,5322,29023,58046,0
5667,100920,101407,274959,477286,100920,101407,274959,477286,954572,0
5004,251728,501874,624443,1378045,251728,501874,624443,1378045,2756090,383237
2850,830,1093,241,2164,830,1093,241,2164,4328,0
5347,117267,145134,265742,528143,117267,145134,265742,528143,1056286,0
2790,34983,128264,67296,230543,34983,128264,67296,230543,461086,0
5398,2261,3100,2986,8347,2261,3100,2986,8347,16694,0
5906,13310,14643,16402,44355,13310,14643,16402,44355,88710,0
6083,13115,7985,35075,56175,13115,7985,35075,56175,112350,0
1953,15606,2095,18509,36210,15606,2095,18509,36210,72420,0
6233,4577,1378,901,6856,4577,1378,901,6856,13712,0
2095,11902,2766,1643,16311,11902,2766,1643,16311,32622,0
1380,1411,2204,2059,5674,1411,2204,2059,5674,11348,0
1004,40551,74524,57321,172396,40551,74524,57321,172396,344792,42369
1074,11334,5899,2770,20003,11334,5899,2770,20003,40006,0
2584,32987,79754,71036,183777,32987,79754,71036,183777,367554,0
8608,173,66,0,239,173,66,0,239,478,0
1624,19350,2945,7079,29374,19350,2945,7079,29374,58748,0
7367,26360,35096,15249,76705,26360,35096,15249,76705,153410,0
9457,8595,7809,2505,18909,8595,7809,2505,18909,37818,0
7017,71492,102357,187454,361303,71492,102357,187454,361303,722606,2275
2215,19134,19763,15899,54796,19134,19763,15899,54796,109592,0
8610,26499,35099,888,62486,26499,35099,888,62486,124972,72
3265,3912,3592,616,8120,3912,3592,616,8120,16240,0
3200,22383,2002,9839,34224,22383,2002,9839,34224,68448,0
5714,17649,81814,6139,105602,17649,81814,6139,105602,211204,0
1492,162294,160674,189600,512568,162294,160674,189600,512568,1025136,5094
1090,5795,7463,11348,24606,5795,7463,11348,24606,49212,0
5162,18197,12942,16950,48089,18197,12942,16950,48089,96178,0
5197,10831,16792,9379,37002,10831,16792,9379,37002,74004,0
9463,262624,277269,172073,711966,262624,277269,172073,711966,1423932,42873
2187,42920,43948,6984,93852,42920,43948,6984,93852,187704,0
4186,2485,3493,4508,10486,2485,3493,4508,10486,20972,0
5681,27226,19466,21726,68418,27226,19466,21726,68418,136836,0
8552,43040,35992,27813,106845,43040,35992,27813,106845,213690,0
9763,16740,12839,14980,44559,16740,12839,14980,44559,89118,0
5492,8867,15335,27319,51521,8867,15335,27319,51521,103042,0
6084,66007,70592,91263,227862,66007,70592,91263,227862,455724,0
5399,448861,484257,1593003,2526121,448861,484257,1593003,2526121,5052242,243431
9862,84952,98994,85779,269725,84952,98994,85779,269725,539450,0
9013,42,21,339,402,42,21,339,402,804,0
2561,25986,4240,4804,35030,25986,4240,4804,35030,70060,0
2820,6836,5331,54,12221,6836,5331,54,12221,24442,0
8839,1106,1133,0,2239,1106,1133,0,2239,4478,0
4502,210396,419415,223321,853132,210396,419415,223321,853132,1706264,342418
2471,60342,208914,26733,295989,60342,208914,26733,295989,591978,663
2238,24800,39722,20983,85505,24800,39722,20983,85505,171010,0
5348,11127,6261,36654,54042,11127,6261,36654,54042,108084,0
9466,24905,20775,21875,67555,24905,20775,21875,67555,135110,0
7563,893,1035,841,2769,893,1035,841,2769,5538,0
2690,48047,4312,13517,65876,48047,4312,13517,65876,131752,0
9764,14359,12514,16030,42903,14359,12514,16030,42903,85806,0
4011,24377,33172,14654,72203,24377,33172,14654,72203,144406,0
7492,577515,684104,1077357,2338976,577515,684104,1077357,2338976,4677952,211034
5133,13711,15138,33559,62408,13711,15138,33559,62408,124816,0
4445,52951,13131,12203,78285,52951,13131,12203,78285,156570,0
5089,96158,134460,524672,755290,96158,134460,524672,755290,1510580,0
5551,188395,182992,456140,827527,188395,182992,456140,827527,1655054,12552
5580,77859,63932,116693,258484,77859,63932,116693,258484,516968,0
6406,4993,18556,3546,27095,4993,18556,3546,27095,54190,2016
5252,78460,148918,220170,447548,78460,148918,220170,447548,895096,796935
9973,14823,10679,5837,31339,14823,10679,5837,31339,62678,0
6774,196014,265363,206780,668157,196014,265363,206780,668157,1336314,12168
5725,9224,138261,4014,151499,9224,138261,4014,151499,302998,0
1096,42391,28603,39723,110717,42391,28603,39723,110717,221434,31509
9674,96792,76025,116751,289568,96792,76025,116751,289568,579136,0
9467,1403,739,142,2284,1403,739,142,2284,4568,0
6212,949,135,0,1084,949,135,0,1084,2168,0
1954,129849,101447,74386,305682,129849,101447,74386,305682,611364,11499
1903,13131,13012,9035,35178,13131,13012,9035,35178,70356,0
3805,100411,83855,68613,252879,100411,83855,68613,252879,505758,0
3806,30317,23097,12369,65783,30317,23097,12369,65783,131566,0
3807,79137,102956,98652,280745,79137,102956,98652,280745,561490,0
9020,39,1,5,45,39,1,5,45,90,0
6207,19400,2282,1532,23214,19400,2282,1532,23214,46428,0
7494,352736,335100,527038,1214874,352736,335100,527038,1214874,2429748,0
5520,489525,993272,837186,2319983,489525,993272,837186,2319983,4639966,648892
5090,9667,12762,18481,40910,9667,12762,18481,40910,81820,0
3271,482279,1445379,462082,2389740,482279,1445379,462082,2389740,4779480,114725
9311,130754,92259,80612,303625,130754,92259,80612,303625,607250,0
8484,40266,40219,40398,120883,40266,40219,40398,120883,241766,0
7909,859,142,5,1006,859,142,5,1006,2012,0
5420,159407,241832,526785,928024,159407,241832,526785,928024,1856048,67365
5215,37638,104796,121768,264202,37638,104796,121768,264202,528404,0
6870,1458,1494,1970,4922,1458,1494,1970,4922,9844,0
6006,7293,5056,5883,18232,7293,5056,5883,18232,36464,0
3047,194269,171604,287740,653613,194269,171604,287740,653613,1307226,0
2420,309,153,144,606,309,153,144,606,1212,0
9966,93438,70030,79832,243300,93438,70030,79832,243300,486600,0
5091,26913,59442,119314,205669,26913,59442,119314,205669,411338,0
8822,109,27,0,136,109,27,0,136,272,0
5890,937,1386,266,2589,937,1386,266,2589,5178,0
8877,12201,12546,800,25547,12201,12546,800,25547,51094,0
2188,213383,212689,142241,568313,213383,212689,142241,568313,1136626,0
7258,14056,26035,982,41073,14056,26035,982,41073,82146,0
5076,21840,27419,84606,133865,21840,27419,84606,133865,267730,0
5046,181414,268285,832527,1282226,181414,268285,832527,1282226,2564452,65866
1512,185896,646194,658181,1490271,185896,646194,658181,1490271,2980542,32659
1510,1121,2285,2548,5954,1121,2285,2548,5954,11908,0
5538,19100,17597,12363,49060,19100,17597,12363,49060,98120,0
3245,13321,9589,12039,34949,13321,9589,12039,34949,69898,0
1165,11896,2169,4219,18284,11896,2169,4219,18284,36568,0
3070,5549,26532,9665,41746,5549,26532,9665,41746,83492,0
1625,108060,61210,38089,207359,108060,61210,38089,207359,414718,15529
5198,4562,9268,9155,22985,4562,9268,9155,22985,45970,0
2785,874,3998,1256,6128,874,3998,1256,6128,12256,0
9895,86596,75130,50854,212580,86596,75130,50854,212580,425160,20472
5062,39783,42463,217576,299822,39783,42463,217576,299822,599644,0
9714,102132,83002,105431,290565,102132,83002,105431,290565,581130,35328
5350,13778,11622,40818,66218,13778,11622,40818,66218,132436,0
1679,26399,29733,11337,67469,26399,29733,11337,67469,134938,0
5227,1658,1387,2721,5766,1658,1387,2721,5766,11532,0
5092,54296,57515,197387,309198,54296,57515,197387,309198,618396,0
8047,1906,2155,860,4921,1906,2155,860,4921,9842,0
8564,30524,40631,15895,87050,30524,40631,15895,87050,174100,0
7439,357512,349306,715271,1422089,357512,349306,715271,1422089,2844178,0
2676,7412,1483,686,9581,7412,1483,686,9581,19162,0
5624,15349,12227,33426,61002,15349,12227,33426,61002,122004,0
8352,31203,14580,30992,76775,31203,14580,30992,76775,153550,0
3549,1941,10765,5430,18136,1941,10765,5430,18136,36272,0
3550,448,4453,1402,6303,448,4453,1402,6303,12606,0
1390,176251,240936,278057,695244,176251,240936,278057,695244,1390488,0
1045,23655,34117,40044,97816,23655,34117,40044,97816,195632,0
7330,534,280,0,814,534,280,0,814,1628,0
8431,7651,4988,2484,15123,7651,4988,2484,15123,30246,0
5581,30872,39945,99130,169947,30872,39945,99130,169947,339894,0
5323,5827,19262,9291,34380,5827,19262,9291,34380,68760,0
7791,13368,181143,15216,209727,13368,181143,15216,209727,419454,2579
2351,934,1043,0,1977,934,1043,0,1977,3954,0
1003,8164,18161,15451,41776,8164,18161,15451,41776,83552,0
5472,1796,2165,5862,9823,1796,2165,5862,9823,19646,0
6961,42628,62362,152889,257879,42628,62362,152889,257879,515758,0
2449,9058,5632,68,14758,9058,5632,68,14758,29516,0
8048,66373,115177,109299,290849,66373,115177,109299,290849,581698,14
5211,89724,222624,332039,644387,89724,222624,332039,644387,1288774,0
5093,83751,113793,367716,565260,83751,113793,367716,565260,1130520,0
5094,192990,223876,1010525,1427391,192990,223876,1010525,1427391,2854782,0
3048,110982,288162,164275,563419,110982,288162,164275,563419,1126838,0
3104,7242,32685,12467,52394,7242,32685,12467,52394,104788,0
5063,68192,74790,256730,399712,68192,74790,256730,399712,799424,1835
2136,49342,53059,29017,131418,49342,53059,29017,131418,262836,86399
6170,78052,115972,157669,351693,78052,115972,157669,351693,703386,0
4618,11107,10963,24738,46808,11107,10963,24738,46808,93616,0
6871,197968,231913,885792,1315673,197968,231913,885792,1315673,2631346,0
7910,17047,11559,5321,33927,17047,11559,5321,33927,67854,0
5464,35811,67677,107237,210725,35811,67677,107237,210725,421450,0
6235,6418,6969,2219,15606,6418,6969,2219,15606,31212,0
8553,162409,198899,158728,520036,162409,198899,158728,520036,1040072,0
3907,4316,2116,5025,11457,4316,2116,5025,11457,22914,0
5163,15720,35545,85517,136782,15720,35545,85517,136782,273564,0
2304,109945,71459,63217,244621,109945,71459,63217,244621,489242,0
5401,3980,3046,10658,17684,3980,3046,10658,17684,35368,0
2352,100147,196316,95070,391533,100147,196316,95070,391533,783066,0
2217,170969,204208,105011,480188,170969,204208,105011,480188,960376,0
2219,459357,422139,333216,1214712,459357,422139,333216,1214712,2429424,254159
2145,150664,165195,95136,410995,150664,165195,95136,410995,821990,72504
2220,191613,187419,141288,520320,191613,187419,141288,520320,1040640,0
4513,264,3087,354,3705,264,3087,354,3705,7410,0
1215,542632,809103,762454,2114189,542632,809103,762454,2114189,4228378,41112
4515,378562,854413,898219,2131194,377921,853047,897023,2127991,4259185,165021
1127,2601637,5791046,4239054,12631737,2602494,5792873,4240653,12636020,25267757,3957161
1006,290572,620818,878785,1790175,290356,620357,878382,1789095,3579270,149609
7835,31697,12613,3404,47714,31697,12613,3404,47714,95428,0
9940,95997,183825,91953,371775,95997,183825,91953,371775,743550,0
6800,239535,316449,617126,1173110,239535,316449,617126,1173110,2346220,49285
5402,3704,8927,2185,14816,3704,8927,2185,14816,29632,0
9620,91389,64860,105370,261619,91389,64860,105370,261619,523238,0
5945,16585,9047,9095,34727,16585,9047,9095,34727,69454,0
2737,325717,183645,82719,592081,325717,183645,82719,592081,1184162,61959
5112,891770,964079,4195671,6044908,891763,964062,4195331,6044545,12089453,668840
5095,249689,286012,834108,1369809,249689,286012,834108,1369809,2739618,11955
7400,31956,41635,18645,92236,31956,41635,18645,92236,184472,0
2739,319709,448445,38593,806747,319709,448445,38593,806747,1613494,3684
2738,14402,18945,391,33738,14402,18945,391,33738,67476,0
2740,33080,23488,3579,60147,33080,23488,3579,60147,120294,0
2732,21246,20650,150193,192089,21246,20650,150193,192089,384178,0
5625,49966,104865,52860,207691,49966,104865,52860,207691,415382,0
2450,10227,8938,0,19165,10227,8938,0,19165,38330,0
8750,1960,3592,234,5786,1960,3592,234,5786,11572,0
9760,70226,62750,161146,294122,70226,62750,161146,294122,588244,0
1176,45340,39981,80557,165878,45340,39981,80557,165878,331756,0
4574,10387,4200,27996,42583,10387,4200,27996,42583,85166,0
9716,76178,66467,87265,229910,76178,66467,87265,229910,459820,0
7503,570,210,596,1376,570,210,596,1376,2752,0
6204,2006,184,117,2307,2006,184,117,2307,4614,0
1360,47458,116360,193795,357613,47458,116360,193795,357613,715226,57128
1141,6015,9156,6130,21301,6015,9156,6130,21301,42602,0
1018,6101,8931,6420,21452,6101,8931,6420,21452,42904,0
2123,243010,426505,189466,858981,243010,426505,189466,858981,1717962,0
1282,11346,10893,3995,26234,11346,10893,3995,26234,52468,0
3501,7471,93628,9709,110808,7471,93628,9709,110808,221616,0
2435,1561,870,246,2677,1561,870,246,2677,5354,0
5253,102113,273258,191038,566409,102113,273258,191038,566409,1132818,0
9668,5443,3626,3793,12862,5443,3626,3793,12862,25724,0
2599,281289,714137,421507,1416933,281289,714137,421507,1416933,2833866,488160
8536,9856,14617,7214,31687,9856,14617,7214,31687,63374,0
5626,36956,39897,63124,139977,36956,39897,63124,139977,279954,0
1993,4339,305,3147,7791,4339,305,3147,7791,15582,0
2195,150494,201106,103361,454961,150494,201106,103361,454961,909922,2
2239,99931,79549,76327,255807,99931,79549,76327,255807,511614,0
5130,33062,77416,111826,222304,33062,77416,111826,222304,444608,0
4304,24936,4559,951,30446,24936,4559,951,30446,60892,0
5254,11246,15421,18599,45266,11246,15421,18599,45266,90532,0
6216,36254,52504,13765,102523,36254,52504,13765,102523,205046,0
5894,19795,16916,28519,65230,19795,16916,28519,65230,130460,0
6237,11946,6649,6856,25451,11946,6649,6856,25451,50902,0
3018,24121,35478,46246,105845,24121,35478,46246,105845,211690,68237
5876,321615,671648,266287,1259550,321615,671648,266287,1259550,2519100,53073
1112,84896,162783,138438,386117,84896,162783,138438,386117,772234,0
1381,1542,3582,8345,13469,1542,3582,8345,13469,26938,0
6027,26269,34700,247927,308896,26269,34700,247927,308896,617792,0
9968,6464,3993,11501,21958,6464,3993,11501,21958,43916,0
5403,5191,12640,11463,29294,5191,12640,11463,29294,58588,0
5693,335251,296777,293158,925186,335251,296777,293158,925186,1850372,0
8346,320759,358391,298371,977521,320759,358392,298352,977503,1955024,17864
8345,294630,479170,363238,1137038,294631,479170,363257,1137058,2274096,23190
3341,71476,79029,38382,188887,71476,79029,38382,188887,377774,3244
5530,24629,1597,4477,30703,24629,1597,4477,30703,61406,0
6801,57626,96706,252259,406591,57626,96706,252259,406591,813182,0
2053,8992,13520,6452,28964,8992,13520,6452,28964,57928,0
2944,22400,41541,49083,113024,22400,41541,49083,113024,226048,0
5500,22066,52886,41058,116010,22066,52886,41058,116010,232020,0
8496,41471,26262,58760,126493,41471,26262,58760,126493,252986,0
7565,2630,2152,446,5228,2630,2152,446,5228,10456,0
7259,1055,1483,452,2990,1055,1483,452,2990,5980,0
9938,17650,16888,12278,46816,17650,16888,12278,46816,93632,0
7200,16700,15929,3074,35703,16700,15929,3074,35703,71406,0
5875,34335,34087,34317,102739,34335,34087,34317,102739,205478,0
2045,529,42,411,982,529,42,411,982,1964,0
2779,14115,43540,21658,79313,14115,43540,21658,79313,158626,0
9251,42,16,0,58,42,16,0,58,116,0
5552,155965,120846,281202,558013,155965,120846,281202,558013,1116026,0
6872,294810,219918,646693,1161421,294810,219918,646693,1161421,2322842,0
1560,7730,6842,6666,21238,7730,6842,6666,21238,42476,0
9889,52016,38646,26957,117619,52016,38646,26957,117619,235238,0
8823,1905,803,0,2708,1905,803,0,2708,5416,0
3809,194447,373642,199243,767332,194447,373642,199243,767332,1534664,32112
9789,73136,54012,69833,196981,73136,54012,69833,196981,393962,0
3449,35331,70139,13432,118902,35331,70139,13432,118902,237804,0
8049,64668,111048,25081,200797,64668,111048,25081,200797,401594,167
2554,8196,1608,663,10467,8196,1608,663,10467,20934,0
6464,345,14,-152,207,345,14,-152,207,414,0
8514,32204,38319,19227,89750,32204,38319,19227,89750,179500,0
5268,1077360,3902549,1890882,6870791,1077360,3902549,1890882,6870791,13741582,1605187
6810,46825,54753,125135,226713,46825,54753,125135,226713,453426,0
2603,5588,22866,6954,35408,5588,22866,6954,35408,70816,0
3230,294531,527968,198275,1020774,294531,527968,198275,1020774,2041548,394761
3231,1009474,2097642,830727,3937843,1009474,2097642,830727,3937843,7875686,979955
4012,2867,1921,866,5654,2867,1921,866,5654,11308,0
7932,153,13,614,780,153,13,614,780,1560,0
4187,4425,6843,3219,14487,4425,6843,3219,14487,28974,0
5081,58686,67622,217255,343563,58686,67622,217256,343564,687127,0
2240,57215,193823,46301,297339,57215,193823,46301,297339,594678,0
2892,13420,31456,14631,59507,13420,31456,14631,59507,119014,0
5006,40041,133817,88823,262681,40041,133817,88823,262681,525362,0
5886,94683,178731,351133,624547,94683,178731,351133,624547,1249094,222481
8429,8804,8966,7041,24811,8804,8966,7041,24811,49622,0
5404,180244,261911,557819,999974,180244,261911,557819,999974,1999948,0
2190,94851,254474,71648,420973,94851,254474,71648,420973,841946,0
2191,50123,101061,36525,187709,50123,101061,36525,187709,375418,0
2697,44004,54153,62843,161000,44004,54153,62843,161000,322000,0
5096,33554,42548,226328,302430,33554,42548,226328,302430,604860,0
5064,510364,811454,1447003,2768821,510364,811454,1447003,2768821,5537642,704493
4715,72499,40872,106918,220289,72499,40872,106918,220289,440578,0
1437,38449,61026,285160,384635,38449,61026,285160,384635,769270,0
1438,23103,34678,202059,259840,23103,34678,202059,259840,519680,0
6074,27855,17498,50397,95750,27855,17498,50397,95750,191500,0
5687,107899,88811,249278,445988,107899,88811,249278,445988,891976,49232
4175,509,76,226,811,509,76,226,811,1622,0
8050,419,141,726,1286,419,141,726,1286,2572,0
8618,2252,555,0,2807,2252,555,0,2807,5614,0
8051,46669,82916,42142,171727,46669,82916,42142,171727,343454,2388
9023,1288,757,740,2785,1288,757,740,2785,5570,0
6812,157730,180773,331666,670169,157730,180773,331666,670169,1340338,210424
6958,22243,33556,99900,155699,22243,33556,99900,155699,311398,0
7289,16599,20335,6435,43369,16599,20335,6435,43369,86738,409
7006,2288,2234,838,5360,2288,2234,838,5360,10720,0
8807,35326,14398,17418,67142,35326,14398,17418,67142,134284,0
3623,185521,182161,121974,489656,185521,182161,121974,489656,979312,0
5702,3830,7725,1233,12788,3830,7725,1233,12788,25576,0
2222,19956,34803,9738,64497,19956,34803,9738,64497,128994,0
7290,42,35,0,77,42,35,0,77,154,0
2422,21814,1656,712,24182,21814,1656,712,24182,48364,0
4182,1243,230,426,1899,1243,230,426,1899,3798,0
3502,118,1498,231,1847,118,1498,231,1847,3694,0
4317,3459,1406,0,4865,3459,1406,0,4865,9730,0
1865,11639,6789,5993,24421,11639,6789,5993,24421,48842,0
7085,3982,6675,13951,24608,3982,6675,13951,24608,49216,0
5483,102497,251818,404218,758533,102497,251818,404218,758533,1517066,0
8500,111636,84215,76396,272247,111636,84215,76396,272247,544494,0
8565,66078,80315,51976,198369,66078,80315,51976,198369,396738,0
2945,18202,41501,19634,79337,18202,41501,19634,79337,158674,0
1975,4371,1677,2008,8056,4371,1677,2008,8056,16112,0
3176,112338,155954,205233,473525,112338,155954,205233,473525,947050,0
6873,21861,28114,73453,123428,21861,28114,73453,123428,246856,0
2743,3615,1043,335,4993,3615,1043,335,4993,9986,0
2550,43572,12108,7195,62875,43572,12108,7195,62875,125750,11
2549,58101,26624,10912,95637,58101,26624,10912,95637,191274,40
9767,57874,44444,54004,156322,57874,44444,54004,156322,312644,0
9107,23609,44154,28584,96347,23609,44154,28584,96347,192694,0
2279,31273,55915,20591,107779,31273,55915,20591,107779,215558,0
2280,5715,11928,1234,18877,5715,11928,1234,18877,37754,0
5927,11661,9379,6407,27447,11661,9379,6407,27447,54894,0
6200,1635,667,578,2880,1635,667,578,2880,5760,0
1658,104632,170920,66037,341589,104632,170920,66037,341589,683178,3283
7008,83236,115954,10701,209891,83236,115954,10701,209891,419782,602
9791,24939,18742,22079,65760,24939,18742,22079,65760,131520,0
6913,54530,67693,168048,290271,54530,67693,168048,290271,580542,0
1395,65649,78989,122295,266933,65649,78989,122295,266933,533866,0
1179,22109,32785,41869,96763,22109,32785,41869,96763,193526,0
4409,775,448,0,1223,775,448,0,1223,2446,0
5324,15481,19657,41158,76296,15481,19657,41158,76296,152592,0
2946,28595,104782,17339,150716,28595,104782,17339,150716,301432,0
5689,56479,42308,93297,192084,56479,42308,93297,192084,384168,0
4124,457,375,0,832,457,375,0,832,1664,0
3811,56788,33913,37869,128570,56788,33913,37869,128570,257140,0
2536,10442,685,762,11889,10442,685,762,11889,23778,0
3812,91261,121001,98746,311008,91261,121001,98746,311008,622016,0
4412,10866,7179,0,18045,10866,7179,0,18045,36090,0
3680,12422,18971,8110,39503,12422,18971,8110,39503,79006,0
1439,20301,23662,146970,190933,20301,23662,146970,190933,381866,0
3562,990,12437,3257,16684,990,12437,3257,16684,33368,0
3238,21704,34855,11633,68192,21704,34855,11633,68192,136384,0
5682,78431,93739,47669,219839,78431,93739,47669,219839,439678,0
3504,12650,78695,21130,112475,12650,78695,21130,112475,224950,0
7022,963918,1839019,1027636,3830573,963918,1839019,1027636,3830573,7661146,518012
6962,14661,21100,40647,76408,14661,21100,40647,76408,152816,0
9768,113760,87882,126055,327697,113760,87882,126055,327697,655394,6697
1440,57691,80015,459252,596958,57691,80015,459252,596958,1193916,7027
9878,16755,16055,13219,46029,16755,16055,13219,46029,92058,0
1129,18089,33177,41605,92871,18089,33177,41605,92871,185742,0
1016,34192,55751,11925,101868,34192,55751,11925,101868,203736,0
5142,802121,901367,8431560,10114588,802119,901354,8431637,10114651,20229239,193023
1441,23106,31943,180956,236005,23106,31943,180956,236005,472010,0
5164,131440,324896,209207,665543,131426,324841,209107,665374,1330917,10000
5007,149849,381867,200472,732188,149863,381922,200572,732357,1464545,37853
7292,2946,3917,1168,8031,2946,3917,1168,8031,16062,0
2186,44021,11225,5850,61096,44021,11225,5850,61096,122192,0
3542,210,3444,336,3990,210,3444,336,3990,7980,0
9112,10611,14734,3139,28484,10611,14734,3139,28484,56968,0
3815,122223,107422,113159,342804,122223,107422,113159,342804,685608,0
3899,1346227,2916865,1108181,5371273,1346227,2916865,1108181,5371273,10742546,1132759
3900,431366,376237,411216,1218819,431366,376237,411216,1218819,2437638,543432
9624,28801,18086,31944,78831,28801,18086,31944,78831,157662,0
9969,27392,21848,64219,113459,27392,21848,64219,113459,226918,0
9877,13230,12421,15098,40749,13230,12421,15098,40749,81498,0
1964,13311,8642,2736,24689,13311,8642,2736,24689,49378,0
2118,269226,495014,44335,808575,269226,495014,44335,808575,1617150,255644
6201,4477,2332,1863,8672,4477,2332,1863,8672,17344,0
9702,48310,38888,54093,141291,48310,38888,54093,141291,282582,0
4068,110898,50861,21879,183638,110898,50861,21879,183638,367276,8361
9769,23914,16461,21756,62131,23914,16461,21756,62131,124262,0
2640,47403,29131,13267,89801,47403,29131,13267,89801,179602,11901
9028,21814,12218,11722,45754,21814,12218,11722,45754,91508,0
9897,39212,30074,27150,96436,39212,30074,27150,96436,192872,0
1442,65872,51902,53926,171700,65872,51902,53926,171700,343400,0
8621,1332,861,57,2250,1332,861,57,2250,4500,0
5405,102472,132777,337542,572791,102472,132777,337542,572791,1145582,0
5406,69305,88811,222101,380217,69305,88811,222101,380217,760434,0
9704,2658,755,2136,5549,2658,755,2136,5549,11098,2893
9680,18864,14642,15637,49143,18864,14642,15637,49143,98286,0
3098,5851,10231,26352,42434,5851,10231,26352,42434,84868,0
5703,12856,81883,22761,117500,12856,81883,22761,117500,235000,15005
8359,58356,86321,35028,179705,58356,86321,35028,179705,359410,9132
2919,11444,32491,16256,60191,11444,32491,16256,60191,120382,0
7914,2278,379,115,2772,2278,379,115,2772,5544,0
5351,76184,100806,277929,454919,76184,100806,277929,454919,909838,0
5077,68079,72709,311625,452413,68101,72753,312266,453120,905533,42023
5047,110644,142509,573545,826698,110622,142466,572918,826006,1652704,27875
3820,136525,84968,115860,337353,136525,84968,115860,337353,674706,0
9795,77218,54499,104069,235786,77218,54499,104069,235786,471572,1572
8232,9179,8728,5710,23617,9179,8728,5710,23617,47234,0
3568,42,1593,191,1826,42,1593,191,1826,3652,0
2425,3805,349,92,4246,3805,349,92,4246,8492,0
6874,149610,168247,670951,988808,149610,168247,670951,988808,1977616,0
7447,289718,378761,280933,949412,289718,378761,280933,949412,1898824,0
539,52193,78149,68983,199325,52193,78149,68983,199325,398650,0
7469,155847,122380,414119,692346,155847,122380,414119,692346,1384692,0
5836,38253,34863,36204,109320,38253,34863,36204,109320,218640,0
2762,5111,14469,3186,22766,5111,14469,3186,22766,45532,0
5820,24,57,0,81,24,57,0,81,162,0
6664,50588,34938,49987,135513,50588,34938,49987,135513,271026,0
7051,2095,7264,6478,15837,2095,7264,6478,15837,31674,0
5097,8776,12908,17085,38769,8776,12908,17085,38769,77538,0
5143,2501726,5213233,10520496,18229841,2501740,5213259,10520720,18230104,36459945,1016250
9911,267736,162126,409597,839459,267736,162126,409597,839459,1678918,0
3004,24309,52361,39121,115791,24309,52361,39121,115791,231582,0
5144,109294,170301,506804,786399,109294,170301,506804,786399,1572798,271574
5008,8343,12923,11633,32899,8343,12923,11633,32899,65798,0
2947,4706,3976,8018,16700,4706,3976,8018,16700,33400,0
9707,8490,7849,8576,24915,8490,7849,8576,24915,49830,0
5199,254700,474838,730376,1459914,254700,474838,730376,1459914,2919828,390
7792,646,66,594,1306,646,66,594,1306,2612,0
2870,71600,124546,80045,276191,71600,124546,80045,276191,552382,1999
5352,89687,120482,316291,526460,89687,120482,316291,526460,1052920,0
1372,7078,11495,16293,34866,7078,11495,16293,34866,69732,0
2764,5679,6359,2350,14388,5679,6359,2350,14388,28776,0
6836,658907,779637,2028941,3467485,658907,779637,2028941,3467485,6934970,27873
5098,49243,40512,335350,425105,49243,40512,335350,425105,850210,0
4731,237410,469880,91979,799269,237410,469880,91979,799269,1598538,137492
3774,39057,38461,10972,88490,39057,38461,10972,88490,176980,0
2573,10890,2196,1192,14278,10890,2196,1192,14278,28556,0
5553,81321,54448,166635,302404,81321,54448,166635,302404,604808,0
6814,176787,197344,403554,777685,176787,197344,403554,777685,1555370,130809
5582,40547,65914,139797,246258,40547,65914,139797,246258,492516,0
5554,37791,87869,127080,252740,37791,87869,127080,252740,505480,0
2412,404719,933295,156838,1494852,404719,933295,156838,1494852,2989704,644343
1130,69856,101386,110598,281840,69856,101386,110598,281840,563680,0
7736,38710,24739,35250,98699,38710,24739,35250,98699,197398,0
6615,230748,328188,105497,664433,230748,328188,105497,664433,1328866,101554
5200,9503,15019,51548,76070,9503,15019,51548,76070,152140,0
5840,556,500,10,1066,556,500,10,1066,2132,0
5255,313506,599332,579409,1492247,313506,599332,579409,1492247,2984494,16274
5009,3559,7638,7233,18430,3559,7638,7233,18430,36860,0
5296,3193,2786,3895,9874,3193,2786,3895,9874,19748,0
6914,109926,136136,366759,612821,109926,136136,366759,612821,1225642,0
2823,16094,13955,15668,45717,16094,13955,15668,45717,91434,2640
3267,151463,384288,222612,758363,151463,384288,222612,758363,1516726,6984
5353,14986,18115,43900,77001,14986,18115,43900,77001,154002,0
4449,17446,8249,2460,28155,17446,8249,2460,28155,56310,0
5099,89020,108204,343077,540301,89020,108204,343077,540301,1080602,0
5583,112118,88021,185115,385254,112118,88021,185115,385254,770508,0
3031,15591,40701,36693,92985,15591,40701,36693,92985,185970,0
2745,167983,99823,101176,368982,167983,99823,101176,368982,737964,0
546,25639,71746,103959,201344,25639,71746,103959,201344,402688,0
5319,11181,21113,31750,64044,11181,21113,31750,64044,128088,0
5879,60806,88163,47075,196044,60806,88163,47075,196044,392088,0
2556,11443,2488,2463,16394,11443,2488,2463,16394,32788,0
8233,18111,2783,12861,33755,18111,2783,12861,33755,67510,1318
4365,20450,24112,14344,58906,20450,24112,14344,58906,117812,0
3785,611,234,0,845,611,234,0,845,1690,0
5121,307338,484120,1651440,2440519,307347,484144,1651551,2440662,4881181,1788
6850,58687,144170,127625,330482,58687,144170,127625,330482,660964,0
5555,21104,20245,47602,88951,21104,20245,47602,88951,177902,0
2653,2762,531,67,3360,2762,531,67,3360,6720,0
5301,24168,18801,76150,119119,24168,18801,76150,119119,238238,0
5595,2190573,2233965,4454866,8879404,2190573,2233965,4454866,8879404,17758808,20520598
6926,57964,87539,186299,331802,57964,87539,186299,331802,663604,2
4069,1685,849,0,2534,1685,849,0,2534,5068,0
9792,88539,67428,96308,252275,88539,67428,96308,252275,504550,0
4593,513,215,275,1003,513,215,275,1003,2006,0
5556,62859,65402,163483,291744,62859,65402,163483,291744,583488,0
6274,32511,68377,1537,102425,32511,68377,1537,102425,204850,0
9718,14169,11995,10029,36193,14169,11995,10029,36193,72386,0
2795,61,78,0,139,61,78,0,139,278,0
3202,93009,17201,70704,180914,93009,17201,70704,180914,361828,0
2574,68033,38902,10994,117929,68033,38902,10994,117929,235858,0
5048,77269,112188,365893,555350,77269,112188,365893,555350,1110700,0
4070,7712,2528,31,10271,7712,2528,31,10271,20542,0
9855,73058,60253,59947,193258,73058,60253,59947,193258,386516,0
9747,11517,8689,6511,26717,11517,8689,6511,26717,53434,0
9752,75420,71060,102130,248610,75420,71060,102130,248610,497220,0
9762,50377,44831,67270,162478,50377,44831,67270,162478,324956,0
5557,75449,81091,124692,281232,75449,81091,124692,281232,562464,0
4616,13744,16084,19742,49570,13744,16084,19742,49570,99140,0
3828,44976,28839,23131,96946,44976,28839,23131,96946,193892,0
6861,295488,678521,1135779,2109788,295402,678295,1135137,2108834,4218622,390171
6853,39025,68198,89741,196964,39111,68424,90383,197918,394882,0
9882,30376,12404,22540,65320,30376,12404,22540,65320,130640,0
6349,15084,3263,4927,23274,15084,3263,4927,23274,46548,0
5457,13317,22995,29811,66123,13317,22995,29811,66123,132246,0
2562,29427,7411,3179,40017,29427,7411,3179,40017,80034,0
4876,11083,10579,9869,31531,11083,10579,9869,31531,63062,20
2451,46037,77569,14010,137616,46037,77569,14010,137616,275232,3554
3005,107,525,286,918,107,525,286,918,1836,0
7515,898,91,440,1429,898,91,440,1429,2858,0
1227,37924,44056,24845,106825,37924,44056,24845,106825,213650,0
6488,11329,14401,13734,39464,11329,14401,13734,39464,78928,0
8708,1348,696,0,2044,1348,696,0,2044,4088,0
8470,27254,8821,29281,65356,27254,8821,29281,65356,130712,0
3624,293696,385141,164640,843477,293696,385141,164640,843477,1686954,0
2486,3933,7654,1997,13584,3933,7654,1997,13584,27168,0
5458,9125,30967,12914,53006,9125,30967,12914,53006,106012,0
3019,19612,31281,44226,95119,19612,31281,44226,95119,190238,0
5336,2383,2331,13385,18099,2383,2331,13385,18099,36198,0
3570,5,16,0,21,5,16,0,21,42,0
5821,370,3596,116,4082,370,3596,116,4082,8164,0
7504,10159,24967,3226,38352,10159,24967,3226,38352,76704,0
1847,13048,31656,12982,57686,13048,31656,12982,57686,115372,0
9627,40514,22806,32868,96188,40514,22806,32868,96188,192376,0
2049,6672,221,5250,12143,6672,221,5250,12143,24286,0
8824,673,466,0,1139,673,466,0,1139,2278,0
8825,4605,1535,0,6140,4605,1535,0,6140,12280,0
3905,54331,37249,48281,139861,54331,37249,48281,139861,279722,0
1143,26727,47689,58542,132958,26727,47689,58542,132958,265916,0
4617,14207,24097,4190,42494,14207,24097,4190,42494,84988,0
5896,157754,172041,80981,410776,157754,172041,80981,410776,821552,0
8056,24199,31215,44236,99650,24199,31215,44236,99650,199300,0
8505,15042,6992,16747,38781,15042,6992,16747,38781,77562,0
5408,115635,190246,404454,710335,115635,190246,404454,710335,1420670,0
1030,514085,1068221,821450,2403756,514085,1068221,821450,2403756,4807512,153496
5409,3416,4850,9366,17632,3416,4850,9366,17632,35264,0
9185,22256,37040,16650,75946,22256,37040,16650,75946,151892,0
4639,62397,101727,166089,330213,62397,101727,166089,330213,660426,0
9970,20971,21815,54573,97359,20971,21815,54573,97359,194718,0
7579,16591,10754,16342,43687,16591,10754,16342,43687,87374,0
3634,18425,21104,8425,47954,18425,21104,8425,47954,95908,4719
5484,185513,384504,339843,909860,185513,384504,339843,909860,1819720,5298
5100,87610,112250,433202,633062,87610,112250,433202,633062,1266124,0
5754,3035,14400,957,18392,3035,14400,957,18392,36784,0
6837,2658,2310,10779,15747,2658,2310,10779,15747,31494,0
2225,67881,86726,57480,212087,67881,86726,57480,212087,424174,0
1874,6932,15023,1364,23319,6932,15023,1364,23319,46638,0
1243,321686,539556,156031,1017273,321686,539556,156031,1017273,2034546,902413
5832,8913,38378,2591,49882,8913,38378,2591,49882,99764,0
6007,9326,46656,13393,69375,9326,46656,13393,69375,138750,0
8826,3440,2470,0,5910,3440,2470,0,5910,11820,2567
4312,7218,1660,2352,11230,7218,1660,2352,11230,22460,0
1519,70807,112642,281126,464575,70807,112642,281126,464575,929150,0
9778,26088,22851,35629,84568,26088,22851,35629,84568,169136,0
5078,47744,45398,182968,276110,47744,45398,182968,276110,552220,0
7295,31987,49205,4426,85618,31987,49205,4426,85618,171236,0
1822,5327,6016,644,11987,5327,6016,644,11987,23974,0
9628,23006,17108,17428,57542,23006,17108,17428,57542,115084,0
8473,73145,60652,74501,208298,73145,60652,74501,208298,416596,0
8554,51506,47541,53832,152879,51506,47541,53832,152879,305758,0
9814,44022,32797,89582,166401,44022,32797,89582,166401,332802,0
9902,14236,25722,11909,51867,14236,25722,11909,51867,103734,0
9796,81037,56902,80123,218062,81037,56902,80123,218062,436124,0
2313,8285,10208,1431,19924,8285,10208,1431,19924,39848,0
7406,13041,15657,57101,85799,13041,15657,57101,85799,171598,0
5325,28434,44300,90169,162903,28434,44300,90169,162903,325806,0
5233,3216,6855,12062,22133,3216,6855,12062,22133,44266,0
6524,2544,7073,1631,11248,2544,7073,1631,11248,22496,0
5628,30542,51139,52402,134083,30542,51139,52402,134083,268166,0
9943,136828,237980,161356,536164,136828,237980,161356,536164,1072328,0
5356,143434,167363,502926,813723,143434,167363,502926,813723,1627446,202810
2305,11729,12966,1989,26684,11729,12966,1989,26684,53368,0
6008,74242,68346,159502,302090,74242,68346,159502,302090,604180,0
3107,5292,3748,18573,27613,5292,3748,18573,27613,55226,0
8625,531,330,0,861,531,330,0,861,1722,0
9721,38464,44659,28108,111231,38464,44659,28108,111231,222462,651
9121,41122,53637,19069,113828,41122,53637,19069,113828,227656,0
9218,10815,7259,5370,23444,10815,7259,5370,23444,46888,0
5201,7093,7229,4841,19163,7093,7229,4841,19163,38326,0
3981,6729,3922,695,11346,6729,3922,695,11346,22692,0
3738,59058,69365,26203,154626,59058,69365,26203,154626,309252,0
4147,550,148,0,698,550,148,0,698,1396,0
7440,18797,21981,104494,145272,18797,21981,104494,145272,290544,0
2777,16945,37982,53181,108108,16945,37982,53181,108108,216216,0
9135,38862,41223,43804,123889,38862,41223,43804,123889,247778,0
8711,1596,427,0,2023,1596,427,0,2023,4046,0
9790,14332,13877,10436,38645,14332,13877,10436,38645,77290,0
9415,52129,56155,83847,192131,52129,56155,83847,192131,384262,0
9992,133721,88961,135276,357958,133721,88961,135276,357958,715916,59050
9864,35546,34159,88233,157938,35546,34159,88233,157938,315876,0
9483,27159,24636,28677,80472,27159,24636,28677,80472,160944,0
2077,7678,891,1687,10256,7678,891,1687,10256,20512,0
1429,75406,133365,668885,877656,75406,133365,668885,877656,1755312,0
1957,9801,7750,1695,19246,9801,7750,1695,19246,38492,0
8628,598,477,29,1104,598,477,29,1104,2208,0
7915,3273,905,1507,5685,3273,905,1507,5685,11370,0
3797,15003,6658,10603,32264,15003,6658,10603,32264,64528,0
4519,1183,1279,1370,3832,1183,1279,1370,3832,7664,0
7877,331091,618503,132620,1082214,331091,618503,132620,1082214,2164428,278293
6729,1663,881,2200,4744,1663,881,2200,4744,9488,0
7211,5068,14492,312,19872,5068,14492,312,19872,39744,0
5101,275734,410290,830811,1516835,275734,410290,830811,1516835,3033670,307271
8420,21774,27902,23572,73248,21774,27902,23572,73248,146496,0
2576,57962,47612,22825,128399,57962,47612,22825,128399,256798,0
5668,51291,51772,52668,155731,51291,51772,52668,155731,311462,0
2770,22148,40400,38516,101064,22148,40400,38516,101064,202128,0
3408,23904,146856,29701,200461,23904,146856,29701,200461,400922,0
3409,3060,52796,1332,57188,3060,52796,1332,57188,114376,0
5011,40043,97066,104618,241727,40043,97066,104618,241727,483454,0
5942,3418,4479,3459,11356,3418,4479,3459,11356,22712,0
2877,1837,6233,7801,15871,1837,6233,7801,15871,31742,0
2963,29810,86672,33681,150163,29810,86685,33697,150192,300355,0
5412,51545,86917,67990,206452,50823,85341,66141,202305,408757,76972
2480,3205,1232,799,5236,3205,1232,799,5236,10472,0
8441,10844,7479,5729,24052,10844,7479,5729,24052,48104,0
2306,4169,12671,410,17250,4169,12671,410,17250,34500,0
8432,24036,24984,14023,63043,24036,24984,14023,63043,126086,0
3052,43384,40554,59562,143500,43384,40554,59562,143500,287000,0
3060,3271,1589,5422,10282,3271,1589,5422,10282,20564,0
5421,296135,367757,944066,1607958,296135,367757,944066,1607958,3215916,70384
2103,3543,819,0,4362,3543,819,0,4362,8724,0
2855,11,26,211,248,11,26,211,248,496,0
5145,73074,112852,199929,385855,73074,112852,199929,385855,771710,0
1823,460893,867040,237996,1565929,460893,867040,237996,1565929,3131858,409261
7212,6722,9669,1543,17934,6722,9669,1543,17934,35868,0
2652,2046,5238,4980,12264,2046,5238,4980,12264,24528,0
3579,1722,3867,5248,10837,1722,3867,5248,10837,21674,0
8326,163733,262791,209048,635572,163733,262791,209048,635572,1271144,0
3030,226703,526020,509407,1262130,226703,526020,509407,1262130,2524260,162078
5753,34875,66710,34073,135658,34875,66710,34073,135658,271316,0
5502,1535,1791,1768,5094,1535,1791,1768,5094,10188,0
3901,14823,11570,4111,30504,14823,11570,4111,30504,61008,0
3830,19686,12583,8079,40348,19686,12583,8079,40348,80696,0
3861,6408,3405,1661,11474,6408,3405,1661,11474,22948,0
8632,21462,15379,3321,40162,21462,15379,3321,40162,80324,8172
7897,5931,785,2537,9253,5931,785,2537,9253,18506,0
2893,9955,21096,19998,51049,9955,21096,19998,51049,102098,0
2765,10383,26256,19989,56628,10383,26256,19989,56628,113256,0
7348,64306,135266,70045,269617,64306,135266,70045,269617,539234,0
3588,357,1021,1384,2762,357,1021,1384,2762,5524,0
6781,6437,5185,3469,15091,6437,5185,3469,15091,30182,0
4188,455,295,282,1032,455,295,282,1032,2064,0
5036,42,31,241,314,42,31,241,314,628,0
2538,146,45,0,191,146,45,0,191,382,0
2452,1443,664,-2,2105,1443,664,-2,2105,4210,0
6417,498763,852342,486971,1838076,498763,852342,486971,1838076,3676152,712359
5961,75732,138085,19321,233138,75732,138085,19321,233138,466276,224
5962,14000,21074,3226,38300,14000,21074,3226,38300,76600,2
6690,20737,12434,9642,42813,20737,12434,9642,42813,85626,0
5357,101592,182844,249487,533923,102315,184420,251320,538055,1071978,63088
5297,73,236,596,905,73,236,596,905,1810,0
5413,8025,11396,35579,55000,8025,11396,35579,55000,110000,0
4525,56491,111120,134004,301615,56491,111120,134004,301615,603230,0
2766,592,2031,0,2623,592,2031,0,2623,5246,0
5033,106119,208275,102633,417027,106119,208275,102633,417027,834054,118409
6901,12427,21861,30522,64810,12427,21861,30522,64810,129620,0
4436,769,115,0,884,769,115,0,884,1768,722
7055,43992,87326,48698,180016,43992,87326,48698,180016,360032,0
3099,5168,8759,19849,33776,5168,8759,19849,33776,67552,0
6000,27043,21971,120109,169123,27043,21971,120109,169123,338246,0
9317,19587,15006,19329,53922,19587,15006,19329,53922,107844,0
8057,27806,50759,32275,110840,27806,50759,32275,110840,221680,0
1994,4226,269,1942,6437,4226,269,1942,6437,12874,0
4878,141360,39566,54965,235891,141360,39566,54965,235891,471782,54380
6616,30266,17829,9181,57276,30266,17829,9181,57276,114552,0
9994,68964,50862,58244,178070,68964,50862,58244,178070,356140,0
9967,10981,10646,7919,29546,10981,10646,7919,29546,59092,0
9757,30332,27500,27638,85470,30332,27500,27638,85470,170940,0
9993,40245,37291,35296,112832,40245,37291,35296,112832,225664,0
1040,19770,15001,34258,69029,19770,15001,34258,69029,138058,0
1212,34133,59901,54525,148559,34133,59901,54525,148559,297118,0
1691,9369,6065,4761,20195,9369,6065,4761,20195,40390,0
8681,258,52,0,310,258,52,0,310,620,0
9906,16798,12685,7568,37051,16798,12685,7568,37051,74102,0
7027,3554,2625,5975,12154,3554,2625,5975,12154,24308,0
9866,115172,94540,158181,367893,115172,94540,158181,367893,735786,110463
9868,68352,65304,44296,177952,68352,65304,44296,177952,355904,0
9622,22159,18026,15540,55725,22159,18026,15540,55725,111450,0
9490,26093,143124,4108,173325,26093,143124,4108,173325,346650,47
5034,3901,7723,9221,20845,3901,7723,9221,20845,41690,0
9397,11035,86274,62179,159488,11035,86274,62179,159488,318976,0
8713,72389,133359,42612,248360,72389,133359,42612,248360,496720,0
5944,3278,4459,3071,10808,3278,4459,3071,10808,21616,0
8682,160,37,0,197,160,37,0,197,394,0
9039,252334,477585,102186,832105,252334,477585,102186,832105,1664210,58921
9186,79145,121511,99904,300560,79145,121511,99904,300560,601120,0
9187,30784,35163,36718,102665,30784,35163,36718,102665,205330,0
8763,5677,6829,212,12718,5677,6829,212,12718,25436,0
9492,14060,11635,13458,39153,14060,11635,13458,39153,78306,0
8642,169,75,0,244,169,75,0,244,488,0
7744,52,59,1045,1156,52,59,1045,1156,2312,0
5102,6001,5579,47164,58744,6001,5579,47164,58744,117488,0
7745,265599,612647,147470,1025716,265599,612647,147470,1025716,2051432,3203
5282,68439,125790,134166,328395,68439,125790,134166,328395,656790,0
8905,154155,47400,56207,257762,154155,47400,56207,257762,515524,0
4455,6688,1408,2348,10444,6688,1408,2348,10444,20888,0
7916,28845,15828,10087,54760,28845,15828,10087,54760,109520,0
3190,332522,468844,808935,1610301,332522,468844,808935,1610301,3220602,63426
2292,50694,105186,41307,197187,50694,105186,41307,197187,394374,30949
5694,75895,83806,82868,242569,75895,83806,82868,242569,485138,0
5584,431819,483151,1520575,2435545,431819,483151,1520575,2435545,4871090,0
5414,25829,23014,136118,184961,25829,23014,136118,184961,369922,0
4520,3672,10971,3146,17789,3672,10971,3146,17789,35578,0
5355,1650446,2685560,5605864,9941870,1649918,2684986,5604469,9939373,19881243,7120189
2949,33535,60456,42337,136328,33535,60456,42337,136328,272656,0
5358,144598,170498,467909,783005,144598,170498,467909,783005,1566010,0
5234,3223,3097,4079,10399,3223,3097,4079,10399,20798,0
8472,28963,30773,59945,119681,28963,30773,59945,119681,239362,0
5486,103559,188819,354081,646459,103559,188819,354081,646459,1292918,0
9793,147199,107830,172946,427975,147199,107830,172946,427975,855950,0
5134,7237,10366,37235,54838,7237,10366,37235,54838,109676,0
1901,31038,54847,5321,91206,31038,54847,5321,91206,182412,44414
7471,49501,47037,56117,152655,49501,47037,56117,152655,305310,0
5283,26963,37471,98670,163104,26963,37471,98670,163104,326208,0
5448,197050,789542,699399,1685991,197050,789542,699399,1685991,3371982,52415
3795,35621,26640,23623,85884,35621,26640,23623,85884,171768,0
9894,60768,44265,99070,204103,60768,44265,99070,204103,408206,0
2128,60389,125813,48295,234497,60389,125813,48295,234497,468994,0
5899,208362,249574,260044,717980,208362,249574,260044,717980,1435960,105225
8114,250,90,350,690,250,90,350,690,1380,0
5566,35615,48867,57689,142171,35615,48867,57689,142171,284342,25036
9915,21886,82128,12959,116973,21886,82128,12959,116973,233946,0
2950,13435,25176,17533,56144,13435,25176,17533,56144,112288,0
7370,616,85,197,898,616,85,197,898,1796,0
2227,12195,51016,12477,75688,12195,51016,12477,75688,151376,0
2824,11443,19628,806,31877,11443,19628,806,31877,63754,0
5056,44171,55669,146105,245945,44171,55669,146105,245945,491890,0
5473,16405,33804,45256,95465,16870,35107,47537,99514,194979,6868
5359,20200,39169,79823,139192,19735,37866,77543,135144,274336,2891
2169,14460,29877,6963,51300,14460,29877,6963,51300,102600,24213
9328,1999731,5981965,1674533,9656229,1999731,5981965,1674533,9656229,19312458,688941
9395,99694,51222,74979,225895,99694,51222,74979,225895,451790,0
6941,96779,218434,591576,906789,96779,218434,591576,906789,1813578,15014
5642,34155,39308,64557,138020,34155,39308,64557,138020,276040,14608
5822,996,9828,605,11429,996,9828,605,11429,22858,0
5669,285743,357901,392829,1036473,285743,357901,392829,1036473,2072946,0
7918,1481,384,3690,5555,1481,384,3690,5555,11110,0
5246,213238,306292,1037303,1555668,213238,306293,1037287,1555655,3111323,22815
8977,47695,74665,14104,136464,47695,74665,14104,136464,272928,0
2121,80642,38038,14458,133138,80642,38038,14458,133138,266276,285
5049,66337,79931,331710,477978,66337,79931,331710,477978,955956,0
5135,91503,112377,363896,567776,91503,112377,363896,567776,1135552,0
7349,14410,10641,5363,30414,14410,10641,5363,30414,60828,0
6667,22079,22129,19106,63314,22079,22129,19106,63314,126628,0
6832,18464,14529,49478,82471,18464,14529,49478,82471,164942,0
1542,238814,475588,798192,1512594,238814,475588,798192,1512594,3025188,0
5103,186169,220446,626152,1032767,186169,220446,626152,1032767,2065534,0
6238,75,3,5,83,75,3,5,83,166,0
7068,183569,288018,318387,789974,183569,288018,318387,789974,1579948,203566
7473,8487,5005,22066,35558,8487,5005,22066,35558,71116,0
5257,44771,78195,66245,189211,44771,78195,66245,189211,378422,0
6010,97000,118013,395779,610792,96996,117988,395533,610517,1221309,7113
6815,72048,94096,211002,377146,72048,94096,211002,377146,754292,0
6959,110009,167749,423274,701032,110013,167773,423520,701306,1402338,0
2747,1389,1773,697,3859,1389,1773,697,3859,7718,0
5360,464640,507326,804742,1776708,464640,507326,804742,1776708,3553416,190239
5361,8721,8244,16993,33958,8721,8244,16993,33958,67916,0
1041,77015,108531,102268,287814,77015,108531,102268,287814,575628,0
5459,9926,13153,33131,56210,9926,13153,33131,56210,112420,0
5104,55075,77365,201543,333983,55075,77365,201543,333983,667966,0
5558,119931,121317,270306,511554,119931,121317,270306,511554,1023108,0
6004,37405,27643,135811,200859,37405,27643,135811,200859,401718,0
5217,13195,30330,67718,111243,13195,30330,67718,111243,222486,0
1444,1944108,8691666,4376359,15036371,1943248,8689877,4374363,15031721,30068092,1409826
2080,15375,6017,2960,24352,15375,6017,2960,24352,48704,0
4740,21918,64694,15177,101789,21918,64694,15177,101789,203578,109
5415,58998,40096,115128,214222,58998,40096,115128,214222,428444,0
5586,111791,127351,305274,544416,111791,127351,305274,544416,1088832,0
5755,116028,525334,114781,756143,116028,525334,114781,756143,1512286,37824
3410,161420,845256,69717,1076393,161420,845256,69717,1076393,2152786,593759
3414,9334,34698,7712,51744,9334,34698,7712,51744,103488,0
9914,169658,200674,156786,527118,169658,200674,156786,527118,1054236,0
5756,45842,279967,35652,361461,45842,279967,35652,361461,722922,0
5760,1793,5186,938,7917,1793,5186,938,7917,15834,0
5065,11552,15269,47050,73871,11552,15269,47050,73871,147742,0
2951,3468,14585,9266,27319,3468,14585,9266,27319,54638,0
4416,15201,4408,1180,20789,15201,4408,1180,20789,41578,0
2780,1338,2734,1344,5416,1338,2734,1344,5416,10832,0
9452,7721,5674,4714,18109,7721,5674,4714,18109,36218,0
3873,6651,2697,5147,14495,6651,2697,5147,14495,28990,0
5137,83647,72108,309103,464858,83647,72108,309103,464858,929716,0
9930,78894,113397,66966,259257,78894,113397,66966,259257,518514,22305
9931,128752,214595,153225,496572,128752,214595,153225,496572,993144,3722
8726,68,34,0,102,68,34,0,102,204,0
5337,111496,296147,109053,516696,111496,296147,109053,516696,1033392,0
3508,2787,37731,5427,45945,2787,37731,5427,45945,91890,0
3591,6580,53781,10038,70399,6580,53781,10038,70399,140798,0
6875,6800,5021,31583,43404,6800,5021,31583,43404,86808,0
5900,254707,286504,214335,755546,254707,286504,214335,755546,1511092,121186
5521,368421,409419,590780,1368620,368421,409419,590780,1368620,2737240,5291
5688,34417,44199,98051,176667,34417,44199,98051,176667,353334,0
5643,99642,102242,181955,383839,99642,102242,181955,383839,767678,0
5545,191968,226716,354544,773228,191968,226716,354544,773228,1546456,326
5105,16556,23754,61125,101435,16556,23754,61125,101435,202870,0
2811,2898,9413,5971,18282,2898,9413,5971,18282,36564,0
577,64121,54172,632350,746063,64121,54172,632403,746116,1492179,80371
9245,10655,8611,3533,22799,10655,8611,3533,22799,45598,0
5167,102580,234064,396054,732698,102580,234064,396054,732698,1465396,34643
5493,1019,377,1780,3176,1019,377,1780,3176,6352,0
2126,141632,161236,113369,416237,141632,161236,113369,416237,832474,0
8637,1144,1507,744,3395,1144,1507,744,3395,6790,0
8544,15875,18744,2444,37063,15875,18744,2444,37063,74126,0
7214,28223,56278,10567,95068,28223,56278,10567,95068,190136,0
5559,385654,442401,737266,1565321,385654,442401,737266,1565321,3130642,0
7490,1385601,1222347,4945224,7546853,1385601,1222347,4945172,7546802,15093655,194400
5808,7632,18451,3941,30024,7632,18451,3941,30024,60048,0
1377,1518,4098,2174,7790,1518,4098,2174,7790,15580,0
3862,7870,5675,418,13963,7870,5675,418,13963,27926,0
8061,14695,2461,6087,23243,14695,2461,6087,23243,46486,0
4074,6273,1380,2532,10185,6273,1380,2532,10185,20370,0
4066,1005,303,0,1308,1005,303,0,1308,2616,0
8062,22973,30367,5702,59042,22973,30367,5702,59042,118084,0
3235,121084,47354,130578,299016,121084,47354,130578,299016,598032,0
1445,31461,45003,206678,283142,31461,45003,206678,283142,566284,0
6119,688415,1042928,1551990,3283333,688259,1042551,1551876,3282686,6566019,2529271
3012,95,301,333,729,95,301,333,729,1458,0
5261,7846,9529,14061,31436,7846,9529,14061,31436,62872,0
5284,12695,19514,14099,46308,12695,19514,14099,46308,92616,0
4076,1879,9994,0,11873,1879,9994,0,11873,23746,2
6351,3078,467,973,4518,3078,467,973,4518,9036,0
8583,31367,36174,21718,89259,31367,36174,21718,89259,178518,108
4503,137410,190815,193450,521675,137410,190815,193450,521675,1043350,0
5522,171893,236103,381957,789953,171893,236103,381957,789953,1579906,8196
2026,3154,749,475,4378,3154,749,475,4378,8756,0
2513,40776,58294,18040,117110,40776,58294,18040,117110,234220,0
1532,69503,190640,327391,587534,69503,190640,327391,587534,1175068,0
2935,10372,13836,11151,35359,10372,13836,11151,35359,70718,0
2786,14663,38232,31272,84167,14663,38232,31272,84167,168334,0
5035,84844,191439,166465,442748,84866,191490,166685,443041,885789,165
5027,20496,40105,44083,104684,20489,40054,43847,104390,209074,0
5258,11590,21293,18180,51063,11590,21293,18180,51063,102126,89760
6876,89570,175650,534188,799408,89570,175650,534188,799408,1598816,0
5362,237466,307326,927887,1472679,237466,307326,927887,1472679,2945358,0
2354,185148,430086,173253,788487,185148,430086,173253,788487,1576974,0
8638,16731,28618,6276,51625,16731,28618,6276,51625,103250,0
8639,557,191,0,748,557,191,0,748,1496,0
9675,21202,20616,20359,62177,21202,20616,20359,62177,124354,0
8827,23250,43901,0,67151,23250,43901,0,67151,134302,295
1042,57398,88891,124214,270503,57398,88891,124214,270503,541006,0
2046,9538,1101,1695,12334,9538,1101,1695,12334,24668,0
7029,9568,9151,17317,36036,9568,9151,17317,36036,72072,0
5218,5424,11730,39395,56549,5424,11730,39395,56549,113098,0
5509,271362,362603,108956,742921,271362,362603,108956,742921,1485842,98763
2355,107046,199447,92729,399222,107046,199447,92729,399222,798444,0
3344,7445,5543,2410,15398,7445,5543,2410,15398,30796,0
5683,43588,33223,35496,112307,43588,33223,35496,112307,224614,0
6854,16067,33874,32973,82914,16067,33874,32973,82914,165828,0
8556,67627,41486,67550,176663,67627,41486,67550,176663,353326,0
2284,22506,21465,6394,50365,22506,21465,6394,50365,100730,0
5707,19697,34654,6267,60618,19697,34654,6267,60618,121236,12
5587,39922,47798,111733,199453,39922,47798,111733,199453,398906,0
2952,2513,5071,889,8473,2513,5071,889,8473,16946,0
3144,13834,14969,39724,68527,13834,14969,39724,68527,137054,0
6465,677,19,23,719,677,19,23,719,1438,0
6424,30303,30287,7552,68142,30303,30287,7552,68142,136284,120
9971,1259,869,225,2353,1259,869,225,2353,4706,0
8474,107902,92857,105498,306257,107902,92857,105498,306257,612514,0
2654,7566,1198,297,9061,7566,1198,297,9061,18122,0
9904,68483,59508,123020,251011,68483,59508,123020,251011,502022,0
9979,40047,34156,41664,115867,40047,34156,41664,115867,231734,0
2104,5313,1249,0,6562,5313,1249,0,6562,13124,0
1559,9598,8880,20980,39458,9598,8880,20980,39458,78916,0
2335,35978,73741,38004,147723,35978,73741,38004,147723,295446,0
9723,23367,23663,18803,65833,23367,23663,18803,65833,131666,0
3961,5140,4031,746,9917,5140,4031,746,9917,19834,0
4148,324,208,0,532,324,208,0,532,1064,0
8640,1776,1673,0,3449,1776,1673,0,3449,6898,0
2397,8315,16560,11819,36694,8315,16560,11819,36694,73388,0
2953,28706,54082,36260,119048,28706,54082,36260,119048,238096,0
5416,4072699,1737862,596840,6407401,4072699,1737862,596840,6407401,12814802,1106200
8641,581,160,0,741,581,160,0,741,1482,0
3051,178146,160467,226836,565449,178146,160467,226836,565449,1130898,21739
6877,165243,205481,829889,1200613,165243,205481,829889,1200613,2401226,8961
9794,56838,43443,59744,160025,56838,43443,59744,160025,320050,0
2655,4857,606,0,5463,4857,606,0,5463,10926,0
8117,9745,10588,6188,26521,9745,10588,6188,26521,53042,409
4022,662,417,619,1698,662,417,619,1698,3396,0
5796,47464,112072,37999,197535,47464,112072,37999,197535,395070,0
5169,233760,412157,506956,1152873,233760,412157,506956,1152873,2305746,239472
9956,11613,14128,22258,47999,11613,14128,22258,47999,95998,0
5363,123676,145006,511802,780484,123676,145006,511802,780484,1560968,0
9501,28256,19374,8007,55637,28256,19374,8007,55637,111274,0
7921,2077,372,6894,9343,2077,372,6894,9343,18686,0
2454,822,354,26,1202,822,354,26,1202,2404,0
9813,3683691,3930408,4290879,11904978,3683692,3930400,4290879,11904971,23809949,2284406
9950,2187445,5148324,2225090,9560859,2187444,5148331,2225090,9560865,19121724,1272279
8360,23916,41379,6542,71837,23916,41379,6542,71837,143674,0
2301,5652,6211,8750,20613,5652,6211,8750,20613,41226,0
8715,7126,8073,768,15967,7126,8073,768,15967,31934,0
8828,1524,1817,0,3341,1524,1817,0,3341,6682,0
9503,45423,36158,52945,134526,45423,36158,52945,134526,269052,0
9301,9578,13599,3147,26324,9578,13599,3147,26324,52648,0
2895,56525,173433,120889,350847,56525,173433,120889,350847,701694,0
4760,186598,326881,59063,572542,186598,326881,59063,572542,1145084,52310
5338,6165,14229,10167,30561,6165,14229,10167,30561,61122,0
4457,54573,36634,5309,96516,54573,36634,5309,96516,193032,0
5629,156264,150851,450438,757553,156264,150851,450438,757553,1515106,0
2948,6075,17662,7299,31036,6075,17662,7299,31036,62072,0
5474,7295,12460,17261,37016,7295,12460,17261,37016,74032,0
8284,8198,10579,5547,24324,8198,10579,5547,24324,48648,0
9096,76,4,15,95,76,4,15,95,190,0
8643,2074,2176,-7,4243,2074,2176,-7,4243,8486,0
5298,3849,8364,8327,20540,3849,8364,8327,20540,41080,0
6878,116448,174587,605312,896347,116448,174587,605312,896347,1792694,0
8025,45927,70950,22784,139661,45927,70950,22784,139661,279322,1053
1220,7279,6356,3505,17140,7279,6356,3505,17140,34280,0
6028,81967,90156,336092,508215,81967,90156,336092,508215,1016430,0
3033,27345,80116,79688,187149,27345,80116,79688,187149,374298,0
5272,45625,95995,108968,250588,45625,95995,108968,250588,501176,0
2962,8366,29057,12313,49736,8366,29057,12313,49736,99472,0
1409,63501,77678,337058,478237,63501,77678,337058,478237,956474,170256
9635,92158,61092,70137,223387,92158,61092,70137,223387,446774,0
4131,8623,4163,8551,21337,8623,4163,8551,21337,42674,0
6206,8469,824,1281,10574,8469,824,1281,10574,21148,0
6029,25579,26847,87557,139983,25579,26847,87557,139983,279966,0
1965,27763,36897,7703,72363,27763,36897,7703,72363,144726,0
3839,35271,18005,13904,67180,35271,18005,13904,67180,134360,0
6469,98660,278866,139161,516687,98660,278866,139161,516687,1033374,155494
5514,17247,26376,55528,99151,17247,26376,55528,99151,198302,0
1132,47703,76277,77453,201433,47703,76277,77453,201433,402866,0
5172,196585,412105,642426,1251116,196585,412105,642426,1251116,2502232,32876
7443,396852,315412,681756,1394020,396852,315412,681756,1394020,2788040,55970
7922,2717,350,0,3067,2717,350,0,3067,6134,0
6855,7594,9091,19129,35814,7594,9091,19129,35814,71628,0
7032,11310,8411,29488,49209,11310,8411,29488,49209,98418,0
6275,3281,315,459,4055,3281,315,459,4055,8110,0
4892,92942,71641,67565,232148,92942,71641,67565,232148,464296,1282
1463,72984,64673,112552,250209,72984,64673,112552,250209,500418,0
7328,50309,141597,9808,201714,50309,141597,9808,201714,403428,176
2218,125209,115518,89321,330048,125209,115518,89321,330048,660096,0
1996,2198,241,3987,6426,2198,241,3987,6426,12852,0
2325,21426,20891,4840,47157,21426,20891,4840,47157,94314,0
9725,20931,28470,16256,65657,20931,28470,16256,65657,131314,0
2900,24316,70054,33599,127969,24316,70054,33599,127969,255938,0
3136,15105,19234,18387,52726,15105,19234,18387,52726,105452,0
5138,85201,149245,347552,581998,85201,149245,347552,581998,1163996,0
9681,63524,58497,70962,192983,63524,58497,70962,192983,385966,701
9682,86425,69987,111154,267566,86425,69987,111154,267566,535132,0
5146,264498,389981,867776,1522255,264498,389981,867776,1522255,3044510,0
9610,3633,11982,10,15625,3633,11982,10,15625,31250,0
6276,1122,262,512,1896,1122,262,512,1896,3792,0
6280,62945,123075,9971,195991,62945,123075,9971,195991,391982,6288
2825,12364,13263,1257,26884,12364,13263,1257,26884,53768,0
8155,4514,757,5753,11024,4514,757,5753,11024,22048,0
5139,135363,191142,562062,888567,135363,191142,562062,888567,1777134,1070935
2955,21553,43470,39724,104747,21553,43470,39724,104747,209494,2116
5631,982318,1499949,1398894,3881161,982318,1499949,1398894,3881161,7762322,943202
8567,153507,191007,102656,447170,153507,191007,102656,447170,894340,0
5588,149895,150403,290592,590890,149895,150403,290592,590890,1181780,0
3563,1512,21989,2211,25712,1512,21989,2211,25712,51424,0
7299,4230,3266,1417,8913,4230,3266,1417,8913,17826,0
4300,15095,670,253,16018,15095,670,253,16018,32036,0
7930,8767,455,895,10117,8767,455,895,10117,20234,0
6281,6188,5383,1245,12816,6188,5383,1245,12816,25632,249
5364,57981,74697,278476,411154,57981,74697,278476,411154,822308,0
6977,73021,99360,499801,672182,73021,99360,499801,672182,1344364,0
6867,93173,146784,403240,643197,93173,146784,403240,643197,1286394,131176
6978,21220,30296,115429,166945,21220,30296,115429,166945,333890,0
3053,71343,81595,126947,279885,71343,81595,126947,279885,559770,0
7300,2109,2196,818,5123,2109,2196,818,5123,10246,0
2896,26319,80759,50591,157669,26319,80759,50591,157669,315338,0
6075,35604,44947,96061,176612,35604,44947,96061,176612,353224,0
2585,6481,14656,8517,29654,6481,14656,8517,29654,59308,0
4577,34734,26267,174030,235031,34734,26267,174030,235031,470062,0
9810,85079,64332,83044,232455,85079,64332,83044,232455,464910,0
2845,18124,31974,22290,72388,18124,31974,22290,72388,144776,0
7266,11815,20102,1068,32985,11815,20102,1068,32985,65970,0
2295,10432,28991,10073,49496,10432,28991,10073,49496,98992,0
8411,202947,310124,216587,729658,202947,310124,216587,729658,1459316,21204
4521,32984,46306,85976,165266,32984,46306,85976,165266,330532,0
2572,9486,14562,11348,35396,9486,14562,11348,35396,70792,0
2229,26417,84597,24085,135099,26417,84597,24085,135099,270198,0
5173,8604,8123,5538,22265,8604,8123,5538,22265,44530,0
7568,10686,21760,3335,35781,10686,21760,3335,35781,71562,0
5037,6977,14077,16424,37478,6977,14077,16424,37478,74956,0
5947,18129,7757,17525,43411,18129,7757,17525,43411,86822,0
9726,156195,122784,122987,401966,156195,122784,122987,401966,803932,4183
9727,130899,103818,143541,378258,130899,103818,143541,378258,756516,0
8241,4700,4107,2571,11378,4700,4107,2571,11378,22756,0
5450,55271,123957,84243,263471,55271,123957,84243,263471,526942,63627
1413,61348,74534,287694,423576,61348,74534,287694,423576,847152,0
5560,102405,132596,322595,557596,102405,132596,322595,557596,1115192,0
5561,148112,405528,497887,1051527,148112,405528,497887,1051527,2103054,0
5589,83905,108438,205229,397572,83905,108438,205229,397572,795144,0
1033,13234,16589,17197,47020,13234,16589,17197,47020,94040,0
1145,20353,23238,24667,68258,20353,23238,24667,68258,136516,0
5940,28878,26131,21065,76074,28878,26131,21065,76074,152148,0
3007,14065,15638,22322,52025,14065,15638,22322,52025,104050,0
2767,42447,37111,20506,100064,42447,37111,20506,100064,200128,0
3191,21457,34588,77257,133302,21457,34588,77257,133302,266604,0
2557,7391,1157,1176,9724,7391,1157,1176,9724,19448,0
4458,19209,3379,42037,64625,19209,3379,42037,64625,129250,0
1521,41288,41249,104327,186864,41288,41249,104327,186864,373728,0
7374,740,145,1065,1950,740,145,1065,1950,3900,0
1533,23172,51281,70736,145189,23172,51281,70736,145189,290378,0
6804,22076,13678,44555,80309,22076,13678,44555,80309,160618,0
6827,234591,264429,276945,775965,234591,264429,276945,775965,1551930,0
6879,189332,283930,931056,1404318,189332,283930,931056,1404318,2808636,0
1543,180174,432723,772943,1385840,180174,432723,772943,1385840,2771680,336
5140,7340,8040,19928,35308,7340,8040,19928,35308,70616,0
6012,58486,101301,321854,481641,58486,101301,321854,481641,963282,0
7401,17422,26178,92980,136580,17422,26178,92980,136580,273160,0
2027,5792,1572,2895,10259,5792,1572,2895,10259,20518,0
8213,207709,295070,107383,610162,207709,295070,107383,610162,1220324,210
1397,185844,237168,308711,731723,185844,237168,308711,731723,1463446,243724
598,88420,90961,47198,226579,88420,90961,47198,226579,453158,0
2230,30340,45306,9572,85218,30340,45306,9572,85218,170436,0
4579,3881,213,7947,12041,3881,213,7947,12041,24082,0
8009,93265,101956,36053,231274,93265,101956,36053,231274,462548,121
9246,3937,2701,3518,10156,3937,2701,3518,10156,20312,0
6902,17166,22855,9206,49227,17166,22855,9206,49227,98454,0
6905,13149,19285,43285,75719,13149,19285,43285,75719,151438,0
5633,123764,269625,452344,845733,123764,269625,452344,845733,1691466,98602
5489,69074,162519,303081,534674,69074,162519,303081,534674,1069348,0
5219,136353,449554,314605,900512,136353,449554,314605,900512,1801024,23202
1398,47499,73750,66627,187876,47499,73750,66627,187876,375752,0
6070,304259,329962,284052,918273,304259,329962,284052,918273,1836546,0
6528,11467,17201,14700,43368,11467,17201,14700,43368,86736,2315
6845,19019,27950,131722,178691,19019,27950,131722,178691,357382,0
2826,12297,11465,627,24389,12297,11465,627,24389,48778,0
2604,2979,14024,4283,21286,2979,14024,4283,21286,42572,0
4594,4831,2794,10744,18369,4831,2794,10744,18369,36738,0
5532,281864,408956,371317,1062137,281864,408956,371317,1062137,2124274,278199
6260,53,7,129,189,53,7,129,189,378,0
4079,35559,30465,439,66463,35559,30465,439,66463,132926,0
2428,16642,1539,852,19033,16642,1539,852,19033,38066,0
2146,1756,1244,316,3316,1756,1244,316,3316,6632,0
9634,24166,20887,23790,68843,24166,20887,23790,68843,137686,0
7569,5478,6071,1318,12867,5478,6071,1318,12867,25734,0
5289,25768,28366,135921,190055,25768,28366,135921,190055,380110,0
3186,150276,278598,361745,790619,150276,278598,361745,790619,1581238,87407
5050,76422,95647,363043,535112,76422,95647,363043,535112,1070224,0
3513,3436,29743,5407,38586,3436,29743,5407,38586,77172,0
9419,367326,390696,158176,916198,367326,390696,158176,916198,1832396,406738
5490,276041,625568,970498,1872107,276041,625568,970498,1872107,3744214,695265
2768,50724,113166,99450,263340,50724,113166,99450,263340,526680,3023
5220,35728,91929,164656,292313,35728,91929,164656,292313,584626,0
8498,57783,44972,59006,161761,57783,44972,59006,161761,323522,0
1434,20507,22643,61707,104857,20507,22643,61707,104857,209714,0
2860,42404,86621,60953,189978,42404,86621,60953,189978,379956,3143
6283,3802,443,36,4281,3802,443,36,4281,8562,0
3845,68478,39092,50401,157971,68478,39092,50401,157971,315942,0
3908,8405,6678,3786,18869,8405,6678,3786,18869,37738,0
2861,57661,111126,78339,247126,57661,111126,78339,247126,494252,0
8524,98420,136349,78959,313728,98420,136349,78959,313728,627456,16838
6220,15534,7305,4672,27511,15534,7305,4672,27511,55022,0
5893,56110,51790,102259,210159,56110,51790,102259,210159,420318,0
1148,18529,37665,13912,70106,18529,37665,13912,70106,140212,0
7887,2532,349,888,3769,2532,349,888,3769,7538,0
9981,142941,152128,274698,569767,142941,152128,274698,569767,1139534,8
9982,5415,3422,2810,11647,5415,3422,2810,11647,23294,0
2656,10735,1120,-4,11851,10735,1120,-4,11851,23702,207
8647,1828,658,354,2840,1828,658,354,2840,5680,0
2149,16369,15379,6870,38618,16369,15379,6870,38618,77236,2787
1391,195276,352975,251860,800111,195276,352975,251860,800111,1600222,31404
1522,56080,88269,263977,408326,56080,88269,263977,408326,816652,0
4028,17256,19697,19585,56538,17256,19697,19585,56538,113076,0
4524,15195,12783,19712,47690,15195,12783,19712,47690,95380,0
3146,58958,132241,113506,304705,58958,132241,113506,304705,609410,0
8129,163,0,0,163,163,0,0,163,326,0
3607,104560,261650,121124,487334,104560,261650,121124,487334,974668,30636
5174,48395,109770,231510,389675,48395,109770,231510,389675,779350,0
5066,226268,289549,766213,1282030,226268,289549,766213,1282030,2564060,1629563
5590,79701,63217,180250,323168,79701,63217,180250,323168,646336,0
6818,73140,78608,178087,329835,72798,77674,177267,327739,657574,0
6085,134683,141891,364468,641042,135021,142825,365280,643126,1284168,329
8067,9301,2618,3388,15307,9301,2618,3388,15307,30614,0
2138,10831,9025,2734,22590,10831,9025,2734,22590,45180,0
5417,2049,6910,6541,15500,2049,6910,6541,15500,31000,0
7766,3650,1914,3463,9027,3650,1914,3463,9027,18054,4791
7506,60049,95547,26669,182265,60049,95547,26669,182265,364530,2367
3194,3480,5399,2869,11748,3480,5399,2869,11748,23496,0
2691,2249,1627,0,3876,2249,1627,0,3876,7752,0
5235,74297,132230,266686,473213,74297,132230,266686,473213,946426,0
9909,79032,53154,56228,188414,79032,53154,56228,188414,376828,0
3054,369782,325533,380223,1075538,369782,325533,380223,1075538,2151076,45260
5202,15611,21555,71059,108225,15611,21555,71059,108225,216450,0
6919,100842,150009,481455,732306,100842,150009,481455,732306,1464612,0
3314,23369,43426,7433,74228,23369,43426,7433,74228,148456,0
6009,495254,857155,1481773,2834182,495216,857077,1481658,2833951,5668133,173814
2356,45359,121447,38172,204978,45359,121447,38172,204978,409956,0
5236,32617,51038,188341,271996,32617,51038,188341,271996,543992,0
9983,55133,38938,45227,139298,55133,38938,45227,139298,278596,0
9676,29674,18003,53168,100845,29674,18003,53168,100845,201690,0
9630,43392,17920,54900,116212,43392,17920,54900,116212,232424,0
2231,69909,145612,74209,289730,69909,145612,74209,289730,579460,0
5539,61956,24707,45799,132462,61956,24707,45799,132462,264924,5209
5591,31714,31797,95207,158718,31714,31797,95207,158718,317436,0
1870,34740,58089,43926,136755,34740,58089,43926,136755,273510,0
2398,23898,67767,25123,116788,23898,67767,25123,116788,233576,6011
5880,22300,21543,35034,78877,22300,21543,35034,78877,157754,0
6086,341259,360615,537542,1239416,341259,360615,537542,1239416,2478832,139930
5107,185413,223014,881216,1289643,185413,223014,881216,1289643,2579286,443493
6880,68009,108369,92478,268856,68009,108369,92478,268856,537712,0
5141,3451,6089,10993,20533,3451,6089,10993,20533,41066,0
2901,2797,11074,11293,25164,2797,11074,11293,25164,50328,0
1221,29666,22094,9163,60923,29666,22094,9163,60923,121846,0
5308,5130,5562,13887,24579,5130,5562,13887,24579,49158,0
5941,8810,2093,3485,14388,8810,2093,3485,14388,28776,0
2437,17634,69347,5772,92753,17634,69347,5772,92753,185506,512
9738,15758,16568,19297,51623,15758,16568,19297,51623,103246,19020
6979,53765,91534,505987,651286,53765,91534,505987,651286,1302572,0
4794,4310,10519,2697,17526,4310,10519,2697,17526,35052,0
5717,29507,98456,18487,146450,29507,98456,18487,146450,292900,2573
8436,12882,6740,8701,28323,12882,6740,8701,28323,56646,0
5418,133686,170003,459165,762854,133686,170003,459165,762854,1525708,0
5523,78652,112628,131625,322905,78652,112628,131625,322905,645810,0
2193,99163,128862,35808,263833,99163,128862,35808,263833,527666,34842
2432,10063,766,495,11324,10063,766,495,11324,22648,0
2828,11028,11887,1190,24105,11028,11887,1190,24105,48210,0
4189,267,73,0,340,267,73,0,340,680,0
5365,101264,156801,192027,450092,101264,156801,192027,450092,900184,0
8212,55645,32067,35101,122813,55645,32067,35101,122813,245626,0
6015,71131,99494,300789,471414,71131,99494,300789,471414,942828,0
8499,155089,128892,140662,424643,155089,128892,140662,424643,849286,0
5309,220594,394342,565590,1180526,220594,394342,565590,1180526,2361052,83043
5562,45170,49234,95433,189837,45170,49234,95433,189837,379674,0
2105,7116,1262,179,8557,7116,1262,179,8557,17114,0
8720,63945,94718,72337,231000,63945,94718,72337,231000,462000,0
2399,268,366,0,634,268,366,0,634,1268,0
2303,27975,39479,5910,73364,27975,39479,5910,73364,146728,0
5563,106831,110317,282204,499352,106831,110317,282204,499352,998704,1698
5273,176373,437289,516178,1129840,176373,437289,516178,1129840,2259680,458357
7327,16803,29515,3809,50127,16803,29515,3809,50127,100254,0
1563,5466,4624,5923,16013,5466,4624,5923,16013,32026,0
8071,8764,11746,17846,38356,8764,11746,17846,38356,76712,0
1734,9047,5316,6363,20726,9047,5316,6363,20726,41452,0
2194,70275,149749,63207,283231,70275,149749,63207,283231,566462,0
6221,113,24,11,148,113,24,11,148,296,0
1862,41132,31433,11026,83591,41132,31433,11026,83591,167182,0
8437,479318,807183,502539,1789040,479318,807183,502539,1789040,3578080,243193
8126,248747,617998,206267,1073012,248747,617998,206267,1073012,2146024,64660
2937,3167,3312,5431,11910,3167,3312,5431,11910,23820,0
2558,5076,773,788,6637,5076,773,788,6637,13274,0
3072,24400,53554,57124,135078,24400,53554,57124,135078,270156,0
8098,5000,4211,1059,10270,5000,4211,1059,10270,20540,0
2235,191287,261128,143052,595467,191287,261128,143052,595467,1190934,86608
6108,167691,293121,310238,771050,167691,293121,310238,771050,1542100,7
8921,22035,12399,7716,42150,22035,12399,7716,42150,84300,0
5463,36183,58814,190057,285054,36183,58814,190057,285054,570108,100019
8099,4883,7099,4751,16733,4883,7099,4751,16733,33466,0
2160,82685,416385,76281,575351,82685,416385,76281,575351,1150702,15337
2829,6065,14004,6660,26729,6065,14004,6660,26729,53458,0
2959,3276,7851,6180,17307,3276,7851,6180,17307,34614,0
6310,6595,3194,1842,11631,6595,3194,1842,11631,23262,0
9845,258029,194525,210174,662728,258029,194525,210174,662728,1325456,694406
6851,8665,5620,20277,34562,8665,5620,20277,34562,69124,0
9618,7123,1667,64042,72832,7123,1667,64042,72832,145664,0
5495,25182,33396,80371,138949,25182,33396,80371,138949,277898,0
6881,311642,543017,1827041,2681700,311642,543017,1827041,2681700,5363400,19971
8568,132513,296617,181187,610317,132513,296617,181187,610317,1220634,0
9586,29697,25774,4154,59625,29697,25774,4154,59625,119250,0
2236,1737,3748,1951,7436,1737,3748,1951,7436,14872,0
2122,131,17,0,148,131,17,0,148,296,0
6882,75295,44811,178049,298155,75295,44811,178049,298155,596310,0
8922,22718,8643,9992,41353,22718,8643,9992,41353,82706,0
8648,5732,2951,1641,10324,5732,2951,1641,10324,20648,0
8778,629,71,179,879,629,71,179,879,1758,0
9136,133161,187277,151262,471700,133161,187277,151262,471700,943400,44282
9646,8407,7408,9581,25396,8407,7408,9581,25396,50792,0
8649,189964,329714,15784,535462,189964,329714,15784,535462,1070924,58743
8614,106,35,0,141,106,35,0,141,282,0
8924,62030,44089,40085,146204,62030,44089,40085,146204,292408,0
7217,322115,620440,444713,1387268,322115,620440,444713,1387268,2774536,163575
2817,25620,35912,27120,88652,25620,35912,27120,88652,177304,0
9508,129647,146040,151132,426819,129647,146040,151132,426819,853638,0
5592,102856,95088,226451,424395,102856,95088,226451,424395,848790,0
3110,4169,5149,2543,11861,4169,5149,2543,11861,23722,0
3170,15523,14157,35828,65508,15523,14157,35828,65508,131016,0
3555,3480,21734,3033,28247,3480,21734,3033,28247,56494,0
1097,34889,37281,74774,146944,34889,37281,74774,146944,293888,0
4081,2334,889,0,3223,2334,889,0,3223,6446,0
9648,208937,150534,248905,608376,208937,150534,248905,608376,1216752,0
9995,67799,61160,57780,186739,67799,61160,57780,186739,373478,0
2605,3869,7902,4475,16246,3869,7902,4475,16246,32492,0
5038,5804,7631,4901,18336,5804,7631,4901,18336,36672,0
8468,274889,306507,175165,756561,274889,306507,175165,756561,1513122,1032
8925,16945,19420,2150,38515,16945,19420,2150,38515,77030,0
6838,34590,48338,298692,381620,34590,48338,298692,381620,763240,0
1655,12973,12690,29200,54863,12973,12690,29200,54863,109726,0
3325,23595,87584,47129,158308,23595,87584,47129,158308,316616,0
1384,581,1256,1338,3175,581,1256,1338,3175,6350,0
5678,6401,16424,569,23394,6401,16424,569,23394,46788,0
5079,1413,1748,4381,7542,1413,1748,4381,7542,15084,0
5205,23663,16500,33346,73509,23663,16500,33346,73509,147018,0
1976,33733,39726,30361,103820,33733,39726,30361,103820,207640,0
5419,33416,42343,153553,229312,33416,42343,153553,229312,458624,0
7011,2838,1467,2966,7271,2838,1467,2966,7271,14542,0
9816,9930,7894,6520,24344,9930,7894,6520,24344,48688,0
1447,56267,88362,124434,269063,56267,88362,124434,269063,538126,0
1448,40516,55295,269757,365568,40516,55295,269757,365568,731136,0
3092,133290,189273,594931,916769,133290,189273,594931,916768,1833537,26254
5080,57265,79741,243626,380632,57265,79741,243626,380632,761264,629
1553,155637,169043,243810,568490,155637,169043,243810,568490,1136980,0
1449,33210,32209,169396,234815,33210,32209,169396,234815,469630,0
1399,47471,71728,87314,206513,47471,71728,87314,206513,413026,0
1966,4820,4188,1278,10286,4820,4188,1278,10286,20572,0
1857,90443,200804,203511,494758,90443,200804,203511,494758,989516,47739
5593,98137,79046,215796,392979,98137,79046,215796,392979,785958,0
5594,85869,102105,117991,305965,85869,102105,117991,305965,611930,0
3571,473,1261,774,2508,473,1261,774,2508,5016,0
3237,51637,40866,32418,124921,51637,40866,32418,124921,249842,0
5108,67959,62824,300322,431105,67959,62824,300322,431105,862210,0
4581,127117,220030,314903,662050,127117,220030,314903,662050,1324100,0
1229,25212,16596,10104,51912,25212,16596,10104,51912,103824,6434
4132,5707,2275,1866,9848,5707,2275,1866,9848,19696,0
1415,44931,106736,213575,365242,44931,106736,213575,365242,730484,0
7516,916,87,0,1003,916,87,0,1003,2006,0
8652,51,51,0,102,51,51,0,102,204,0
4083,4953,1612,119,6684,4953,1612,119,6684,13368,0
9512,64584,81684,58809,205077,64584,81684,58809,205077,410154,10428
9516,10410,10719,19387,40516,10410,10719,19387,40516,81032,0
9960,16517,12245,24985,53747,16517,12245,24985,53747,107494,0
9517,147711,138214,193246,479171,147711,138214,193246,479171,958342,88672
8653,158,47,0,205,158,47,0,205,410,0
6121,2095844,6813880,3478427,12408996,2095844,6813565,3478369,12408620,24817616,2786360
1392,77462,87490,121823,286775,77462,87490,121823,286775,573550,0
7115,93286,223035,59048,375369,93286,223035,59048,375369,750738,10
1109,106282,129437,156893,392612,106282,129437,156893,392612,785224,0
5823,74,783,135,992,74,783,135,992,1984,0
9817,26476,23177,25342,74995,26476,23177,25342,74995,149990,0
4508,5940,6409,7648,19997,5940,6409,7648,19997,39994,0
3008,11932,39013,18027,68972,11932,39013,18027,68972,137944,0
9142,13902,20661,11384,45947,13902,20661,11384,45947,91894,0
9217,5121,2744,1990,9855,5121,2744,1990,9855,19710,0
5565,520431,800654,1183302,2504387,520431,800654,1183302,2504387,5008774,0
5366,34358,26521,68710,129589,34358,26521,68710,129589,259178,0
8655,10557,7030,332,17919,10557,7030,332,17919,35838,0
3073,6449,14060,11700,32209,6449,14060,11700,32209,64418,0
6862,3642,4492,12620,20754,3642,4492,12620,20754,41508,0
6527,19623,15867,35972,71462,19623,15867,35972,71462,142924,0
2124,315821,518617,190857,1025295,315821,518617,190857,1025295,2050590,60422
2057,8767,3378,565,12710,8767,3378,565,12710,25420,0
1867,28354,51290,9247,88891,28354,51290,9247,88891,177782,0
1959,3705,439,3903,8047,3705,439,3903,8047,16094,0
9145,142626,278170,116466,537262,142626,278170,116466,537262,1074524,17980
9518,3133,4801,813,8747,3133,4801,813,8747,17494,0
2245,181126,229781,131802,542709,181126,229781,131802,542709,1085418,39097
2668,67716,23160,19105,109981,67716,23160,19105,109981,219962,692
9771,20727,17092,11321,49140,20727,17092,11321,49140,98280,0
9230,9467,5568,6392,21427,9467,5568,6392,21427,42854,0
9766,20102,22545,27639,70286,20102,22545,27639,70286,140572,0
6466,103,7,0,110,103,7,0,110,220,0
6401,12263,6074,10295,28632,12263,6074,10295,28632,57264,0
6565,9620,4772,8720,23112,9620,4772,8720,23112,46224,0
8214,48094,61797,28970,138861,48094,61797,28970,138861,277722,0
6088,68074,53037,114671,235782,68074,53037,114671,235782,471564,0
4206,8060,3136,473,11669,8060,3136,473,11669,23338,0
5109,24429,29330,81113,134872,24429,29330,81113,134872,269744,0
8546,28246,33177,16345,77768,28246,33177,16345,77768,155536,0
4228,1409,413,0,1822,1409,413,0,1822,3644,0
2848,44225,59879,48098,152202,44225,59879,48098,152202,304404,0
8657,12278,17804,0,30082,12278,17804,0,30082,60164,0
9149,12536,12866,4569,29971,12536,12866,4569,29971,59942,2476
5057,72672,92919,277134,442725,72672,92919,277134,442725,885450,0
7445,264285,176241,432412,872938,264285,176241,432412,872938,1745876,0
8658,2035,736,0,2771,2035,736,0,2771,5542,0
5504,26295,2584,4913,33792,26295,2584,4913,33792,67584,0
7201,86,99,0,185,86,99,0,185,370,0
4084,1679,432,112,2223,1679,432,112,2223,4446,0
9710,58191,53374,52732,164297,58191,53374,52732,164297,328594,0
2685,377144,357838,93053,828035,377144,357838,93053,828035,1656070,271456
5275,90088,194828,131774,416690,90088,194828,131774,416690,833380,0
1017,12825,23978,4816,41619,12825,23978,4816,41619,83238,0
9652,11939,9721,9714,31374,11939,9721,9714,31374,62748,0
2735,9883,4023,2030,15936,9883,4023,2030,15936,31872,0
3171,72418,93951,140726,307095,72418,93951,140726,307095,614190,0
4607,16375,19032,31566,66973,16375,19032,31566,66973,133946,0
1761,24637,8730,5825,39192,24637,8730,5825,39192,78384,0
9818,36400,23766,33241,93407,36400,23766,33241,93407,186814,0
2058,8136,2037,1637,11810,8136,2037,1637,11810,23620,0
1871,4225,8537,144,12906,4225,8537,144,12906,25812,0
5824,147,530,262,939,147,530,262,939,1878,0
4595,5329,3445,7929,16703,5329,3445,7929,16703,33406,0
9876,81393,137160,110467,329020,81393,137160,110467,329020,658040,0
9521,86950,88054,60202,235206,86950,88054,60202,235206,470412,0
9728,59660,71246,30634,161540,59660,71246,30634,161540,323080,0
8931,10583,9325,8340,28248,10583,9325,8340,28248,56496,0
3225,23056,6578,7804,37438,23056,6578,7804,37438,74876,0
2669,15062,3494,5894,24450,15062,3494,5894,24450,48900,0
2059,4709,535,3038,8282,4709,535,3038,8282,16564,0
2339,34062,151844,35368,221274,34062,151844,35368,221274,442548,0
1133,32890,53892,46349,133131,32890,53892,46349,133131,266262,0
1534,85271,288864,381403,755538,85271,288864,381403,755538,1511076,0
7925,1133,257,6731,8121,1133,257,6731,8121,16242,0
4597,269923,383147,233129,886199,269923,383147,233129,886199,1772398,105672
2237,161400,179599,119210,460209,161400,179599,119210,460209,920418,0
5368,243275,237559,456950,937784,243275,237559,456950,937784,1875568,58069
4784,27579,41882,22709,92170,27579,41882,22709,92170,184340,21
5110,103235,115150,514151,732536,103235,115150,514151,732536,1465072,0
8487,2969718,4876345,3143123,10989186,2969718,4876345,3143123,10989186,21978372,1878093
1947,535083,1429423,531689,2496195,535083,1429423,531689,2496195,4992390,367430
5294,4575,5446,9630,19651,4575,5446,9630,19651,39302,0
7446,220567,207931,459288,887786,220567,207931,459288,887786,1775572,0
1373,86136,219383,395151,700670,86136,219383,395151,700670,1401340,0
3539,25,137,0,162,25,137,0,162,324,0
3498,8,303,0,311,8,303,0,311,622,0
5111,15206,16842,33990,66038,15206,16842,33990,66038,132076,0
9955,109078,174068,118751,401897,109078,174068,118751,401897,803794,0
3620,32026,52019,33350,117395,32026,52019,33350,117395,234790,0
6089,199561,218554,265242,683357,199561,218554,265242,683357,1366714,0
9188,62385,135199,13988,211572,62385,135199,13988,211572,423144,0
2862,31464,97188,35132,163784,31464,97188,35132,163784,327568,0
5329,225876,572769,536032,1334677,225876,572769,536032,1334677,2669354,619647
5051,495408,618846,2071196,3185450,495408,618846,2071196,3185450,6370900,1448786
2710,92648,34047,37282,163977,92648,34047,37282,163977,327954,0
7402,15817,24723,110846,151386,15817,24723,110846,151386,302772,0
7403,14706,23272,84334,122312,14706,23272,84334,122312,244624,0
1177,112555,118518,81002,312075,112555,118518,81002,312075,624150,0
1291,52870,100319,218556,371745,52870,100319,218556,371745,743490,30218
1579,910,5367,4237,10514,910,5367,4237,10514,21028,0
7491,348181,163257,774008,1285446,348181,163257,774008,1285446,2570892,0
6340,278299,359298,101279,738876,278299,359298,101279,738876,1477752,23226
5369,35274,69121,126435,230830,35274,69121,126435,230830,461660,0
7305,9883,10260,3979,24122,9883,10260,3979,24122,48244,0
9438,177530,249636,159108,586274,177530,249636,159108,586274,1172548,0
5634,56624,86561,98680,241865,56624,86561,98680,241865,483730,0
3573,11566,103912,29160,144638,11566,103912,29160,144638,289276,42754
5635,29511,43340,39090,111941,29511,43340,39090,111941,223882,0
3853,33673,24737,22585,80995,33673,24737,22585,80995,161990,0
3066,1569,601,1947,4117,1569,601,1947,4117,8234,0
2156,35756,14491,2904,53151,35756,14491,2904,53151,106302,0
2661,31596,74470,66076,172142,31596,74470,66076,172142,344284,0
5260,66528,204387,178765,449680,66528,204387,178765,449680,899360,3607
5498,31163,43959,67781,142903,31163,43959,67781,142903,285806,0
7072,18333,19215,37166,74714,18333,19215,37166,74714,149428,0
2242,2874947,4387659,1944350,9206956,2874948,4387718,1944360,9207026,18413982,379804
2244,596079,698434,388191,1682704,596079,698444,388193,1682716,3365420,0
2246,1108774,3717496,593806,5420076,1108772,3717411,593792,5419975,10840051,562080
9709,169888,61547,59514,290949,169888,61547,59514,290949,581898,207563
6965,4473333,5672439,15664796,25797311,4473670,5673036,15665393,25798844,51596155,1760215
9371,104446,88469,83436,276351,104446,88469,83436,276351,552702,0
9372,53151,41656,30306,125113,53151,41656,30306,125113,250226,0
4327,689,94,1626,2409,689,94,1626,2409,4818,0
4356,3749,1030,895,5674,3749,1030,895,5674,11348,0
4226,466,162,206,834,466,162,206,834,1668,0
4018,20723,26418,19055,66196,20723,26418,19055,66196,132392,0
3844,84321,52969,67312,204602,84321,52969,67312,204602,409204,0
4460,2025,426,201,2652,2025,426,201,2652,5304,0
4334,828,78,0,906,828,78,0,906,1812,0
4248,4082,2741,5,6828,4082,2741,5,6828,13656,0
4059,6753,2625,0,9378,6753,2625,0,9378,18756,0
4227,14146,9306,231,23683,14146,9306,231,23683,47366,0
2484,70272,63438,9598,143308,70272,63438,9598,143308,286616,0
2485,59070,82815,14724,156609,59070,82815,14724,156609,313218,60897
4247,2138,977,0,3115,2138,977,0,3115,6230,0
4133,107185,38146,37090,182421,107185,38146,37090,182421,364842,4619
2488,1869,2903,754,5526,1869,2903,754,5526,11052,0
2467,2136,3874,752,6762,2136,3874,752,6762,13524,0
4060,1924,808,0,2732,1924,808,0,2732,5464,0
4162,768,394,0,1162,768,394,0,1162,2324,0
4138,517,281,0,798,517,281,0,798,1596,0
4207,336,147,0,483,336,147,0,483,966,0
9925,19393,27943,15907,63243,19393,27943,15907,63243,126486,0
9916,10841,19053,3448,33342,10841,19053,3448,33342,66684,0
3847,38910,22424,34401,95735,38910,22424,34401,95735,191470,0
2457,4545,1983,182,6710,4545,1983,182,6710,13420,0
4223,5254,5804,1721,12779,5254,5804,1721,12779,25558,0
9699,39597,53275,7743,100615,39597,53275,7743,100615,201230,0
4061,710,469,0,1179,710,469,0,1179,2358,0
4163,3141,1360,0,4501,3141,1360,0,4501,9002,0
4421,7462,1867,6719,16048,7462,1867,6719,16048,32096,0
3852,11830,9896,6678,28404,11830,9896,6678,28404,56808,0
8712,1173,290,0,1463,1173,290,0,1463,2926,0
8846,226,48,0,274,226,48,0,274,548,0
8829,734,317,0,1051,734,317,0,1051,2102,0
8830,107,27,0,134,107,27,0,134,268,0
9156,10332,14604,4969,29905,10332,14604,4969,29905,59810,0
8660,138,58,0,196,138,58,0,196,392,0
9655,17342,12411,14546,44299,17342,12411,14546,44299,88598,0
9614,20525,48565,1035,70125,20525,48565,1035,70125,140250,0
8443,7292,5384,6121,18797,7292,5384,6121,18797,37594,0
5148,3736954,5226041,15415298,24361650,3736700,5225928,15415433,24361418,48723068,7060751
6966,28692,28017,54168,110877,28692,28017,54168,110877,221754,0
5281,52498,118789,59992,231279,52498,118789,59992,231279,462558,0
5632,61950,42610,224602,329162,61950,42610,224602,329162,658324,0
1067,18420,35981,37153,91554,18420,35981,37153,91554,183108,0
1829,128682,72899,53122,254703,128682,72899,53122,254703,509406,3697
2657,5824,996,169,6989,5824,996,169,6989,13978,16
7978,14787,3885,3176,21848,14787,3885,3176,21848,43696,0
1110,83368,106227,122904,312499,83368,106227,122904,312499,624998,0
5674,3626,198,1001,4825,3626,198,1001,4825,9650,0
5114,35760,79077,117891,232728,35760,79077,117891,232728,465456,0
9354,31052,28013,19889,78954,31052,28013,19889,78954,157908,0
1305,5764,3724,2066,11554,5764,3724,2066,11554,23108,0
1306,11164,6433,2181,19778,11164,6433,2181,19778,39556,0
3574,1286,41208,1766,44260,1286,41208,1766,44260,88520,0
2307,5751,2814,658,9223,5751,2814,658,9223,18446,0
2689,10400,1578,1733,13711,10400,1578,1733,13711,27422,0
2598,22926,33582,48076,104584,22926,33582,48076,104584,209168,0
3517,3465,19542,11161,34168,3465,19542,11161,34168,68336,0
1897,212250,336396,119075,667721,212250,336396,119075,667721,1335442,7397
5082,65685,107710,292219,465614,65685,107710,292219,465614,931228,0
6202,11825,2696,2167,16688,11825,2696,2167,16688,33376,0
5053,39086,51413,126997,217496,39086,51413,126997,217496,434992,0
7268,61038,142534,2551,206123,61038,142534,2551,206123,412246,3234
3635,33162,68029,34150,135341,33162,68029,34150,135341,270682,0
1536,230164,846853,516700,1593717,230164,846853,516700,1593717,3187434,105545
3645,553550,408451,207328,1169329,553550,408451,207328,1169329,2338658,69451
3518,47,639,0,686,47,639,0,686,1372,0
4826,33082,27107,7808,67997,33082,27107,7808,67997,135994,0
4640,8605,11990,30813,51408,8605,11990,30813,51408,102816,0
5892,15095,41853,23277,80225,15095,41853,23277,80225,160450,0
5887,31041,55241,14977,101259,31041,55241,14977,101259,202518,0
5762,3652,26029,598,30279,3652,26029,598,30279,60558,0
5761,5583,29951,3316,38850,5583,29951,3316,38850,77700,0
2670,22626,12164,3933,38723,22626,12164,3933,38723,77446,0
2871,145445,352687,82645,580777,145445,352687,82645,580777,1161554,6632
4422,40358,18464,725,59547,40358,18464,725,59547,119094,17405
3963,31320,43505,13083,87908,31320,43505,13083,87908,175816,0
3962,1164,1073,212,2449,1164,1073,212,2449,4898,0
2155,201444,569678,228596,999718,201444,569678,228596,999718,1999436,0
5853,4394,5141,1805,11340,4394,5141,1805,11340,22680,0
3147,361917,670995,767302,1800214,361917,670995,767302,1800214,3600428,414115
5237,26236,29987,19874,76097,26233,29945,19725,75903,152000,6276
5115,159090,346069,439424,944583,159144,346216,439943,945303,1889886,4687
5222,64246,73418,48657,186321,64195,73312,48292,185799,372120,9248
5599,30788,49755,191326,271869,30788,49755,191326,271869,543738,0
8831,8995,34936,0,43931,8995,34936,0,43931,87862,0
8164,43254,57710,44507,145471,43254,57710,44507,145471,290942,0
4884,53693,37970,33286,124949,53693,37970,33286,124949,249898,23612
2961,322630,832188,155308,1310126,322630,832188,155308,1310126,2620252,11613
2966,649323,1670889,742006,3062218,649324,1671031,742189,3062544,6124762,525284
2968,1867251,6050767,2002993,9921011,1867249,6050498,2002644,9920391,19841402,1924480
2970,470406,1484440,979949,2934795,470407,1484555,980098,2935060,5869855,275942
7165,789,242,267,1298,789,242,267,1298,2596,0
6856,64296,124444,211148,399888,64296,124444,211148,399888,799776,130008
6883,85460,115051,379549,580060,85460,115051,379549,580060,1160120,0
2253,44564,88160,37432,170156,44564,88160,37432,170156,340312,0
4094,2205,704,0,2909,2205,704,0,2909,5818,0
7603,631,40,828,1499,631,40,828,1499,2998,0
1727,62344,119830,14821,196995,62344,119830,14821,196995,393990,0
1728,23765,41420,12710,77895,23765,41420,12710,77895,155790,0
7166,43766,67214,39936,150916,43766,67214,39936,150916,301832,69
5223,15247,32749,94191,142187,15247,32749,94191,142187,284374,0
5018,44671,164939,90454,300064,44671,164939,90454,300064,600128,1399
1909,64324,154909,118127,337360,64324,154909,118127,337360,674720,0
6318,7116,20264,1315,28695,7116,20264,1315,28695,57390,0
9160,38591,70149,17132,125872,38591,70149,17132,125872,251744,0
6863,30120,40365,143917,214402,30120,40365,143917,214402,428804,388080
3021,32261,51585,43459,127305,32261,51585,43459,127305,254610,0
2830,41098,94489,67998,203585,41098,94489,67998,203585,407170,0
8445,24381,34184,25640,84205,24381,34184,25640,84205,168410,0
7928,24421,7586,7834,39841,24421,7586,7834,39841,79682,0
1034,40321,70778,65973,177072,40321,70778,65973,177072,354144,0
5040,3286,5644,6416,15346,3286,5644,6416,15346,30692,0
5692,70358,84239,99831,254428,70358,84239,99831,254428,508856,0
7947,3747,302,326,4375,3747,302,326,4375,8750,0
9957,12945,10345,11277,34567,12945,10345,11277,34567,69134,0
6970,34806,44736,133046,212588,34806,44736,133046,212588,425176,0
1475,1041128,2440290,2390630,5876928,1041979,2442064,2392239,5881166,11758094,277273
1988,33711,10969,13901,58581,33711,10969,13901,58581,117162,0
1581,20072,51665,6031,77768,20072,51665,6031,77768,155536,0
1582,4425,22190,758,27373,4425,22190,758,27373,54746,0
2867,22942,74106,22850,119898,22942,74106,22850,119898,239796,0
9802,35463,22639,24490,82592,35463,22639,24490,82592,165184,0
9529,12783,8386,4756,25925,12783,8386,4756,25925,51850,0
5149,75931,88534,233236,397701,75931,88534,233236,397701,795402,0
6663,215089,513281,177757,906127,215089,513281,177757,906127,1812254,31878
7036,27087,31344,44487,102918,27087,31344,44487,102918,205836,0
3346,1241,756,3017,5014,1241,756,3017,5014,10028,0
7221,5785,9441,4780,20006,5785,9441,4780,20006,40012,0
1851,36325,58583,23876,118784,36325,58583,23876,118784,237568,0
3576,159,475,1288,1922,159,475,1288,1922,3844,0
8574,72188,96096,62162,230446,72188,96096,62162,230446,460892,0
2254,68516,164393,62423,295332,68516,164393,62423,295332,590664,0
2357,10832,10727,7237,28796,10832,10727,7237,28796,57592,0
5116,21048,40433,85140,146621,21048,40433,85140,146621,293242,0
9705,17395,18550,16041,51986,17395,18550,16041,51986,103972,0
5475,45697,68833,188566,303096,45697,68833,188566,303096,606192,0
3855,73602,77409,39731,190742,73602,77409,39731,190742,381484,0
3857,11443,9308,605,21356,11443,9308,605,21356,42712,0
6297,23402,4037,21922,49361,23402,4037,21922,49361,98722,0
7725,54240,127011,5467,186718,54240,127011,5467,186718,373436,0
6707,28627,59751,64968,153346,28627,59751,64968,153346,306692,0
5908,11106,14757,36852,62715,11106,14757,36852,62715,125430,0
8477,28306,25533,35812,89651,28306,25533,35812,89651,179302,1190
7929,338694,240882,97439,677015,338694,240882,97439,677015,1354030,38648
2971,1225,6619,1670,9514,1225,6619,1670,9514,19028,0
3159,2593,5575,4469,12637,2593,5575,4469,12637,25274,0
5644,26075,26026,58585,110686,26075,26026,58585,110686,221372,0
4095,16059,10889,186,27134,16059,10889,186,27134,54268,0
2750,20143,4872,2100,27115,20143,4872,2100,27115,54230,0
1527,136280,130829,593132,860241,136280,130829,593132,860241,1720482,0
1537,972,3350,2057,6379,972,3350,2057,6379,12758,0
5909,6915,2825,5228,14968,6915,2825,5228,14968,29936,0
9658,24978,22378,21361,68717,24978,22378,21361,68717,137434,0
1997,61668,8575,45703,115946,61668,8575,45703,115946,231892,0
2920,22687,72018,33548,128253,22687,72018,33548,128253,256506,0
9985,173855,108846,129108,411809,173855,108846,129108,411809,823618,0
2922,4259,18498,4946,27703,4259,18498,4946,27703,55406,0
1378,374738,1136851,801949,2313538,374738,1136851,801949,2313538,4627076,290626
4469,3065,419,3600,7084,3065,419,3600,7084,14168,0
5019,7545,10810,17837,36192,7545,10810,17837,36192,72384,2983
8518,47099,51150,42312,140561,47099,51150,42312,140561,281122,19567
6906,3553,4409,18899,26861,3553,4409,18899,26861,53722,0
5069,45607,45879,59365,150851,45607,45879,59365,150851,301702,0
5427,30872,30595,87541,149008,30872,30595,87541,149008,298016,2260
2849,2973,3538,862,7373,2973,3538,862,7373,14746,0
9060,115,54,416,585,115,54,416,585,1170,0
3067,3556,946,5763,10265,3556,946,5763,10265,20530,0
3203,26616,9405,12036,48057,26616,9405,12036,48057,96114,0
9080,67293,73874,36822,177989,67293,73874,36822,177989,355978,0
2226,705547,1017851,499585,2222983,705547,1017866,499588,2223001,4445984,514592
6005,556180,641577,2173437,3368607,556041,641433,2173204,3368091,6736698,1293545
2799,4513,6873,6293,17679,4513,6873,6293,17679,35358,0
8539,27231,40805,23418,91454,27231,40805,23418,91454,182908,0
8833,1083,831,0,1914,1083,831,0,1914,3828,0
5825,284,2617,340,3241,284,2617,340,3241,6482,0
5291,5648,6339,23008,34995,5648,6339,23008,34995,69990,0
2695,73007,20315,9107,102429,73007,20315,9107,102429,204858,0
5957,9290,15361,2238,26889,9290,15361,2238,26889,53778,0
2151,122081,139113,88975,350169,122081,139113,88975,350169,700338,0
4814,14932,60590,13498,89020,14932,60590,13498,89020,178040,0
4470,3345,717,217,4279,3345,717,217,4279,8558,0
8504,45861,28429,61071,135361,45861,28429,61071,135361,270722,0
7680,38273,50376,25477,114126,38273,50376,25477,114126,228252,279
5501,17167,39166,35693,92026,17167,39166,35693,92026,184052,0
5600,184546,196967,550514,932027,184546,196967,550514,932027,1864054,0
2606,2071,4151,2106,8328,2071,4151,2106,8328,16656,0
2675,1354,194,0,1548,1354,194,0,1548,3096,0
2903,28054,59082,50761,137897,28054,59082,50761,137897,275794,0
2171,29002,87789,20788,137579,29002,87789,20788,137579,275158,0
9632,19756,18415,17338,55509,19756,18415,17338,55509,111018,0
2973,7239,24060,13217,44516,7239,24060,13217,44516,89032,0
9691,170027,178203,248421,596651,170027,178203,248421,596651,1193302,102205
5645,91265,129812,335630,556707,91265,129812,335630,556707,1113414,21875
5118,91708,112475,349855,554038,91708,112475,349855,554038,1108076,0
2158,3704,7204,990,11898,3704,7204,990,11898,23796,0
5312,40557,85041,41617,167215,40557,85041,41617,167215,334430,0
9819,164001,188253,153365,505619,164001,188253,153365,505619,1011238,6289
3859,26376,25299,6336,58011,26376,25299,6336,58011,116022,0
9779,10102,6839,8748,25689,10102,6839,8748,25689,51378,0
8665,15582,10989,2127,28698,15582,10989,2127,28698,57396,0
9608,54916,36109,72188,163213,54916,36109,72188,163213,326426,0
9304,95388,58809,40423,194620,95388,58809,40423,194620,389240,0
8526,26952,23775,15870,66597,26952,23775,15870,66597,133194,0
8107,4121,5961,3868,13950,4121,5961,3868,13950,27900,0
3389,66193,65875,53976,186044,66193,65875,53976,186044,372088,0
8666,13547,25127,3316,41990,13547,25127,3316,41990,83980,0
1247,22022,15845,11313,49180,22022,15845,11313,49180,98360,0
4098,6079,1898,10,7987,6079,1898,10,7987,15974,0
1881,29913,23306,111834,165053,29913,23306,111834,165053,330106,0
2940,9918,15190,16198,41306,9918,15190,16198,41306,82612,0
4216,95271,237645,47911,380827,95271,237645,47911,380827,761654,0
7354,14115,10309,4603,29027,14115,10309,4603,29027,58054,0
9773,50428,43875,132710,227013,50428,43875,132710,227013,454026,0
2565,36289,8090,6029,50408,36289,8090,6029,50408,100816,0
2139,13383,3425,1307,18115,13383,3425,1307,18115,36230,0
6241,1950,249,1007,3206,1950,249,1007,3206,6412,0
2047,253,15,0,268,253,15,0,268,536,0
5911,15707,13764,15200,44671,15707,13764,15200,44671,89342,0
6018,90300,87001,337681,514982,90300,87001,337681,514982,1029964,0
5058,62257,78388,263080,403725,62257,78388,263080,403725,807450,23
2152,159959,214927,116008,490894,159959,214927,116008,490894,981788,0
6289,125,36,0,161,125,36,0,161,322,0
5150,169986,185430,505491,860907,169986,185430,505491,860907,1721814,36383
5345,202641,212392,504308,919341,202641,212392,504308,919341,1838682,4987
9533,5266,4129,1639,11034,5266,4129,1639,11034,22068,0
5119,154798,189734,765643,1110175,154798,189734,765643,1110175,2220350,0
2923,1647,7690,3843,13180,1647,7690,3843,13180,26360,0
6209,8528,1081,636,10245,8528,1081,636,10245,20490,0
5238,13888,11443,13379,38710,13888,11443,13379,38710,77420,0
2358,586,673,78,1337,586,673,78,1337,2674,0
5567,268794,375252,878188,1522234,268794,375252,878188,1522234,3044468,41012
2974,15255,29697,25327,70279,15255,29697,25327,70279,140558,457
2769,15038,25876,49191,90105,15038,25876,49191,90105,180210,0
5881,82385,132338,76232,290955,82385,132338,76232,290955,581910,0
8506,105952,94283,121315,321550,105952,94283,121315,321550,643100,0
6019,45186,45243,165794,256223,45186,45243,165794,256223,512446,0
6498,99494,77100,30356,206950,99494,77100,30356,206950,413900,10562
6499,89112,283200,89952,462264,89112,283200,89952,462264,924528,109648
9919,17131,35144,8064,60339,17131,35144,8064,60339,120678,0
3074,147450,285671,285049,718170,147450,285671,285049,718170,1436340,36348
3071,5685,20739,5554,31978,5685,20739,5554,31978,63956,0
7728,788605,2325915,467122,3581642,788605,2325915,467122,3581642,7163284,281519
8808,40643,36604,19845,97092,40643,36604,19845,97092,194184,0
5330,5178,6454,8591,20223,5178,6454,8591,20223,40446,0
5331,39746,68396,46199,154341,39746,68396,46199,154341,308682,0
5175,13162,17726,39063,69951,13162,17726,39063,69951,139902,0
7038,25138,32875,24783,82796,25138,32875,24783,82796,165592,0
7039,18490,16980,64687,100157,18490,16980,64687,100157,200314,0
3674,285069,596472,209274,1090815,285069,596472,209274,1090815,2181630,498198
3523,1458,49500,158,51116,1458,49500,158,51116,102232,0
1863,7019,7404,1840,16263,7019,7404,1840,16263,32526,0
9774,62468,56651,101339,220458,62468,56651,101339,220458,440916,52882
3426,63158,346625,60648,470431,63158,346625,60648,470431,940862,217602
7834,18880,6127,3078,28085,18880,6127,3078,28085,56170,0
2789,16312,34216,29388,79916,16312,34216,29388,79916,159832,0
5828,223,659,10,892,223,659,10,892,1784,0
2257,68262,127857,78835,274954,68262,127857,78835,274954,549908,63557
9571,9565,5356,4270,19191,9565,5356,4270,19191,38382,0
8668,2502,1468,16,3986,2502,1468,16,3986,7972,0
4426,38497,18072,586,57155,38497,18072,586,57155,114310,0
3895,11068,10676,6622,28366,11068,10676,6622,28366,56732,0
9609,11627,8325,10606,30558,11627,8325,10606,30558,61116,0
5568,219218,282335,602322,1103875,219218,282335,602322,1103875,2207750,0
5428,193116,238369,854524,1286009,193116,238369,854524,1286009,2572018,0
5460,1017,4198,1287,6502,1017,4198,1287,6502,13004,0
8528,35134,38312,22163,95609,35134,38312,22163,95609,191218,0
9358,59557,116868,45713,222138,59557,116868,45713,222138,444276,0
5636,47070,76065,60405,183540,47070,76065,60405,183540,367080,0
5429,81166,90357,227905,399428,81166,90357,227905,399428,798856,0
2455,297,243,3,543,297,243,3,543,1086,0
9189,18810,34383,14681,67874,18810,34383,14681,67874,135748,0
7895,6884,1778,2964,11626,6884,1778,2964,11626,23252,0
5601,40009,33790,92873,166672,40009,33790,92873,166672,333344,0
7308,36286,58967,10147,105400,36286,58967,10147,105400,210800,0
1422,38748,58144,57078,153970,38748,58144,57078,153970,307940,0
7996,54544,167815,49676,272035,54544,167815,49676,272035,544070,0
1069,179503,578139,346608,1104250,179503,578139,346608,1104250,2208500,13454
1111,69132,97207,116330,282669,69132,97207,116330,282669,565338,0
5120,11234,11648,14529,37411,11234,11648,14529,37411,74822,0
1478,11915,12322,36166,60403,11915,12322,36166,60403,120806,0
6971,11042,32252,36730,80024,11042,32252,36730,80024,160048,0
2326,32863,37324,6616,76803,32863,37324,6616,76803,153606,0
7309,423973,1163651,160417,1748041,423973,1163651,160417,1748041,3496082,282043
5376,200045,279896,878085,1358026,200045,279896,878085,1358026,2716052,1226870
1826,881998,1819401,408029,3109428,881998,1819401,408029,3109428,6218856,361255
1077,141631,198039,107809,447479,141631,198039,107809,447479,894958,210343
5068,74137,96052,293237,463426,74137,96052,293237,463426,926852,0
7946,9561,886,1467,11914,9561,886,1467,11914,23828,0
5262,6074,6947,16989,30010,6074,6947,16989,30010,60020,0
5476,8678,12072,31241,51991,8678,12072,31241,51991,103982,0
4689,6363,8437,4041,18841,6363,8437,4041,18841,37682,0
1904,27700,58684,14795,101179,27700,58684,14795,101179,202358,1358
6020,70261,76261,312094,458616,70261,76261,312094,458616,917232,0
8725,31761,28184,-7,59938,31761,28184,-7,59938,119876,0
7451,101218,62283,117643,281144,101218,62283,117643,281144,562288,0
5310,5604,4174,11514,21292,5604,4174,11514,21292,42584,0
4641,20432,22012,41314,83758,20432,22012,41314,83758,167516,0
2258,141147,187090,102351,430588,141147,187090,102351,430588,861176,0
6003,178170,225251,260002,663423,178170,225255,259949,663374,1326797,0
3219,41564,27617,39194,108375,41564,27617,39194,108375,216750,0
2907,15666,55830,40718,112214,15666,55830,40718,112214,224428,0
2908,2044,8909,6034,16987,2044,8909,6034,16987,33974,0
4533,39335,45505,91305,176145,39335,45505,91305,176145,352290,0
5021,6391,9473,39398,55262,6391,9473,39398,55262,110524,0
2281,173612,208775,117042,499429,173612,208775,117042,499429,998858,40486
5122,320032,642166,1471720,2433918,320032,642166,1471720,2433918,4867836,1292215
2259,14678,24395,8141,47214,14678,24395,8141,47214,94428,0
2247,206397,221401,157540,585338,206397,221401,157540,585338,1170676,0
5071,30661,67766,91573,190000,30661,67766,91573,190000,380000,37113
7273,16398,31130,6789,54317,16398,31130,6789,54317,108634,0
7274,4598,4102,130,8830,4598,4102,130,8830,17660,0
8309,59035,31182,59500,149717,59035,31182,59500,149717,299434,0
2157,38130,13185,830,52145,38130,13185,830,52145,104290,0
5526,14075,16845,45293,76213,14075,16845,45293,76213,152426,0
2090,46131,136532,7470,190133,46131,136532,7470,190133,380266,163941
3115,414795,1713335,585513,2713643,414795,1713335,585513,2713643,5427286,159329
5602,55350,59413,107106,221869,55350,59413,107106,221869,443738,0
5377,95786,203618,416291,715695,95786,203618,416291,715695,1431390,0
3087,2302227,7424049,4806265,14552124,2302227,7424039,4806225,14552074,29104198,1474752
5224,87573,157830,295337,540740,87573,157830,295337,540740,1081480,75162
2387,16696,7851,9387,33934,16696,7851,9387,33934,67868,0
3427,22475,190638,22778,235891,22475,190638,22778,235891,471782,0
9657,46588,30845,30187,107620,46588,30845,30187,107620,215240,0
9683,606078,419447,738500,1764025,606078,419447,738500,1764025,3528050,87331
9664,8506,8883,7328,24717,8506,8883,7328,24717,49434,0
6021,93968,165056,515966,774990,93968,165056,515966,774990,1549980,0
3036,42604,66504,86405,195513,42604,66504,86405,195513,391026,0
8479,23769,17752,15185,56706,23769,17752,15185,56706,113412,0
4250,1278,627,31,1936,1278,627,31,1936,3872,0
3524,8191,54035,19210,81436,8191,54035,19210,81436,162872,63875
2402,16085,31521,9357,56963,16085,31521,9357,56963,113926,0
1561,3954,3654,6311,13919,3954,3654,6311,13919,27838,0
5882,29826,29056,20945,79827,29826,29056,20945,79827,159654,0
3246,9721,9227,9739,28687,9721,9227,9739,28687,57374,0
9917,373094,270852,391071,1035017,373094,270852,391071,1035017,2070034,412103
2032,2093,472,1446,4011,2093,472,1446,4011,8022,0
3213,13268,3643,7995,24906,13268,3643,7995,24906,49812,0
2916,3416,7494,5973,16883,3416,7494,5973,16883,33766,0
9775,33728,26437,113087,173252,33728,26437,113087,173252,346504,0
1687,1045,50,310,1405,1045,50,310,1405,2810,0
5423,263455,301615,757980,1323050,263455,301615,757980,1323050,2646100,704709
7685,454,24,866,1344,454,24,866,1344,2688,0
2403,5263,12427,4967,22657,5263,12427,4967,22657,45314,0
4140,33690,8320,14423,56433,33690,8320,14423,56433,112866,0
4101,10065,3159,26,13250,10065,3159,26,13250,26500,0
4102,15821,4772,123,20716,15821,4772,123,20716,41432,0
4254,351,341,79,771,351,341,79,771,1542,0
4129,2276,506,58,2840,2276,506,58,2840,5680,0
3863,105034,92527,94828,292389,105034,92527,94828,292389,584778,0
3851,37525,45497,17678,100700,37525,45497,17678,100700,201400,0
4021,55588,83242,90037,228867,55588,83242,90037,228867,457734,0
5072,100376,159820,371650,631846,100375,159816,371632,631823,1263669,27
5378,15549,26248,71160,112957,15550,26252,71179,112981,225938,86
4335,4328,515,0,4843,4328,515,0,4843,9686,0
6634,23249,24365,13588,61202,23249,24365,13588,61202,122404,0
1195,38126,13632,21928,73686,38126,13632,21928,73686,147372,0
2494,2186,2847,902,5935,2186,2847,902,5935,11870,0
3499,8679,42577,15107,66363,8679,42577,15107,66363,132726,0
3992,17649,16264,3115,37028,17649,16264,3115,37028,74056,0
4473,7751,1530,29710,38991,7751,1530,29710,38991,77982,0
2102,33143,148325,13646,195114,33143,148325,13646,195114,390228,6395
3525,9151,53590,9803,72544,9151,53590,9803,72544,145088,0
4463,1035,262,68,1365,1035,262,68,1365,2730,0
5477,3761,6403,12782,22946,3761,6403,12782,22946,45892,0
3944,4649,2128,605,7382,4649,2128,605,7382,14764,0
2433,8285,717,348,9350,8285,717,348,9350,18700,0
3526,16703,219041,24747,260491,16703,219041,24747,260491,520982,200
3528,1172,6518,1139,8829,1172,6518,1139,8829,17658,0
1128,47754,71417,65986,185157,47754,71417,65986,185157,370314,0
4887,6959,16922,5491,29372,6959,16922,5491,29372,58744,0
8805,136646,260709,46938,444293,136646,260709,46938,444293,888586,107332
6133,359134,1090827,515391,1965352,359134,1090827,515391,1965352,3930704,564441
5657,124065,230201,256138,610404,124065,230201,256138,610404,1220808,11475
5123,156444,182277,685425,1024146,156444,182277,685425,1024146,2048292,0
5461,12133,24363,30876,67372,12133,24363,30876,67372,134744,0
5462,264,395,1346,2005,264,395,1346,2005,4010,0
3062,7769,41490,41677,90936,7769,41490,41677,90936,181872,0
3214,25,58,0,83,25,58,0,83,166,0
5757,7886,6935,4342,19163,7886,6935,4342,19163,38326,0
8801,7548,35975,82,43605,7548,35975,82,43605,87210,0
7452,165215,155766,194612,515593,165215,155766,194612,515593,1031186,129968
2752,3529,802,108,4439,3529,802,108,4439,8878,0
8670,3669,1689,0,5358,3669,1689,0,5358,10716,0
5225,6763,10940,30698,48401,6763,10940,30698,48401,96802,0
2308,3460,4796,850,9106,3460,4796,850,9106,18212,0
5332,8983,18449,33311,60743,8983,18449,33311,60743,121486,0
5208,91248,139869,368405,599522,91248,139869,368405,599522,1199044,0
3580,122192,926144,91023,1139359,122192,926144,91023,1139359,2278718,67194
5885,51472,60807,34430,146709,51472,60807,34430,146709,293418,0
5455,54835,219803,147000,421638,54835,219803,147000,421638,843276,0
1078,108,9,21,138,108,9,21,138,276,0
9820,41827,26953,59132,127912,41827,26953,59132,127912,255824,0
9804,18478,16437,10518,45433,18478,16437,10518,45433,90866,0
9821,50019,39890,37295,127204,50019,39890,37295,127204,254408,0
9623,31676,25749,23218,80643,31676,25749,23218,80643,161286,0
9936,83555,132526,109764,325845,83555,132526,109764,325845,651690,0
3422,5101,26650,3268,35019,5101,26650,3268,35019,70038,0
6819,25211,31253,63268,119732,25211,31253,63268,119732,239464,0
2459,561,227,0,788,561,227,0,788,1576,0
4251,1193,1014,0,2207,1193,1014,0,2207,4414,0
8540,964,911,164,2039,964,911,164,2039,4078,0
8548,31592,33625,15287,80504,31592,33625,15287,80504,161008,2103
8541,10059,8287,3324,21670,10059,8287,3324,21670,43340,0
4023,4541,3240,1436,9217,4541,3240,1436,9217,18434,0
3850,34114,44936,34811,113861,34114,44936,34811,113861,227722,0
3744,8932,6942,3752,19626,8932,6942,3752,19626,39252,0
3904,141701,161872,104126,407699,141701,161872,104126,407699,815398,116453
5883,183135,285949,116195,585279,183135,285949,116195,585279,1170558,5888
8254,13197,8445,9869,31511,13197,8445,9869,31511,63022,0
9667,70650,62903,90662,224215,70650,62903,90662,224215,448430,3900
2198,120069,114472,87581,322122,120069,114472,87581,322122,644244,0
4181,56468,140385,28297,225150,56468,140385,28297,225150,450300,0
5928,61546,58299,39059,158904,61546,58299,39059,158904,317808,0
3870,49745,47443,52527,149715,49745,47443,52527,149715,299430,0
4313,25093,8263,3632,36988,25093,8263,3632,36988,73976,0
8860,4267,1395,1931,7593,4267,1395,1931,7593,15186,0
5276,89858,170260,175576,435694,89858,170260,175576,435694,871388,0
5537,269575,595143,275379,1140097,269653,595308,275850,1140811,2280908,24297
5829,27,311,0,338,27,311,0,338,676,0
5540,231230,480717,206327,918274,231153,480552,205856,917561,1835835,178153
9958,17156,11925,17828,46909,17156,11925,17828,46909,93818,0
6022,209564,232304,342761,784629,209564,232304,342761,784629,1569258,0
2671,94590,75056,26274,195920,94590,75056,26274,195920,391840,0
2874,30553,43245,14991,88789,30553,43245,14991,88789,177578,0
1346,1195,1349,1637,4181,1195,1349,1637,4181,8362,0
2337,31645,156847,40323,228815,31645,156847,40323,228815,457630,0
2521,53389,96215,17222,166826,53389,96215,17222,166826,333652,0
2875,8454,9234,3481,21169,8454,9234,3481,21169,42338,0
2753,882683,834627,222893,1940203,882683,834627,222893,1940203,3880406,1024657
5285,42622,59201,59566,161389,42622,59201,59566,161389,322778,0
9366,37297,24790,39061,101148,37297,24790,39061,101148,202296,0
9543,56187,52749,35159,144095,56187,52749,35159,144095,288190,0
9544,194225,20996,50923,266144,194225,20996,50923,266144,532288,0
9808,16289,12869,13849,43007,16289,12869,13849,43007,86014,0
3055,69974,74078,91645,235697,69974,74078,91645,235697,471394,90257
7419,20364,12752,21260,54376,20364,12752,21260,54376,108752,0
7509,23904,40469,16358,80731,23904,40469,16358,80731,161462,0
5468,46627,67033,97311,210971,46627,67033,97311,210971,421942,0
7453,81396,42790,77067,201253,81396,42790,77067,201253,402506,0
5379,206586,351887,730538,1289011,206586,351887,730538,1289011,2578022,748045
5430,41860,56832,175007,273699,41860,56832,175007,273699,547398,0
5603,698369,727091,3028829,4454289,698369,727091,3028829,4454289,8908578,0
4314,9876,9228,16774,35878,9876,9228,16774,35878,71756,0
4185,9455,11368,9716,30539,9455,11368,9716,30539,61078,0
3994,15599,13672,1793,31064,15599,13672,1793,31064,62128,0
9822,81504,65260,71780,218544,81504,65260,71780,218544,437088,0
1419,221982,336965,600834,1159781,221982,336965,600834,1159781,2319562,0
5424,80898,87997,203768,372663,80898,87997,203768,372663,745326,0
5176,26799,24529,23924,75252,26799,24529,23924,75252,150504,0
5596,104295,86833,336203,527331,104295,86833,336203,527331,1054662,0
3531,5,482,0,487,5,482,0,487,974,0
6242,2994,590,238,3822,2994,590,238,3822,7644,0
1546,99854,143006,251380,494240,99854,143006,251380,494240,988480,0
3118,8441,14617,14352,37410,8441,14617,14352,37410,74820,0
3874,86156,58680,84509,229345,86156,58680,84509,229345,458690,68012
2404,9138,9287,5317,23742,9138,9287,5317,23742,47484,0
7454,77176,106132,464774,648082,77176,106132,464774,648082,1296164,0
5177,118577,228187,491555,838319,118577,228187,491555,838319,1676638,0
2296,36290,149766,32089,218145,36290,149766,32089,218145,436290,0
5023,69865,192502,237469,499836,69865,192502,237469,499836,999672,154341
2734,20374,13555,4491,38420,20374,13555,4491,38420,76840,0
8834,3207,1949,0,5156,3207,1949,0,5156,10312,0
6361,716,91,178,985,716,91,178,985,1970,0
1999,12836,2090,954,15880,12836,2090,954,15880,31760,0
5083,14023,11674,51585,77282,14023,11674,51585,77282,154564,0
8519,4602,3197,2143,9942,4602,3197,2143,9942,19884,0
8031,126,0,0,126,126,0,0,126,252,0
6884,116053,187703,134815,438571,116053,187703,134815,438571,877142,0
5569,327727,452057,1118645,1898429,327727,452057,1118645,1898429,3796858,257273
3149,1478499,3240293,2215722,6934514,1478141,3240049,2213554,6931744,13866258,2617998
3160,67691,88343,77321,233355,68050,88587,79489,236126,469481,6011
6967,39516,48395,101822,189733,39516,48395,101822,189733,379466,0
5912,5482,3140,3874,12496,5482,3140,3874,12496,24992,385
7950,114598,48280,23213,186091,114598,48280,23213,186091,372182,0
7974,42224,13378,18093,73695,42224,13378,18093,73695,147390,0
2979,11464,32380,16001,59845,11464,32380,16001,59845,119690,0
2857,22,11,5,38,22,11,5,38,76,0
1208,132505,201310,96354,430169,132505,201310,96354,430169,860338,0
5478,323015,621919,771013,1715947,323015,621919,771013,1715947,3431894,1108326
3247,21169,9051,12993,43213,21169,9051,12993,43213,86426,0
3530,14683,101788,25760,142231,14683,101788,25760,142231,284462,0
5431,17076,19598,91652,128326,17076,19598,91652,128326,256652,0
7316,6639,8956,2052,17647,6639,8956,2052,17647,35294,547
5480,99478,138762,405062,643302,99478,138762,405062,643302,1286604,0
9867,16538,16644,18364,51546,16538,16644,18364,51546,103092,0
6511,72735,82956,31470,187161,72735,82956,31470,187161,374322,55459
3906,6274,4315,4062,14651,6274,4315,4062,14651,29302,0
3876,35102,30693,12894,78689,35102,30693,12894,78689,157378,0
2544,2686,2723,1330,6739,2686,2723,1330,6739,13478,0
2461,87051,170550,34109,291710,87051,170550,34109,291710,583420,0
4027,25892,37199,27919,91010,25892,37199,27919,91010,182020,0
2106,7422,1881,0,9303,7422,1881,0,9303,18606,0
2131,56097,55314,42147,153558,56097,55314,42147,153558,307116,0
5570,831273,939853,1559571,3330697,831273,939853,1559571,3330697,6661394,1016190
687,44780,57780,40335,142895,44780,57780,40335,142895,285790,0
5432,19656,30523,120940,171119,19656,30523,120940,171119,342238,0
1538,1641,2385,7988,12014,1641,2385,7988,12014,24028,0
7510,6166,6917,3373,16456,6166,6917,3373,16456,32912,0
9920,13861,28330,7791,49982,13861,28330,7791,49982,99964,0
2580,20917,5079,1566,27562,20917,5079,1566,27562,55124,0
5226,16387,36307,76952,129646,16387,36307,76952,129646,259292,0
2261,20028,113923,19261,153212,20028,113923,19261,153212,306424,0
2924,93795,270159,136809,500763,93795,270159,136809,500763,1001526,4440
3532,78,707,0,785,78,707,0,785,1570,0
5203,87954,241635,126503,456092,87954,241635,126503,456092,912184,21742
6885,62577,84453,69207,216237,62577,84453,69207,216237,432474,0
2189,166211,202245,107806,476262,166211,202245,107806,476262,952524,0
8671,734,188,0,922,734,188,0,922,1844,0
9921,12421,23628,10066,46115,12421,23628,10066,46115,92230,0
6353,1689,1173,5,2867,1689,1173,5,2867,5734,0
2444,171,134,0,305,171,134,0,305,610,0
6886,552422,846716,1968892,3368030,552422,846716,1968892,3368030,6736060,404621
2833,25430,63433,37543,126406,25430,63433,37543,126406,252812,11579
5943,67287,80221,59058,206566,67287,80221,59058,206566,413132,0
1962,6982,3540,5971,16493,6982,3540,5971,16493,32986,0
2722,10760,1458,1731,13949,10760,1458,1731,13949,27898,1
2873,14096,22301,12493,48890,14096,22301,12493,48890,97780,0
9190,33374,27285,58939,119598,33374,27285,58939,119598,239196,0
6676,97868,89208,136370,323446,97868,89208,136370,323446,646892,382
7297,4249,2002,702,6953,4249,2002,702,6953,13906,0
5658,13219,13385,18236,44840,13219,13385,18236,44840,89680,0
4606,75466,107909,177037,360412,75466,107909,177037,360412,720824,0
8835,1388,668,0,2056,1388,668,0,2056,4112,0
6829,14447,11250,26141,51838,14447,11250,26141,51838,103676,0
6090,136186,174765,245536,556487,136186,174765,245536,556487,1112974,13417
4477,19645,12582,3446,35673,19645,12582,3446,35673,71346,0
2315,3652,4840,564,9056,3652,4840,564,9056,18112,0
1087,140907,323906,226674,691487,140907,323906,226674,691487,1382974,103274
1135,16464,31714,5099,53277,16464,31714,5099,53277,106554,2
1084,9018,13773,3723,26514,9018,13773,3723,26514,53028,35677
2291,75847,178893,12838,267578,75847,178893,12838,267578,535156,5521
2294,35113,20056,12946,68115,35113,20056,12946,68115,136230,0
6327,25625,3741,11053,40419,25625,3741,11053,40419,80838,0
8174,1033,270,0,1303,1033,270,0,1303,2606,0
9787,127644,103005,136703,367352,127644,103005,136703,367352,734704,0
5542,104046,40135,36144,180325,104046,40135,36144,180325,360650,0
5541,71175,31413,12737,115325,71175,31413,12737,115325,230650,173738
5543,55096,6272,39120,100488,55096,6272,39120,100488,200976,0
2977,1869,7312,2265,11446,1869,7312,2265,11446,22892,0
5024,32803,94096,43912,170811,32803,94096,43912,170811,341622,0
6820,40535,30968,93083,164586,40535,30968,93083,164586,329172,0
2798,28977,29513,54344,112834,28977,29513,54344,112834,225668,0
2794,122069,266811,178695,567575,122069,266811,178695,567575,1135150,239229
5380,14875,11027,29900,55802,14875,11027,29900,55802,111604,0
7318,2031,618,411,3060,2031,618,411,3060,6120,0
5663,225111,450850,203239,879200,225111,450850,203239,879200,1758400,180737
8561,109471,111526,80467,301464,109471,111526,80467,301464,602928,0
3587,3083,15747,5959,24789,3083,15747,5959,24789,49578,0
7951,73222,29986,16442,119650,73222,29986,16442,119650,239300,0
9547,66540,72537,53919,192996,66540,72537,53919,192996,385992,0
8033,900,660,538,2098,900,660,538,2098,4196,0
2673,552,21,315,888,552,21,315,888,1776,0
8358,30702,24514,24089,79305,30702,24514,24089,79305,158610,0
1261,33712,18741,12756,65209,33712,18741,12756,65209,130418,0
5433,63347,113393,346928,523668,63347,113393,346928,523668,1047336,0
2249,108966,63496,50643,223105,108966,63496,50643,223105,446210,172406
5646,16426,28243,21660,66329,16426,28243,21660,66329,132658,0
5025,8972,25245,26662,60879,8972,25245,26662,60879,121758,0
5525,94829,8654,24962,128445,94829,8654,24962,128445,256890,0
3584,19,555,0,574,19,555,0,574,1148,0
1149,54834,112719,110856,278409,54834,112719,110856,278409,556818,0
5026,22049,39766,88285,150100,22049,39766,88285,150100,300200,0
6172,50290,72666,89497,212453,50290,72666,89497,212453,424906,0
2388,15703,16855,5176,37734,15703,16855,5176,37734,75468,0
9549,4160,7319,446,11925,4160,7319,446,11925,23850,0
4270,7682,8433,3877,19992,7682,8433,3877,19992,39984,0
4108,2147,1275,0,3422,2147,1275,0,3422,6844,0
3056,9065,3180,12168,24413,9065,3180,12168,24413,48826,0
6806,46994,48829,114287,210110,46994,48829,114287,210110,420220,0
6328,19755,3953,3804,27512,19755,3953,3804,27512,55024,0
7224,16027,33491,1483,51001,16027,33491,1483,51001,102002,0
8185,98421,276493,39383,414297,98421,276493,39383,414297,828594,1781
8672,64,28,0,92,64,28,0,92,184,0
9996,66409,58612,57272,182293,66409,58612,57272,182293,364586,0
6456,41424,105837,14180,161441,41424,105837,14180,161441,322882,2925
3254,11477,2302,7061,20840,11477,2302,7061,20840,41680,0
5333,56769,146616,179503,382888,56769,146616,179503,382888,765776,0
2250,141109,207884,34241,383234,141109,207884,34241,383234,766468,0
7814,23710,22829,12142,58681,23710,22829,12142,58681,117362,0
8178,12729,20793,9724,43246,12729,20793,9724,43246,86492,22130
2003,13044,1555,2295,16894,13044,1555,2295,16894,33788,0
8007,6585,6218,3472,16275,6585,6218,3472,16275,32550,0
3061,23275,14698,31662,69635,23275,14698,31662,69635,139270,0
8201,53250,86935,86178,226363,53250,86935,86178,226363,452726,39765
5434,81089,128735,374429,584253,81089,128735,374429,584253,1168506,11424
2004,21710,396,158881,180987,21710,396,158881,180987,361974,193
5179,5084,13416,14046,32546,5084,13416,14046,32546,65092,0
1105,166355,429623,202993,798971,166355,429623,202993,798971,1597942,0
2107,52112,7736,1012,60860,52112,7736,1012,60860,121720,0
6893,110037,169629,484482,764148,110037,169629,484482,764148,1528296,0
6931,136997,290254,636892,1064143,136997,290464,636811,1064272,2128415,7275
5124,252286,572642,1054567,1879495,252286,572642,1054567,1879495,3758990,336462
3205,15697,747,27808,44252,15697,747,27808,44252,88504,0
3679,29418,18989,28415,76822,29418,18989,28415,76822,153644,16023
5638,11959,10589,24065,46613,11959,10589,24065,46613,93226,0
5529,125184,25374,18748,169306,125184,25374,18748,169306,338612,0
2925,14800,61830,30110,106740,14800,61830,30110,106740,213480,0
5929,11194,12346,35450,58990,11194,12346,35450,58990,117980,0
9823,22765,17753,29786,70304,22765,17753,29786,70304,140608,0
5184,67590,106087,86747,260424,67590,106087,86747,260424,520848,0
6691,1139981,1819046,810002,3769029,1139981,1819046,810002,3769029,7538058,763209
7043,22882,18073,27922,68877,22882,18073,27922,68877,137754,0
6888,297815,332756,782228,1412799,297815,332756,782228,1412799,2825598,1882826
1178,24352,9766,67467,101585,24352,9766,67467,101585,203170,0
5186,5826,13001,6266,25093,5826,13001,6266,25093,50186,0
9587,179093,191560,136795,507448,179093,191560,136795,507448,1014896,0
8448,12989,12863,6611,32463,12989,12863,6611,32463,64926,0
5605,48442,57350,98237,204029,48442,57350,98237,204029,408058,0
7044,10536,13029,15987,39552,10536,13029,15987,39552,79104,0
5835,18238,69481,7931,95650,18238,69481,7931,95650,191300,0
8257,5896,446,4929,11271,5896,446,4929,11271,22542,0
7319,33842,53852,2077,89771,33842,53852,2077,89771,179542,0
9903,97731,85124,128046,310901,97731,85124,128046,310901,621802,0
9552,8291,5280,10870,24441,8291,5280,10870,24441,48882,0
4619,19818,16463,14077,50358,19818,16463,14077,50358,100716,0
7893,14664,5622,1348,21634,14664,5622,1348,21634,43268,0
3150,11073,10466,15763,37302,11073,10466,15763,37302,74604,0
8347,219341,243237,188970,651548,219341,243237,188970,651548,1303096,283681
7073,111,8,352,471,111,8,352,471,942,0
3009,240,656,549,1445,240,656,549,1445,2890,0
1595,9385,21208,1788,32381,9385,21208,1788,32381,64762,0
3206,12586,2073,3220,17879,12586,2073,3220,17879,35758,0
6570,7616,2442,3267,13325,7616,2442,3267,13325,26650,0
4526,35542,50739,96668,182949,35542,50739,96668,182949,365898,0
7455,76759,84852,142094,303705,76759,84852,142094,303705,607410,0
5930,15368,8790,11214,35372,15368,8790,11214,35372,70744,0
5074,2254,6311,9807,18372,2254,6311,9807,18372,36744,0
5277,113380,316234,217908,647522,113380,316234,217908,647522,1295044,0
5084,97058,118203,462572,677833,97058,118203,462572,677833,1355666,1826
2546,69783,26277,4834,100894,69783,26277,4834,100894,201788,20564
9739,25212,25734,23218,74164,25212,25734,23218,74164,148328,0
4387,300431,383745,131061,815237,300431,383745,131061,815237,1630474,163854
5125,217379,275286,948345,1441010,217379,275286,948345,1441010,2882020,0
1902,17179,19437,15945,52561,17179,19437,15945,52561,105122,0
2000,3125,257,1621,5003,3125,257,1621,5003,10006,0
6782,6262,5874,2524,14660,6262,5874,2524,14660,29320,0
6972,44581,60534,144922,250037,44581,60534,144922,250037,500074,0
1968,11742,6116,4705,22563,11742,6116,4705,22563,45126,0
9988,105834,96429,132135,334398,105834,96429,132135,334398,668796,0
5187,196003,350479,470791,1017273,196003,350479,470791,1017273,2034546,439454
6265,40459,114473,24669,179601,40459,114473,24669,179601,359202,0
4217,6040,5433,2346,13819,6040,5433,2346,13819,27638,0
2728,246695,109870,82766,439331,246695,109870,82766,439331,878662,10654
5154,39543,43310,139150,222003,39543,43310,139150,222003,444006,6193
8450,33034,27818,30330,91182,33034,27818,30330,91182,182364,0
9236,5864,3108,2396,11368,5864,3108,2396,11368,22736,0
6362,58027,58437,41983,158447,58027,58437,41983,158447,316894,32910
8179,1673,494,0,2167,1673,494,0,2167,4334,0
3172,542957,1065826,786958,2395741,542957,1065826,786958,2395741,4791482,1248959
4530,8935,12226,18962,40123,8935,12226,18962,40123,80246,0
5494,2436,2649,0,5085,2436,2649,0,5085,10170,0
1114,36994,43734,80628,161356,36994,43734,80628,161356,322712,245925
1150,18085,34822,38026,90933,18085,34822,38026,90933,181866,0
5382,16386,25423,85774,127583,16386,25423,85774,127583,255166,0
2660,11328,44135,11742,67205,11328,44135,11742,67205,134410,0
8036,1270,15,2,1287,1270,15,2,1287,2574,0
5189,28508,33304,30135,91947,28508,33304,30135,91947,183894,0
5185,1925,2140,3950,8015,1925,2140,3950,8015,16030,0
5126,6454,10612,22834,39900,6454,10612,22834,39900,79800,0
4527,132087,237878,374032,743997,132087,237878,374032,743997,1487994,16530
7320,1754,2667,504,4925,1754,2667,504,4925,9850,0
1452,17901,20833,96341,135075,17901,20833,96341,135075,270150,0
7953,539,10,10,559,539,10,10,559,1118,0
5425,64846,61524,171751,298121,64846,61524,171751,298121,596242,0
5410,79196,114256,371782,565234,79196,114256,371782,565234,1130468,0
8355,50341,88709,36547,175597,50341,88709,36547,175597,351194,0
3138,2265,2017,3958,8240,2265,2017,3958,8240,16480,0
9318,81764,38434,117714,237912,81764,38434,117714,237912,475824,0
1451,25504,47045,77336,149885,25504,47045,77336,149885,299770,0
1453,22704,25848,15158,63710,22704,25848,15158,63710,127420,0
5292,9543,9789,42935,62267,9543,9789,42935,62267,124534,0
8142,17204,11034,19874,48112,17204,11034,19874,48112,96224,0
3057,22528,12917,16238,51683,22528,12917,16238,51683,103366,0
7404,17700,24640,70223,112563,17700,24640,70223,112563,225126,0
1949,7424,6530,8689,22643,7424,6530,8689,22643,45286,0
3187,111584,254531,303035,669150,111584,254531,303035,669150,1338300,0
5922,234427,278566,192654,705647,234427,278566,192654,705647,1411294,119477
5932,758059,1354029,686136,2798224,758059,1354029,686136,2798224,5596448,691870
5263,26171,35571,43130,104872,26171,35571,43130,104872,209744,0
6947,30744,36241,88664,155649,30744,36241,88664,155649,311298,0
5339,1461,2806,730,4997,1461,2806,730,4997,9994,0
7456,254728,375064,289656,919448,254728,375064,289687,919479,1838927,42024
7457,198643,254017,401996,854656,198643,254017,402013,854673,1709329,0
7420,212719,390897,1255482,1859098,212719,390897,1255434,1859050,3718148,974
6890,12359,13182,38894,64435,12359,13182,38894,64435,128870,0
2262,387142,867205,220481,1474828,387142,867205,220481,1474828,2949656,26675
5286,35940,85611,48328,169879,35940,85611,48328,169879,339758,0
8527,47158,53291,29010,129459,47158,53291,29010,129459,258918,0
6388,26646,56732,15158,98536,26646,56732,15158,98536,197072,0
8836,2164,992,0,3156,2164,992,0,3156,6312,0
2199,100949,19947,34754,155650,100949,19947,34754,155650,311300,0
1699,4888,121,2533,7542,4888,121,2533,7542,15084,0
7379,162,50,96,308,162,50,96,308,616,0
4535,15546,26143,41052,82741,15546,26143,41052,82741,165482,0
9997,65672,38113,50003,153788,65672,38113,50003,153788,307576,2299
9175,378,52,0,430,378,52,0,430,860,0
2666,5594,2914,1249,9757,5594,2914,1249,9757,19514,0
1562,28474,41141,19120,88735,28474,41141,19120,88735,177470,0
1548,613080,881640,1498596,2993316,613080,881640,1498596,2993316,5986632,109664
3252,689,264,1018,1971,689,264,1018,1971,3942,0
2672,33098,20940,4700,58738,33098,20940,4700,58738,117476,0
3534,19442,139021,39148,197611,19442,139021,39148,197611,395222,0
2002,15906,2188,4899,22993,15906,2188,4899,22993,45986,0
3590,75,498,197,770,75,498,197,770,1540,0
3592,232,2577,704,3513,232,2577,704,3513,7026,0
3536,121,646,28,795,121,646,28,795,1590,0
5914,43840,30773,32339,106952,43840,30773,32339,106952,213904,40281
3537,2690,29086,5848,37624,2690,29086,5848,37624,75248,130517
3586,2299,10337,6493,19129,2299,10337,6493,19129,38258,0
2341,98337,190129,54013,342479,98337,190129,54013,342479,684958,0
2340,37408,52934,24489,114831,37408,52934,24489,114831,229662,29252
5290,12023,11618,36533,60174,12023,11618,36533,60174,120348,0
3538,2259,73288,1704,77251,2259,73288,1704,77251,154502,0
5751,4550,17232,1595,23377,4550,17232,1595,23377,46754,0
6973,24097,41824,188725,254646,24097,41824,188725,254646,509292,0
5059,47448,66375,177910,291733,47448,66375,177910,291733,583466,0
3572,11,457,0,468,11,457,0,468,936,0
5239,80042,159128,87285,326455,80042,159128,87285,326455,652910,138382
5604,145385,180580,426181,752146,145385,180580,426181,752146,1504292,0
6821,35810,29588,56889,122287,35810,29588,56889,122287,244574,0
5073,114704,172048,426794,713546,114704,172048,426794,713546,1427092,0
2248,162740,41111,49293,253144,162740,41111,49293,253144,506288,0
6110,104246,151729,244649,500624,104246,151729,244649,500624,1001248,0
1555,1647237,3948216,3403751,9008429,1647902,3949706,3405380,9012216,18020645,2080620
1268,212227,349831,214788,776846,212227,349831,214788,776846,1553692,179940
5670,407630,471387,479513,1358530,407630,471387,479513,1358530,2717060,308780
6287,4437,366,10,4813,4437,366,10,4813,9626,0
2983,82771,212390,171327,466488,82771,212390,171327,466488,932976,45536
6140,53071,65128,25620,143819,53071,65128,25620,143819,287638,0
6968,18043,25828,89404,133275,18043,25828,89404,133275,266550,0
7458,141201,111792,208628,461621,141201,111792,208628,461621,923242,0
2159,211,29,5,245,211,29,5,245,490,0
6834,1938424,253061,37893,2229378,1938424,253061,37893,2229378,4458756,7359
6833,43327,43442,94833,181602,43327,43442,94833,181602,363204,8482
5228,51084,135025,246896,433005,51084,135025,246896,433005,866010,0
3250,34510,11607,9649,55766,34510,11607,9649,55766,111532,0
8221,30629,25405,16777,72811,30629,25405,16777,72811,145622,0
3413,6159,21154,14220,41533,6159,21154,14220,41533,83066,0
1977,7389,5524,10244,23157,7389,5524,10244,23157,46314,0
1043,26102,39691,35427,101220,26102,39691,35427,101220,202440,0
8469,135103,104887,100326,340316,135103,104887,100326,340316,680632,0
9842,47388,46212,56984,150584,47388,46212,56984,150584,301168,0
6092,576419,779261,690830,2046510,576419,779261,690830,2046510,4093020,182509
9553,22478,20068,13078,55624,22478,20068,13078,55624,111248,0
1386,1666,3077,3008,7751,1666,3077,3008,7751,15502,0
9554,35575,36298,45392,117265,35575,36298,45392,117265,234530,0
9888,315708,589438,172350,1077496,315708,589438,172350,1077496,2154992,186517
2771,312720,853314,300639,1466673,312720,853314,300639,1466673,2933346,554107
7513,10375,11206,8973,30554,10375,11206,8973,30554,61108,0
8451,3807,4958,4017,12782,3807,4958,4017,12782,25564,0
7975,15992,10411,5304,31707,15992,10411,5304,31707,63414,37
1467,31520,28700,80823,141043,31520,28700,80823,141043,282086,0
6934,45676,59259,114829,219764,45676,59259,114829,219764,439528,0
1314,319995,573609,101717,995321,319995,573609,101717,995321,1990642,128958
1316,14485,7762,1780,24027,14485,7762,1780,24027,48054,0
5248,14335,13113,34028,61476,14335,13113,34028,61476,122952,0
1454,50961,53921,136741,241623,50961,53921,136741,241623,483246,0
5240,10045,23195,43194,76434,10045,23195,43194,76434,152868,0
8964,73748,91209,57454,222411,73748,91209,57454,222411,444822,0
4770,21547,25365,8360,55272,21547,25365,8360,55272,110544,0
5606,90698,134988,354662,580348,90698,134988,354662,580348,1160696,0
4646,83249,177845,318541,579635,83249,177845,318541,579635,1159270,470126
4643,38256,69904,170591,278751,38256,69904,170591,278751,557502,0
7355,104446,141571,132225,378242,104446,141571,132225,378242,756484,21799
9555,8837,16188,112,25137,8837,16188,112,25137,50274,0
6969,955467,1236080,3993572,6185119,955467,1236080,3993579,6185126,12370245,1383003
7222,6669,6650,21399,34718,6669,6650,21399,34718,69436,16
4558,57479,190287,73972,321738,57479,190287,73972,321738,643476,570
8673,2716,1401,0,4117,2716,1401,0,4117,8234,0
5607,99960,122995,247741,470696,99960,122995,247741,470696,941392,23
5383,138041,159587,710304,1007932,138041,159587,710304,1007932,2015864,342744
5384,218534,264501,1005749,1488784,218534,264501,1005749,1488784,2977568,175741
5435,168884,177388,652073,998345,168884,177388,652073,998345,1996690,0
8543,6465,6683,1597,14745,6465,6683,1597,14745,29490,0
2834,1102,2837,799,4738,1102,2837,799,4738,9476,0
8674,424,108,0,532,424,108,0,532,1064,0
5191,107285,164653,170346,442284,107285,164653,170346,442284,884568,252380
4771,57691,116049,33287,207027,57691,116049,33287,207027,414054,0
5029,7291,11648,14347,33286,7291,11648,14347,33286,66572,0
2868,390,565,148,1103,390,565,148,1103,2206,0
7098,24838,52557,57800,135195,24838,52557,57800,135195,270390,0
1483,1245,1135,4086,6466,1245,1135,4086,6466,12932,0
1484,4801,4058,8840,17699,4801,4058,8840,17699,35398,0
4157,30,23,0,53,30,23,0,53,106,0
9959,21055,23789,14983,59827,21055,23789,14983,59827,119654,0
5608,50205,50423,95861,196489,50205,50423,95861,196489,392978,0
7640,75312,149716,120256,345284,75312,149716,120256,345284,690568,10764
5155,25689,30693,109694,166076,25689,30693,109694,166076,332152,0
5671,113558,117324,98848,329730,113558,117324,98848,329730,659460,0
5675,5935,5076,4004,15015,5935,5076,4004,15015,30030,0
5571,699456,1186528,2130901,4016885,699456,1186528,2130901,4016885,8033770,936772
5385,503109,638842,1701605,2843556,503109,638842,1701605,2843556,5687112,741451
1044,128426,194402,269540,592368,128426,194402,269540,592368,1184736,0
5436,22451,19627,76792,118870,22451,19627,76792,118870,237740,0
1861,23864,32762,11240,67866,23864,32762,11240,67866,135732,0
5249,705,439,294,1438,705,439,294,1438,2876,0
5075,106183,208787,308137,623107,106183,208787,308137,623107,1246214,130702
5156,12348,20093,36091,68532,12348,20093,36091,68532,137064,0
4222,331297,579994,115149,1026440,331297,579994,115149,1026440,2052880,81863
5920,90550,73074,91612,255236,90550,73074,91612,255236,510472,0
5884,14582,18171,14226,46979,14582,18171,14226,46979,93958,0
5933,15163,10634,16003,41800,15163,10634,16003,41800,83600,0
6355,2290,541,769,3600,2290,541,769,3600,7200,0
3333,228605,763496,425581,1417682,228605,763496,425581,1417682,2835364,158815
6228,411,18,227,656,411,18,227,656,1312,0
2800,11772,24741,16696,53209,11772,24741,16696,53209,106418,0
6686,49792,57953,70559,178304,49792,57953,70559,178304,356608,2648
5437,175199,212470,693659,1081328,175199,212470,693659,1081328,2162656,0
5085,42699,58119,167674,268492,42699,58119,167674,268492,536984,0
5609,91115,64246,200352,355713,91115,64246,200352,355713,711426,0
1900,32761,35445,26212,94418,32761,35445,26212,94418,188836,0
3195,2341,5205,2579,10125,2341,5205,2579,10125,20250,0
5386,26791,30843,59591,117225,26791,30843,59591,117225,234450,0
3880,65880,36642,48050,150572,65880,36642,48050,150572,301144,0
8676,6696,4299,1175,12170,6696,4299,1175,12170,24340,0
2463,403,136,0,539,403,136,0,539,1078,0
4479,3154,576,878,4608,3154,576,878,4608,9216,0
4355,7701,1056,114,8871,7701,1056,114,8871,17742,0
1010,40329,70968,74749,186046,40329,70968,74749,186046,372092,0
1322,171446,158295,112511,442252,171446,158295,112511,442252,884504,128396
3151,27315,35954,35448,98717,27315,35954,35448,98717,197434,0
5387,21679,32535,65469,119683,21679,32535,65469,119683,239366,0
3471,117051,414429,64299,595779,117051,414429,64299,595779,1191558,52939
8727,4782,900,0,5682,4782,900,0,5682,11364,0
5572,225895,308571,576710,1111176,225895,308571,576710,1111176,2222352,128295
7521,10,24,0,34,10,24,0,34,68,0
3430,29529,159616,36432,225577,29529,159616,36432,225577,451154,0
4691,142479,237455,106147,486081,142479,237455,106147,486081,972162,4315
5837,11847,26264,11315,49426,11847,26264,11315,49426,98852,0
4110,37686,11584,361,49631,37686,11584,361,49631,99262,0
5193,13911,22314,39103,75328,13911,22314,39103,75328,150656,0
5610,65580,94465,244050,404095,65580,94465,244050,404095,808190,0
3152,48498,92185,109156,249839,48498,92185,109156,249839,499678,0
2264,22625,45713,5756,74094,22625,45713,5756,74094,148188,0
4523,29434,63317,68821,161572,29434,63317,68821,161572,323144,0
4538,2798,1970,1157,5925,2798,1970,1157,5925,11850,0
3153,67787,58663,89236,215686,67787,58663,89236,215686,431372,0
6949,21910,22412,55100,99422,21910,22412,55100,99422,198844,0
7203,30362,73357,14516,118235,30362,73357,14516,118235,236470,0
8191,24720,47836,14857,87413,24720,47836,14857,87413,174826,0
7976,107825,85781,52814,246420,107825,85781,52814,246420,492840,35859
6530,20851,23368,23443,67662,20851,23368,23443,67662,135324,652
6531,14419,22947,19055,56421,14419,22947,19055,56421,112842,0
5849,795,789,44,1628,795,789,44,1628,3256,0
9812,27605,20456,33282,81343,27605,20456,33282,81343,162686,0
6210,388,140,0,528,388,140,0,528,1056,0
5388,184165,280916,726828,1191909,184165,280916,726828,1191909,2383818,0
9825,4346,2917,2983,10246,4346,2917,2983,10246,20492,0
7460,103277,97423,179508,380208,103277,97423,179508,380208,760416,0
6267,170,21,0,191,170,21,0,191,382,0
6857,13295,12495,33372,59162,13295,12495,33372,59162,118324,294474
5491,227298,426852,583403,1237553,227298,426852,583403,1237553,2475106,692191
5028,158,87,21,266,158,87,21,266,532,0
6203,987,64,0,1051,987,64,0,1051,2102,0
8282,8917,13300,7755,29972,8917,13300,7755,29972,59944,0
8677,12878,11018,0,23896,12878,11018,0,23896,47792,0
7356,10183,7138,3194,20515,10183,7138,3194,20515,41030,0
7462,132618,106100,157916,396634,132618,106100,157916,396634,793268,2462
1035,37362,55535,71287,164184,37362,55535,71287,164184,328368,0
3154,34294,67529,118951,220774,34294,67529,118951,220774,441548,0
1159,10551,21485,42868,74904,10551,21485,42868,74904,149808,0
4025,5248,3826,2126,11200,5248,3826,2126,11200,22400,0
5798,27657,43572,33185,104414,27657,43572,33185,104414,208828,0
3474,26631,140951,9742,177324,26631,140951,9742,177324,354648,0
2677,67911,97562,64240,229713,67911,97562,64240,229713,459426,0
5573,46445,59692,128273,234410,46445,59692,128273,234410,468820,0
3897,10727,9603,34384,54714,10727,9603,34384,54714,109428,0
5229,304536,586925,1100428,1991889,304536,586925,1100428,1991889,3983778,415401
4271,6192,5646,3281,15119,6192,5646,3281,15119,30238,0
4432,1417,91,0,1508,1417,91,0,1508,3016,0
3882,16744,18044,12683,47471,16744,18044,12683,47471,94942,0
5389,64532,76918,330910,472360,64532,76918,330910,472360,944720,0
5758,14013,70080,8935,93028,14013,70080,8935,93028,186056,0
3434,16290,153663,10256,180209,16290,153663,10256,180209,360418,1015
3432,11685,33557,32146,77388,11685,33557,32146,77388,154776,0
3558,31688,228070,22195,281953,31688,228070,22195,281953,563906,0
6951,716986,411829,670838,1799653,716986,411932,670945,1799863,3599516,158848
5921,44612,37776,60832,143220,44612,37776,60832,143220,286440,0
2283,51693,47205,20652,119550,51693,47205,20652,119550,239100,0
2969,8040,6403,7855,22298,8040,6403,7855,22298,44596,0
3887,141733,150818,80757,373308,141733,150818,80757,373308,746616,0
3886,27311,22512,11184,61007,27311,22512,11184,61007,122014,0
3888,6062,5132,3480,14674,6062,5132,3480,14674,29348,0
3889,76151,98779,74188,249118,76151,98779,74188,249118,498236,0
3891,16534,16928,75921,109383,16534,16928,75921,109383,218766,0
7225,8410,8329,2216,18955,8410,8329,2216,18955,37910,0
1393,78732,102954,112186,293872,78732,102954,112186,293872,587744,112
4276,9840,6519,836,17195,9840,6519,836,17195,34390,0
9562,110248,99575,97101,306924,110248,99575,97101,306924,613848,4777
3348,120219,134519,71465,326203,120219,134519,71465,326203,652406,5488
3540,51550,362154,107502,521206,51550,362154,107502,521206,1042412,113064
8837,818,208,0,1026,818,208,0,1026,2052,0
5390,146479,146456,542943,835878,146479,146456,542943,835878,1671756,1061153
5230,240053,555191,911997,1707241,240053,555191,911997,1707241,3414482,23580
6952,28106,50322,131480,209908,28106,50322,131480,209908,419816,0
1783,11888,7980,2540,22408,11888,7980,2540,22408,44816,0
5574,475957,780599,1142881,2399437,475957,780599,1142881,2399437,4798874,409662
3155,124374,234600,244109,603083,124374,234600,244109,603083,1206166,268610
2439,877,927,62,1866,877,927,62,1866,3732,0
3817,16396,5188,20039,41623,16396,5188,20039,41623,83246,0
4357,570,81,385,1036,570,81,385,1036,2072,0
8728,1719,354,0,2073,1719,354,0,2073,4146,0
4518,18690,15127,47897,81714,18690,15127,47897,81714,163428,10050
4433,29571,9989,12051,51611,29571,9989,12051,51611,103222,0
5334,27223,43125,98082,168430,27223,43125,98082,168430,336860,9547
9776,124738,92799,133705,351242,124738,92799,133705,351242,702484,0
6211,2869,207,64,3140,2869,207,64,3140,6280,0
8261,1927,186,438,2551,1927,186,438,2551,5102,0
2010,46065,49175,11044,106284,46065,49175,11044,106284,212568,0
5826,907,7750,202,8859,907,7750,202,8859,17718,0
4504,236303,467140,327970,1031413,236303,467140,327970,1031413,2062826,0
9373,47515,31161,34656,113332,47515,31161,34656,113332,226664,0
2364,4881,3217,775,8873,4881,3217,775,8873,17746,0
7464,409340,402833,697238,1509411,409340,402833,697238,1509411,3018822,485439
5613,11092,9009,42399,62500,11092,9009,42399,62500,125000,0
1524,24644,22808,95184,142636,24644,22808,95184,142636,285272,0
8838,1045,795,0,1840,1045,795,0,1840,3680,15
5391,59606,95823,182831,338260,59606,95823,182831,338260,676520,6
2141,7271,1745,1502,10518,7271,1745,1502,10518,21036,0
5967,9540,8389,1867,19796,9540,8389,1867,19796,39592,12084
2938,25812,63036,32977,121825,25812,63036,32977,121825,243650,0
1342,36565,24089,6752,67406,36565,24089,6752,67406,134812,0
2440,3123,2438,2017,7578,3123,2438,2017,7578,15156,0
5597,1014309,1456426,4939373,7403353,1014309,1456431,4939305,7403291,14806644,0
5426,6435876,11650206,17016032,35112918,6435691,11649682,17015449,35111625,70224543,5078272
5676,84807,97626,84327,266760,84807,97626,84327,266760,533520,75935
5392,41803,53816,173227,268846,41803,53816,173227,268846,537692,0
5231,22878,64235,103878,190991,22878,64235,103878,190991,381982,0
6268,10002,5987,17991,33980,10002,5987,17991,33980,67960,0
8584,111570,109968,43448,264986,111570,109968,43448,264986,529972,71807
8591,246207,448650,238303,933160,246207,448650,238303,933160,1866320,67416
2612,28238,51108,40124,119470,28238,51108,40124,119470,238940,0
2154,145082,23137,54386,222605,145082,23137,54386,222605,445210,0
2265,128567,20547,38607,187721,128567,20547,38607,187721,375442,0
5394,142614,194833,548998,886445,142614,194833,548998,886445,1772890,0
9365,50439,26727,36771,113937,50439,26727,36771,113937,227874,0
5041,23541,34643,56993,115177,23541,34643,56993,115177,230354,0
1216,94263,185876,194087,474226,94263,185876,194087,474226,948452,12443
2665,13929,17014,16831,47774,13929,17014,16831,47774,95548,0
6823,71157,57913,166527,295597,71157,57913,166527,295597,591194,0
6953,100180,210766,733768,1044714,100180,210766,733768,1044714,2089428,0
7407,13322,11835,18295,43452,13322,11835,18295,43452,86904,0
2251,44275,17411,19620,81306,44275,17411,19620,81306,162612,0
6858,10023,28221,18421,56665,10023,28221,18421,56665,113330,0
5575,300725,347879,652547,1301151,300725,347879,652547,1301151,2602302,0
5639,13625,8910,19020,41555,13625,8910,19020,41555,83110,0
5395,133755,136875,456847,727477,133755,136875,456847,727477,1454954,0
5372,21403,16408,52696,90507,21403,16408,52696,90507,181014,0
5576,272369,252221,872145,1396735,272369,252221,872145,1396735,2793470,0
7408,12009,19108,75705,106822,12009,19108,75705,106822,213644,0
5264,3766,4052,8527,16345,3766,4052,8527,16345,32690,0
6824,106204,98342,191544,396090,106204,98342,191544,396090,792180,0
5959,56836,88553,21217,166606,56836,88553,21217,166606,333212,0
3158,7687,8167,17699,33553,7687,8167,17699,33553,67106,0
5505,40751,90950,23802,155503,40751,90950,23802,155503,311006,12127
5316,1255,1099,2429,4783,1255,1099,2429,4783,9566,0
2384,199464,278355,59124,536943,199464,278327,59108,536899,1073842,235002
2390,200589,218579,84497,503665,200588,218607,84512,503707,1007372,161069
4600,66435,103388,76037,245860,66435,103388,76037,245860,491720,0
8530,52817,138281,39180,230278,52817,138281,39180,230278,460556,0
1121,8898,1888,8714,19500,8898,1888,8714,19500,39000,0
7079,38339,35134,59537,133010,38339,35134,59537,133010,266020,0
5241,7872,7941,9917,25730,7872,7941,9917,25730,51460,0
5598,7156173,13081998,22961852,43199799,7155936,13081151,22961005,43197867,86397666,5466424
5158,311228,875427,2064425,3248822,311219,875421,2064500,3248882,6497704,799913
2133,290174,115115,105919,511208,290174,115115,105919,511208,1022416,0
1455,73519,68402,23305,165226,73519,68402,23305,165226,330452,0
1402,477837,755457,548659,1781953,477837,755457,548659,1781953,3563906,363068
1403,8788,19777,21071,49636,8788,19777,21071,49636,99272,0
7057,15019,21382,17577,53978,15019,21382,17577,53978,107956,0
6095,18014,12823,33110,63947,18014,12823,33110,63947,127894,0
3796,8407,3772,6037,18216,8407,3772,6037,18216,36432,0
8589,59503,75137,29176,163816,59503,75137,29176,163816,327632,0
6859,4699,3122,3814,11635,4699,3122,3814,11635,23270,0
8509,13289,11439,6312,31040,13289,11439,6312,31040,62080,0
6073,24506,16315,31789,72610,24506,16315,31789,72610,145220,0
5128,154242,167408,753727,1075377,154242,167408,753727,1075377,2150754,0
1940,68939,147633,228802,445374,68939,147633,228802,445374,890748,483
4690,114169,72340,80175,266684,114169,72340,80175,266684,533368,0
4434,32575,17378,749,50702,32575,17378,749,50702,101404,0
6183,340713,340355,511439,1192507,340713,340355,511439,1192507,2385014,141902
6096,58568,64292,104288,227148,58568,64292,104288,227148,454296,0
1347,16651,26132,8902,51685,16651,26132,8902,51685,103370,0
1423,128409,270285,410834,809528,128409,270285,410834,809528,1619056,0
1509,36311,170361,39948,246620,36311,170361,39948,246620,493240,0
9673,46742,31028,19550,97320,46742,31028,19550,97320,194640,0
1466,56020,51451,95782,203253,56020,51451,95782,203253,406506,0
2681,1283,323,5,1611,1283,323,5,1611,3222,0
2266,8393,9918,1928,20239,8393,9918,1928,20239,40478,0
8875,119396,150771,173679,443846,119396,150771,173679,443846,887692,0
5684,128990,142825,306704,578519,128990,142825,306704,578519,1157038,0
9250,21464,16170,11064,48698,21464,16170,11064,48698,97396,0
5411,227511,271361,778016,1276888,228040,271939,779403,1279382,2556270,106098
3174,106588,237997,283136,627721,106588,237997,283136,627721,1255442,0
5086,76249,102495,246533,425277,76249,102495,246533,425277,850554,0
3188,42912,62237,274749,379898,42912,62237,274749,379898,759796,241
7474,377094,343022,358354,1078470,377094,343022,358354,1078470,2156940,9589
1421,68051,109256,479918,657225,68101,109274,480309,657684,1314909,131568
1525,194091,261330,660413,1115834,194041,261311,660022,1115374,2231208,147662
7466,62019,23733,82316,168068,62019,23733,82316,168068,336136,0
9564,35758,32278,29969,98005,35758,32278,29969,98005,196010,0
2201,131306,169775,92121,393202,131306,169775,92121,393202,786404,0
5129,70305,116148,181445,367898,70305,116148,181445,367898,735796,0
5438,138348,156257,572850,867455,138348,156257,572850,867455,1734910,38887
3059,37414,46524,28060,111998,37414,46524,28060,111998,223996,172
7329,6139,4507,375,11021,6139,4507,375,11021,22042,0
5242,9640,14128,15714,39482,9640,14128,15714,39482,78964,0
5293,23036,25485,76120,124641,23036,25485,76120,124641,249282,0
5054,64219,86823,291793,442835,64219,86823,291793,442835,885670,0
5278,48732,131525,122724,302981,48732,131525,122724,302981,605962,0
5712,53646,101398,33982,189026,53646,101398,33982,189026,378052,134636
7476,143230,142022,204660,489912,143230,142022,204660,489912,979824,0
5151,77065,85867,242495,405427,77065,85867,242495,405427,810854,0
5030,4100,9265,14345,27710,4100,9265,14345,27710,55420,0
9231,6340,3373,1642,11355,6340,3373,1642,11355,22710,0
7226,2834,1928,1082,5844,2834,1928,1082,5844,11688,2520
9998,121377,100748,107064,329189,121377,100748,107064,329189,658378,34678
5195,12926,20257,57859,91042,12926,20257,57859,91042,182084,0
2619,15764,51443,20648,87855,15764,51443,20648,87855,175710,0
3388,6044,6427,3408,15879,6044,6427,3408,15879,31758,0
3391,95720,262408,109779,467907,95720,262408,109779,467907,935814,5343
7572,4219,2291,383,6893,4219,2291,383,6893,13786,0
5577,337768,266017,684322,1288107,337768,266017,684322,1288107,2576214,560883
5965,89276,262345,22052,373673,89276,262345,22052,373673,747346,5525
2772,12361,26007,5239,43607,12361,26007,5239,43607,87214,0
2736,21085,10696,3745,35526,21085,10696,3745,35526,71052,0
1585,3818,5699,614,10131,3818,5699,614,10131,20262,0
9753,48065,35787,39460,123312,48065,35787,39460,123312,246624,2429
5759,9798,17071,2808,29677,9798,17071,2808,29677,59354,0
9665,7890,7446,2276,17612,7890,7446,2276,17612,35224,0
2161,27947,61381,17553,106881,27947,61381,17553,106881,213762,0
8184,29603,8478,25039,63120,29603,8478,25039,63120,126240,0
5527,16814,26300,69615,112729,16814,26300,69615,112729,225458,0
1348,18024,21309,9228,48561,18024,21309,9228,48561,97122,0
3896,1436,1002,775,3213,1436,1002,775,3213,6426,0
6956,45682,95617,164928,306227,45682,95617,164928,306227,612454,0
6846,1539,843,3268,5650,1539,843,3268,5650,11300,0
9777,58474,33747,52655,144876,58474,33747,52655,144876,289752,0
2048,80366,27440,16520,124326,80366,27440,16520,124326,248652,0
4111,21572,4187,106,25865,21572,4187,106,25865,51730,797
8130,273,2,65,340,273,2,65,340,680,0
4539,8296,5237,19888,33421,8296,5237,19888,33421,66842,0
5196,45792,129960,195028,370780,45792,129960,195028,370780,741560,0
7187,4034,2414,5305,11753,4034,2414,5305,11753,23506,0
7047,34464,37430,86728,158622,34464,37430,86728,158622,317244,0
5611,124110,151352,337104,612566,124110,151352,337104,612566,1225132,0
6551,3362,6736,1005,11103,3362,6736,1005,11103,22206,0
5396,30573,35697,92882,159152,30573,35697,92882,159152,318304,0
5439,12401,15376,28182,55959,12401,15376,28182,55959,111918,0
8680,5974,6253,0,12227,5974,6253,0,12227,24454,0
6891,164960,187820,644582,997362,164960,187820,644582,997362,1994724,219545
7227,5200,6910,2295,14405,5200,6910,2295,14405,28810,0
7695,1020,52,2127,3199,1020,52,2127,3199,6398,0
2391,68301,58051,23828,150180,68301,58051,23828,150180,300360,0
4528,29856,31709,74821,136386,29856,31709,74821,136386,272772,0
2363,163255,246098,70764,480117,163256,246067,70681,480004,960121,342147
2406,137401,386181,203575,727157,137400,386213,203659,727272,1454429,109847
2098,20286,4421,2999,27706,20286,4421,2999,27706,55412,0
3965,2924,1949,325,5198,2924,1949,325,5198,10396,0
1457,222764,271863,395863,890490,222764,271863,395863,890490,1780980,604522
9781,40578,24533,47001,112112,40578,24533,47001,112112,224224,0
1905,3134,864,1161,5159,3134,864,1161,5159,10318,0
4568,5035,2389,685,8109,5035,2389,685,8109,16218,0
2774,139367,198852,89344,427563,139367,198852,89344,427563,855126,59474
1056,9263,3393,15381,28037,9263,3393,15381,28037,56074,0
5578,1213913,1507075,4548757,7269745,1213913,1507075,4548757,7269745,14539490,1138544
5612,17641,22769,100864,141274,17641,22769,100864,141274,282548,0
5042,144,164,179,487,144,164,179,487,974,0
5924,400216,699885,909849,2009950,400216,699885,909849,2009950,4019900,52544
5528,28544,43435,72646,144625,28544,43435,72646,144625,289250,0
6024,92541,126907,427050,646498,92541,126907,427050,646498,1292996,0
1978,32963,115914,17507,166384,32963,115914,17507,166384,332768,0
3175,155540,448271,200185,803996,155540,448271,200185,803996,1607992,19545
5672,176132,309643,127273,613048,176132,309643,127273,613048,1226096,30614
5697,55401,63090,84852,203343,55401,63090,84852,203343,406686,0
5698,46053,31712,54667,132432,46053,31712,54667,132432,264864,0
2269,18266,38603,4373,61242,18266,38603,4373,61242,122484,0
9694,54911,46922,57859,159692,54911,46922,57859,159692,319384,0
6844,147775,222549,667942,1038266,147775,222549,667942,1038266,2076532,164489
5640,28939,24348,65747,119034,28939,24348,65747,119034,238068,0
1011,14820,41734,28560,85114,14820,41734,28560,85114,170228,0
5341,33726,67859,120432,222017,33726,67859,120432,222017,444034,11868
6860,21844,46749,85945,154538,21844,46749,85945,154538,309076,1238
1539,2783,7997,8699,19479,2783,7997,8699,19479,38958,0
5685,875180,1073149,1623833,3572162,875180,1073149,1623833,3572162,7144324,1406971
5696,259752,383013,362847,1005612,259752,383013,362847,1005612,2011224,105471
5440,22553,31096,72927,126576,22553,31096,72927,126576,253152,0
1218,369264,922888,847896,2140048,369264,922888,847896,2140048,4280096,223569
1364,17994,24686,90059,132739,17994,24686,90059,132739,265478,0
6688,30612,29361,27561,87534,30612,29361,27561,87534,175068,0
4536,1771,1653,2979,6403,1771,1653,2979,6403,12806,0
6954,45142,70244,179604,294990,45142,70244,179604,294990,589980,0
7228,19433,31722,6815,57970,19433,31722,6815,57970,115940,0
7467,11048,13967,60971,85986,11048,13967,60971,85986,171972,0
9639,7883,5761,9036,22680,7883,5761,9036,22680,45360,0
6892,38441,30838,200853,270132,38441,30838,200853,270132,540264,0
6732,4429,2134,4268,10831,4429,2134,4268,10831,21662,0
8578,52664,35622,59440,147726,52664,35622,59440,147726,295452,0
2835,5698,9686,2488,17872,5698,9686,2488,17872,35744,0
5441,23383,29011,127026,179420,23383,29011,127026,179420,358840,0
2773,15372,30625,28454,74451,15372,30625,28454,74451,148902,0
5960,30825,42744,10741,84310,30825,42744,10741,84310,168620,0
5925,23987,12840,25821,62648,23987,12840,25821,62648,125296,0
5152,254032,402936,833131,1490099,254032,402936,833131,1490099,2980198,0
5153,31614,32802,135132,199548,31614,32802,135132,199548,399096,0
4540,2097,911,1845,4853,2097,911,1845,4853,9706,0
4893,228728,243493,271165,743386,228938,243763,271169,743870,1487256,122276
5579,188944,273960,806954,1269858,188944,273960,806954,1269858,2539716,0
4891,137007,143482,147851,428340,136797,143212,147847,427856,856196,65844
2040,52729,15584,14296,82609,52729,15584,14296,82609,165218,0
6574,109783,75550,45289,230622,109783,75550,45289,230622,461244,18763
3390,35503,39744,15197,90444,35503,39744,15197,90444,180888,0
5686,17422,8433,78728,104583,17422,8433,78728,104583,209166,0
7326,5500,3049,1458,10007,5500,3049,1458,10007,20014,0
5279,223868,610760,369308,1203936,223868,610760,369308,1203936,2407872,88326
6907,2013,2207,4648,8868,2013,2207,4648,8868,17736,0
5673,16554,11646,17491,45691,16554,11646,17491,45691,91382,0
1350,2606,2727,0,5333,2606,2727,0,5333,10666,0
8123,247,59,611,917,247,59,611,917,1834,0
4486,7125,3918,626,11669,7125,3918,626,11669,23338,0
4487,179179,98459,14450,292088,179179,98459,14450,292088,584176,7516
5031,14074,23719,30840,68633,14074,23719,30840,68633,137266,0
7514,14976,29015,8378,52369,14976,29015,8378,52369,104738,0
1138,51808,81146,87686,220640,51808,81146,87686,220640,441280,0
7383,22787,34826,9646,67259,22787,34826,9646,67259,134518,0
4532,6747,7873,7778,22398,6747,7873,7778,22398,44796,0
5232,4058,4559,4513,13130,4058,4559,4513,13130,26260,0
4537,39019,48977,87861,175857,39019,48977,87861,175857,351714,0
7917,27791,29619,5409,62819,27791,29619,5409,62819,125638,0
3380,34353,56237,33178,123768,34353,56237,33178,123768,247536,0
3392,54696,72747,42242,169685,54696,72747,42242,169685,339370,0
5827,740,3848,664,5252,740,3848,664,5252,10504,0
5838,22396,76334,6663,105393,22396,76334,6663,105393,210786,0
5856,16838,37942,3161,57941,16838,37942,3161,57941,115882,0
5857,1302,1658,215,3175,1302,1658,215,3175,6350,0
3818,2345,1730,2354,6429,2345,1730,2354,6429,12858,0
9990,27101,22099,16971,66171,27101,22099,16971,66171,132342,0
8263,599453,2273652,554736,3427841,599453,2273652,554736,3427841,6855682,756667
1351,1670,1258,1155,4083,1670,1258,1155,4083,8166,0
4026,41480,48628,48464,138572,41480,48628,48464,138572,277144,0
3871,13681,15177,16076,44934,13681,15177,16076,44934,89868,0
