NLC,Entries Full,Entries Reduced,Entries Season,Entries Total,Exits Full,Exits Reduced,Exits Season,Exits Total,1011 Entries & Exits,1011 interchanges
5131,245558,340264,929284,1515106,245558,340264,929284,1515106,3030212,0
3813,32552,19691,49000,101243,32552,19691,49000,101243,202486,0
3801,59326,17661,30259,107246,59326,17661,30259,107246,214492,33225
3982,120763,65078,76455,262296,120763,65078,76455,262296,524592,0
8976,463973,803574,214604,1482151,463973,803574,214604,1482151,2964302,148594
9090,17535,27266,20092,64893,17535,27266,20092,64893,129786,0
4435,11591,4499,5,16095,11591,4499,5,16095,32190,0
4440,620,190,0,810,620,190,0,810,1620,0
3602,89949,61293,27421,178663,89949,61293,27421,178663,357326,0
2448,20840,13927,3558,38325,20840,13927,3558,38325,76650,0
4303,71237,83307,891,155435,71237,83307,891,155435,310870,0
2552,97451,35288,23952,156691,97451,35288,23952,156691,313382,0
8600,76,24,0,100,76,24,0,100,200,0
8601,1167,682,0,1849,1167,682,0,1849,3698,0
8602,219,150,0,369,219,150,0,369,738,0
7662,44,10,0,54,44,10,0,54,108,0
7286,9307,11696,3082,24085,9307,11696,3082,24085,48170,0
4529,43625,43835,103509,190969,43625,43835,103509,190969,381938,0
2287,3398,1476,3747,8621,3398,1476,3747,8621,17242,0
1404,127070,152512,390186,669768,127070,152512,390186,669768,1339536,0
3000,28181,27314,117883,173378,28181,27314,117883,173378,346756,0
1036,4572,4936,6016,15524,4572,4936,6016,15524,31048,0
9310,3862,5922,1650,11434,3862,5922,1650,11434,22868,0
5550,63897,45770,79539,189206,63897,45770,79539,189206,378412,0
5160,3717,4236,10516,18469,3717,4236,10516,18469,36938,0
2939,3909,3386,631,7926,3909,3386,631,7926,15852,0
2641,26553,11987,13915,52455,26553,11987,13915,52455,104910,0
8353,53249,26903,43830,123982,53249,26903,43830,123982,247964,0
2255,99747,140857,100283,340887,99747,140857,100283,340887,681774,0
2350,151353,221452,113503,486308,151353,221452,113503,486308,972616,0
2125,192448,257350,148831,598629,192448,257350,148831,598629,1197258,0
9695,21786,19420,12725,53931,21786,19420,12725,53931,107862,0
9759,186618,168756,240204,595578,186618,168756,240204,595578,1191156,0
5132,72536,66734,317656,456926,72536,66734,317656,456926,913852,0
4614,15544,12609,11463,39616,15544,12609,11463,39616,79232,0
2760,39967,39486,21760,101213,39967,39486,21760,101213,202426,0
3145,8086,11517,11043,30646,8086,11517,11043,30646,61292,0
5623,223509,291099,231744,746352,223509,291099,231744,746352,1492704,154496
5280,17961,29245,37427,84633,17961,29245,37427,84633,169266,0
6025,97299,119081,341100,557480,97299,119081,341100,557480,1114960,50433
9905,35860,27399,15415,78674,35860,27399,15415,78674,157348,0
9861,52057,57011,64210,173278,52057,57011,64210,173278,346556,0
1805,46555,41085,15013,102653,46555,41085,15013,102653,205306,0
7520,18864,2247,8476,29587,18864,2247,8476,29587,59174,0
9883,50722,110863,35578,197163,50722,110863,35578,197163,394326,0
8605,5353,2000,1538,8891,5353,2000,1538,8891,17782,0
7787,38669,53450,14996,107115,38669,53450,14996,107115,214230,544
6847,5140,5125,20993,31258,5140,5125,20993,31258,62516,0
1223,23377,8907,4953,37237,23377,8907,4953,37237,74474,0
6869,3868,3139,11347,18354,3868,3139,11347,18354,36708,0
6532,1419,2312,484,4215,1419,2312,484,4215,8430,0
8606,71,15,0,86,71,15,0,86,172,0
5544,79686,112198,168355,360239,79686,112198,168355,360239,720478,0
2806,56238,79402,102623,238263,56238,79402,102623,238263,476526,10
1198,31678,13676,23422,68776,31678,13676,23422,68776,137552,0
1678,6082,12150,1568,19800,6082,12150,1568,19800,39600,0
5250,4839,13118,6540,24497,4839,13118,6540,24497,48994,0
506,256769,311906,288184,856859,256769,311906,288184,856859,1713718,0
4236,6584,2550,494,9628,6584,2550,494,9628,19256,0
6358,1105,330,759,2194,1105,330,759,2194,4388,0
9965,85620,29315,173521,288456,85620,29315,173521,288456,576912,0
5510,111706,214253,218883,544842,111706,214253,218883,544842,1089684,874
5397,52331,70964,131156,254451,52331,70964,131156,254451,508902,0
6909,3758,1600,8965,14323,3758,1600,8965,14323,28646,0
5267,71997,181452,128960,382409,71997,181452,128960,382409,764818,0
9451,6694,51084,805,58583,6694,51084,805,58583,117166,0
9972,197152,144129,182698,523979,197152,144129,182698,523979,1047958,0
2662,11963,6102,2054,20119,11963,6102,2054,20119,40238,0
2052,27643,4088,3673,35404,27643,4088,3673,35404,70808,0
5003,4313,5889,6889,17091,4313,5889,6889,17091,34182,0
3109,1073,2278,1094,4445,1073,2278,1094,4445,8890,0
2396,19265,73204,20574,113043,19265,73204,20574,113043,226086,0
1430,52954,63275,84393,200622,52954,63275,84393,200622,401244,0
9079,70927,91805,39374,202106,70927,91805,39374,202106,404212,104
8613,3084,618,0,3702,3084,618,0,3702,7404,0
9962,772,274,0,1046,772,274,0,1046,2092,0
9453,32598,17807,7572,57977,32598,17807,7572,57977,115954,0
9569,32595,37786,44164,114545,32595,37786,44164,114545,229090,240
9455,2947,3472,3017,9436,2947,3472,3017,9436,18872,0
2960,122,132,80,334,122,132,80,334,668,0
9961,157199,121519,113099,391817,157199,121519,113099,391817,783634,0
8821,2465,1330,16,3811,2465,1330,16,3811,7622,0
6171,54095,62597,105648,222340,54095,62597,105648,222340,444680,0
990,1295,1169,3121,5585,1295,1169,3121,5585,11170,0
2054,3391,346,1105,4842,3391,346,1105,4842,9684,0
1963,29318,20934,7679,57931,29318,20934,7679,57931,115862,0
8045,405,624,588,1617,405,624,588,1617,3234,0
9963,2604,1783,5,4392,2604,1783,5,4392,8784,0
5251,21178,70166,46078,137422,21178,70166,46078,137422,274844,0
5666,176388,236811,129020,542219,176388,236811,129020,542219,1084438,261739
3003,369,348,112,829,369,348,112,829,1658,0
5641,35375,45262,54831,135468,35375,45262,54831,135468,270936,44054
5547,53853,60247,104618,218718,53853,60247,104618,218718,437436,136615
2941,8078,13022,14761,35861,8078,13022,14761,35861,71722,0
4700,13037,13879,7566,34482,13037,13879,7566,34482,68964,0
9953,12178,11065,4088,27331,12178,11065,4088,27331,54662,0
5667,110938,102463,243297,456698,110938,102463,243297,456698,913396,0
5004,286188,571943,703404,1561535,286188,571943,703404,1561535,3123070,531339
2850,1108,1337,294,2739,1108,1337,294,2739,5478,0
5347,134487,146183,266904,547574,134487,146183,266904,547574,1095148,0
2790,37987,139914,81662,259563,37987,139914,81662,259563,519126,0
5398,2434,3282,5447,11163,2434,3282,5447,11163,22326,0
5906,14590,15206,20758,50554,14590,15206,20758,50554,101108,0
6083,14640,8209,35011,57860,14640,8209,35011,57860,115720,0
1953,19773,689,9506,29968,19773,689,9506,29968,59936,0
6233,3727,2553,1042,7322,3727,2553,1042,7322,14644,0
2095,10530,3053,1784,15367,10530,3053,1784,15367,30734,0
1380,1645,2337,2841,6823,1645,2337,2841,6823,13646,0
1004,44155,63462,60516,168133,44155,63462,60516,168133,336266,48378
1074,16641,9503,6526,32670,16641,9503,6526,32670,65340,0
2584,35471,89761,80024,205256,35471,89761,80024,205256,410512,0
8608,180,83,0,263,180,83,0,263,526,0
1624,21056,3211,8752,33019,21056,3211,8752,33019,66038,0
7367,28112,36380,16313,80805,28112,36380,16313,80805,161610,0
9457,10008,9862,4422,24292,10008,9862,4422,24292,48584,0
7017,76415,106766,190192,373373,76415,106766,190192,373373,746746,2432
2215,20856,10517,16739,48112,20856,10517,16739,48112,96224,0
8610,26368,37884,1916,66168,26368,37884,1916,66168,132336,72
3265,4700,4164,961,9825,4700,4164,961,9825,19650,0
3200,27325,2628,11884,41837,27325,2628,11884,41837,83674,0
5714,21992,97691,6648,126331,21992,97691,6648,126331,252662,0
1492,164815,162628,206197,533640,164815,162628,206197,533640,1067280,3920
1090,6242,9880,11810,27932,6242,9880,11810,27932,55864,0
5162,17755,13956,16487,48198,17755,13956,16487,48198,96396,0
5197,10839,15739,9805,36383,10839,15739,9805,36383,72766,0
9463,270719,300988,185230,756937,270719,300988,185230,756937,1513874,45178
2187,61359,29060,8170,98589,61359,29060,8170,98589,197178,0
4186,2829,2810,3182,8821,2829,2810,3182,8821,17642,0
5681,29772,20823,22127,72722,29772,20823,22127,72722,145444,0
8552,41848,33734,35303,110885,41848,33734,35303,110885,221770,0
9763,17936,13609,16983,48528,17936,13609,16983,48528,97056,0
5492,9915,17494,31692,59101,9915,17494,31692,59101,118202,0
6084,70858,77134,100456,248448,70858,77134,100456,248448,496896,0
5399,593704,689112,1684754,2967570,593704,689112,1684754,2967570,5935140,367540
9862,82979,102674,87809,273462,82979,102674,87809,273462,546924,0
9013,30,12,139,181,30,12,139,181,362,0
2561,27187,5630,5763,38580,27187,5630,5763,38580,77160,0
2820,6824,5689,315,12828,6824,5689,315,12828,25656,0
8839,1429,1099,0,2528,1429,1099,0,2528,5056,0
4502,227275,452523,248704,928502,227275,452523,248704,928502,1857004,260447
2471,87469,202236,27127,316832,87469,202236,27127,316832,633664,1045
2238,25367,38894,21952,86213,25367,38894,21952,86213,172426,0
5348,15980,7909,33951,57840,15980,7909,33951,57840,115680,0
9466,25528,21058,22268,68854,25528,21058,22268,68854,137708,0
7563,1408,1195,623,3226,1408,1195,623,3226,6452,0
2690,49369,4626,14933,68928,49369,4626,14933,68928,137856,0
9764,14350,12920,17688,44958,14350,12920,17688,44958,89916,0
4011,36587,28373,19094,84054,36587,28373,19094,84054,168108,0
7492,896504,1157493,1203806,3257803,896504,1157493,1203806,3257803,6515606,380395
5133,14510,15429,31631,61570,14510,15429,31631,61570,123140,0
4445,52914,19618,11102,83634,52914,19618,11102,83634,167268,0
5089,102673,139886,550800,793359,102673,139886,550800,793359,1586718,0
5551,229725,185893,488056,903674,229725,185893,488056,903674,1807348,15151
5580,99675,70286,120533,290494,99675,70286,120533,290494,580988,0
6406,6218,20690,3855,30763,6218,20690,3855,30763,61526,2749
5252,83632,158112,249811,491555,83632,158112,249811,491555,983110,834438
9973,13869,10456,5141,29466,13869,10456,5141,29466,58932,0
6774,194879,278257,223841,696977,194879,278257,223841,696977,1393954,14157
5725,9937,156258,4969,171164,9937,156258,4969,171164,342328,0
1096,43089,28811,43773,115673,43089,28811,43773,115673,231346,37522
9674,102385,79327,126481,308193,102385,79327,126481,308193,616386,0
9467,1514,720,168,2402,1514,720,168,2402,4804,0
6212,774,179,0,953,774,179,0,953,1906,0
1954,149273,100595,49118,298986,149273,100595,49118,298986,597972,13303
1903,11822,11500,12359,35681,11822,11500,12359,35681,71362,0
3805,162130,15385,74302,251817,162130,15385,74302,251817,503634,0
3806,56490,3585,14302,74377,56490,3585,14302,74377,148754,0
3807,163726,38745,106702,309173,163726,38745,106702,309173,618346,0
9020,36,1,0,37,36,1,0,37,74,0
6207,19040,2687,1317,23044,19040,2687,1317,23044,46088,0
7494,365931,336348,541119,1243398,365931,336348,541119,1243398,2486796,0
5520,548837,1000156,902829,2451822,548837,1000156,902829,2451822,4903644,677911
5090,9338,12244,16126,37708,9338,12244,16126,37708,75416,0
3271,504301,1621297,483379,2608977,504301,1621297,483379,2608977,5217954,131932
9311,143397,116446,92330,352173,143397,116446,92330,352173,704346,0
8484,40943,41230,54146,136319,40943,41230,54146,136319,272638,0
7909,744,108,-114,738,744,108,-114,738,1476,0
5420,189017,279870,679738,1148625,189017,279870,679738,1148625,2297250,78545
5215,46937,102355,111595,260887,46937,102355,111595,260887,521774,0
6870,1500,1629,2232,5361,1500,1629,2232,5361,10722,0
6006,7447,4603,6153,18203,7447,4603,6153,18203,36406,0
3047,198703,152111,309302,660116,198703,152111,309302,660116,1320232,0
2420,330,142,0,472,330,142,0,472,944,0
9966,95641,72436,79650,247727,95641,72436,79650,247727,495454,0
5091,25040,56342,115462,196844,25040,56342,115462,196844,393688,0
8822,132,57,0,189,132,57,0,189,378,0
5890,1244,1733,536,3513,1244,1733,536,3513,7026,0
8877,12296,11995,638,24929,12296,11995,638,24929,49858,0
2188,235364,216405,149797,601566,235364,216405,149797,601566,1203132,0
7258,13862,26606,1413,41881,13862,26606,1413,41881,83762,0
5076,25384,27883,87539,140806,25384,27883,87539,140806,281612,0
5046,216130,251744,849064,1316938,216130,251744,849064,1316938,2633876,74766
1512,205795,677990,703852,1587637,205795,677990,703852,1587637,3175274,35628
1510,1239,2400,2445,6084,1239,2400,2445,6084,12168,0
5538,20867,16434,20632,57933,20867,16434,20632,57933,115866,0
3245,13993,10269,10741,35003,13993,10269,10741,35003,70006,0
1165,18421,2523,5614,26558,18421,2523,5614,26558,53116,0
3070,6217,28428,12647,47292,6217,28428,12647,47292,94584,0
1625,123382,76254,42469,242105,123382,76254,42469,242105,484210,46452
5198,4620,6823,7782,19225,4620,6823,7782,19225,38450,0
2785,1075,5172,1114,7361,1075,5172,1114,7361,14722,0
9895,90372,77443,52360,220175,90372,77443,52360,220175,440350,19712
5062,47654,41819,224454,313927,47654,41819,224454,313927,627854,0
9714,110229,90759,114224,315212,110229,90759,114224,315212,630424,40363
5350,16887,9710,43280,69877,16887,9710,43280,69877,139754,0
1679,27623,38130,14683,80436,27623,38130,14683,80436,160872,0
5227,2485,1561,3209,7255,2485,1561,3209,7255,14510,0
5092,68876,68485,204280,341641,68876,68485,204280,341641,683282,0
8047,2600,1644,799,5043,2600,1644,799,5043,10086,0
8564,31489,39337,19563,90389,31489,39337,19563,90389,180778,0
7439,376251,346335,720496,1443082,376251,346335,720496,1443082,2886164,0
2676,8077,1692,336,10105,8077,1692,336,10105,20210,0
5624,16199,12750,37948,66897,16199,12750,37948,66897,133794,0
8352,29817,12905,33775,76497,29817,12905,33775,76497,152994,0
3549,1801,11973,7059,20833,1801,11973,7059,20833,41666,0
3550,411,4510,2266,7187,411,4510,2266,7187,14374,0
1390,210730,226429,304799,741958,210730,226429,304799,741958,1483916,0
1045,24156,28127,42053,94336,24156,28127,42053,94336,188672,0
7330,560,283,0,843,560,283,0,843,1686,0
8431,6785,5314,3529,15628,6785,5314,3529,15628,31256,0
5581,38313,38397,102826,179536,38313,38397,102826,179536,359072,0
5323,6208,19150,13086,38444,6208,19150,13086,38444,76888,0
7791,13095,194873,19316,227284,13095,194873,19316,227284,454568,2851
2351,668,1145,29,1842,668,1145,29,1842,3684,0
1003,10015,18282,15657,43954,10015,18282,15657,43954,87908,0
5472,1905,2394,3986,8285,1905,2394,3986,8285,16570,0
6961,64256,81191,163224,308671,64256,81191,163224,308671,617342,0
2449,8576,7534,85,16195,8576,7534,85,16195,32390,0
8048,56726,129918,108358,295002,56726,129918,108358,295002,590004,15
5211,96185,233421,386481,716087,96185,233421,386481,716087,1432174,0
5093,92723,114236,371722,578681,92723,114236,371722,578681,1157362,0
5094,220744,218276,1027414,1466434,220744,218276,1027414,1466434,2932868,0
3048,116840,310982,185973,613795,116840,310982,185973,613795,1227590,0
3104,9421,56804,12498,78723,9421,56804,12498,78723,157446,0
5063,74203,69986,246602,390791,74203,69986,246602,390791,781582,2183
2136,51867,54483,30225,136575,51867,54483,30225,136575,273150,95081
6170,80982,121587,167247,369816,80982,121587,167247,369816,739632,0
4618,14588,11663,23866,50117,14588,11663,23866,50117,100234,0
6871,216237,236697,924957,1377891,216237,236697,924957,1377891,2755782,0
7910,19358,9140,5716,34214,19358,9140,5716,34214,68428,0
5464,36495,68867,113253,218615,36495,68867,113253,218615,437230,0
6235,6209,8579,2468,17256,6209,8579,2468,17256,34512,0
8553,160934,200552,215836,577322,160934,200552,215836,577322,1154644,0
3907,5642,547,3175,9364,5642,547,3175,9364,18728,0
5163,15834,33735,83792,133361,15834,33735,83792,133361,266722,0
2304,112018,76831,74591,263440,112018,76831,74591,263440,526880,0
5401,7834,4582,11407,23823,7834,4582,11407,23823,47646,0
2352,101407,183964,99681,385052,101407,183964,99681,385052,770104,0
2217,182600,205207,110031,497838,182600,205207,110031,497838,995676,0
2219,474223,429647,349845,1253715,474223,429647,349845,1253715,2507430,322081
2145,165593,170086,99213,434892,165593,170086,99213,434892,869784,72777
2220,203901,192301,147747,543949,203901,192301,147747,543949,1087898,0
4513,440,2850,363,3653,440,2850,363,3653,7306,0
1215,580503,841818,799818,2222139,580503,841818,799818,2222139,4444278,54261
4515,457773,967294,956504,2381571,456850,964549,953351,2374750,4756321,323033
1127,2721070,5191290,4426100,12338460,2722384,5195199,4430589,12348172,24686632,4319983
1006,398376,783177,1041273,2222826,397985,782013,1039937,2219935,4442761,154580
7835,32557,11814,2995,47366,32557,11814,2995,47366,94732,0
9940,104354,192165,93978,390497,104354,192165,93978,390497,780994,0
6800,260766,322160,649087,1232013,260766,322160,649087,1232013,2464026,52475
5402,3780,8918,2518,15216,3780,8918,2518,15216,30432,0
9620,87765,63455,98949,250169,87765,63455,98949,250169,500338,0
5945,18931,10930,11943,41804,18931,10930,11943,41804,83608,0
2737,344608,189714,93168,627490,344608,189714,93168,627490,1254980,67778
5112,968174,997403,4388594,6354171,968177,997264,4388463,6353904,12708075,555747
5095,299441,301149,831304,1431894,299441,301149,831304,1431894,2863788,22775
7400,91560,111379,19462,222401,91560,111379,19462,222401,444802,0
2739,334826,476988,44389,856203,334826,476988,44389,856203,1712406,4538
2738,17215,23219,563,40997,17215,23219,563,40997,81994,0
2740,34969,25123,5245,65337,34969,25123,5245,65337,130674,0
991,2350,2620,1227,6197,2350,2620,1227,6197,12394,0
2732,19066,20634,179121,218821,19066,20634,179121,218821,437642,0
5625,49370,106002,61283,216655,49370,106002,61283,216655,433310,0
2450,9595,11768,0,21363,9595,11768,0,21363,42726,0
8750,2251,4558,165,6974,2251,4558,165,6974,13948,0
9760,70271,64071,156843,291185,70271,64071,156843,291185,582370,0
1176,47087,33753,82158,162998,47087,33753,82158,162998,325996,0
4574,10601,4266,23190,38057,10601,4266,23190,38057,76114,0
9716,81983,71059,92060,245102,81983,71059,92060,245102,490204,0
7503,628,217,1297,2142,628,217,1297,2142,4284,0
6204,1516,183,227,1926,1516,183,227,1926,3852,0
1360,53372,129856,220667,403895,53372,129856,220667,403895,807790,60266
1141,6597,8776,5990,21363,6597,8776,5990,21363,42726,0
1018,8157,10002,6712,24871,8157,10002,6712,24871,49742,0
2123,241846,428303,197792,867941,241846,428303,197792,867941,1735882,0
1282,14455,10406,5220,30081,14455,10406,5220,30081,60162,0
3501,7453,99176,11309,117938,7453,99176,11309,117938,235876,0
2435,2463,808,386,3657,2463,808,386,3657,7314,0
5253,107907,287352,200047,595306,107907,287352,200047,595306,1190612,0
9668,5571,3582,3719,12872,5571,3582,3719,12872,25744,0
2599,289182,757071,483340,1529593,289182,757071,483340,1529593,3059186,556220
8536,9284,13958,7348,30590,9284,13958,7348,30590,61180,0
5626,40116,41135,55517,136768,40116,41135,55517,136768,273536,0
1993,4549,341,2583,7473,4549,341,2583,7473,14946,0
2195,158639,198470,108794,465903,158639,198470,108794,465903,931806,67
2239,104607,76309,79872,260788,104607,76309,79872,260788,521576,0
5130,33625,69432,111777,214834,33625,69432,111777,214834,429668,0
4304,23238,6296,510,30044,23238,6296,510,30044,60088,0
5254,12341,16068,22686,51095,12341,16068,22686,51095,102190,0
6216,36474,54212,13225,103911,36474,54212,13225,103911,207822,3702
5894,20656,17241,30071,67968,20656,17241,30071,67968,135936,0
6237,11027,8341,6821,26189,11027,8341,6821,26189,52378,0
3018,25983,37798,54827,118608,25983,37798,54827,118608,237216,75296
5876,341546,681578,268308,1291432,341546,681578,268308,1291432,2582864,58257
1112,95973,150210,146738,392921,95973,150210,146738,392921,785842,0
1381,2409,3879,11659,17947,2409,3879,11659,17947,35894,0
6027,35986,39468,287077,362531,35986,39468,287077,362531,725062,0
9968,6388,4077,5427,15892,6388,4077,5427,15892,31784,0
5403,7060,12604,11722,31386,7060,12604,11722,31386,62772,0
5693,359513,310704,318217,988434,359513,310704,318217,988434,1976868,0
8346,317005,338975,403074,1059054,317005,338976,403074,1059055,2118109,32793
8345,326171,523672,551934,1401777,326171,523672,551934,1401777,2803554,35284
3341,78603,87057,42641,208301,78603,87057,42641,208301,416602,3638
5530,26186,2126,3624,31936,26186,2126,3624,31936,63872,0
6801,59494,100390,255951,415835,59494,100390,255951,415835,831670,0
2053,9368,13270,9726,32364,9368,13270,9726,32364,64728,0
2944,22292,43441,49472,115205,22292,43441,49472,115205,230410,0
5500,26720,55626,43038,125384,26720,55626,43038,125384,250768,0
8496,45747,28846,83148,157741,45747,28846,83148,157741,315482,0
7565,2378,2103,330,4811,2378,2103,330,4811,9622,0
7259,1167,1742,504,3413,1167,1742,504,3413,6826,0
9938,18042,17890,12638,48570,18042,17890,12638,48570,97140,0
7200,19485,17946,4893,42324,19485,17946,4893,42324,84648,0
5875,38123,38221,40237,116581,38123,38221,40237,116581,233162,0
2045,425,54,506,985,425,54,506,985,1970,0
2779,15400,47485,25531,88416,15400,47485,25531,88416,176832,0
9251,30,4,0,34,30,4,0,34,68,0
5552,202241,128946,303387,634574,202241,128946,303387,634574,1269148,0
6872,304270,219494,686701,1210465,304270,219494,686701,1210465,2420930,0
1560,8839,6158,7456,22453,8839,6158,7456,22453,44906,0
9889,49811,38362,27542,115715,49811,38362,27542,115715,231430,0
8823,2183,913,0,3096,2183,913,0,3096,6192,0
3809,270117,315373,216982,802472,270117,315373,216982,802472,1604944,36360
9789,76582,56442,71594,204618,76582,56442,71594,204618,409236,0
3449,39118,80296,13048,132462,39118,80296,13048,132462,264924,0
8049,76158,104856,27935,208949,76158,104856,27935,208949,417898,151
2554,9677,1876,1060,12613,9677,1876,1060,12613,25226,0
6464,334,17,0,351,334,17,0,351,702,0
8514,36953,46033,28607,111593,36953,46033,28607,111593,223186,0
5268,1146641,4059185,2040679,7246505,1146641,4059185,2040679,7246505,14493010,1691352
6810,49879,58444,124437,232760,49879,58444,124437,232760,465520,0
2603,6322,23712,7530,37564,6322,23712,7530,37564,75128,0
3230,298655,558895,199888,1057438,298655,558895,199888,1057438,2114876,442901
3231,1071878,2258900,873892,4204670,1071878,2258900,873892,4204670,8409340,1107555
4012,3442,826,922,5190,3442,826,922,5190,10380,0
7932,188,5,284,477,188,5,284,477,954,0
4187,7584,5408,2882,15874,7584,5408,2882,15874,31748,0
5081,80266,82159,230375,392800,80266,82159,230385,392810,785610,0
2240,65902,206504,48898,321304,65902,206504,48898,321304,642608,0
2892,13464,31999,17777,63240,13464,31999,17777,63240,126480,0
5006,45699,139069,92188,276956,45699,139069,92188,276956,553912,0
5886,103062,179343,395077,677482,103062,179343,395077,677482,1354964,237259
8429,8437,10152,8420,27009,8437,10152,8420,27009,54018,0
5404,267453,396099,700137,1363689,267453,396099,700137,1363689,2727378,0
2190,130248,232334,77459,440041,130248,232334,77459,440041,880082,0
2191,64621,95533,38111,198265,64621,95533,38111,198265,396530,0
2697,42021,60159,68720,170900,42021,60159,68720,170900,341800,0
5096,41873,36507,233682,312062,41873,36507,233682,312062,624124,0
5064,622088,750144,1509599,2881831,622088,750144,1509599,2881831,5763662,604130
4715,79796,37202,115606,232604,79796,37202,115606,232604,465208,0
1437,106467,152455,326830,585752,106467,152455,326830,585752,1171504,0
1438,64353,70598,235766,370717,64353,70598,235766,370717,741434,0
6074,28198,19465,54164,101827,28198,19465,54164,101827,203654,0
5687,109912,89704,256518,456134,109912,89704,256518,456134,912268,53725
4175,468,111,242,821,468,111,242,821,1642,0
8050,293,94,666,1053,293,94,666,1053,2106,0
8618,2250,640,0,2890,2250,640,0,2890,5780,0
8051,42947,85886,41388,170221,42947,85886,41388,170221,340442,2080
9023,1307,715,659,2681,1307,715,659,2681,5362,0
6812,158673,175843,335601,670117,158673,175843,335601,670117,1340234,213561
6958,29175,44958,106680,180813,29175,44958,106680,180813,361626,0
7289,17127,20703,7467,45297,17127,20703,7467,45297,90594,679
7006,2448,2228,829,5505,2448,2228,829,5505,11010,0
8807,31705,14954,17807,64466,31705,14954,17807,64466,128932,0
3623,166153,186790,128683,481626,166153,186790,128683,481626,963252,0
5702,3784,8073,915,12772,3784,8073,915,12772,25544,0
2222,22801,41569,11110,75480,22801,41569,11110,75480,150960,0
7290,22,31,0,53,22,31,0,53,106,0
2422,22545,2138,1053,25736,22545,2138,1053,25736,51472,0
4182,1339,386,389,2114,1339,386,389,2114,4228,0
3502,57,1449,319,1825,57,1449,319,1825,3650,0
4317,3074,1488,0,4562,3074,1488,0,4562,9124,0
1865,11022,6010,7049,24081,11022,6010,7049,24081,48162,0
7085,4719,6275,14691,25685,4719,6275,14691,25685,51370,0
5483,123129,262818,436988,822935,123129,262818,436988,822935,1645870,0
8500,112658,92439,110959,316056,112658,92439,110959,316056,632112,0
8565,66589,80517,73433,220539,66589,80517,73433,220539,441078,0
2945,21747,47085,24760,93592,21747,47085,24760,93592,187184,0
1975,4546,2261,2213,9020,4546,2261,2213,9020,18040,0
3176,124413,170381,234704,529498,124413,170381,234704,529498,1058996,0
6873,23497,29428,77657,130582,23497,29428,77657,130582,261164,0
2743,5244,1190,556,6990,5244,1190,556,6990,13980,0
2550,49477,13092,10377,72946,49477,13092,10377,72946,145892,19
2549,65936,26074,16112,108122,65936,26074,16112,108122,216244,40
9767,58222,46328,59491,164041,58222,46328,59491,164041,328082,0
9107,22550,42628,30795,95973,22550,42628,30795,95973,191946,0
2279,30437,57438,23316,111191,30437,57438,23316,111191,222382,0
2280,5994,10797,1494,18285,5994,10797,1494,18285,36570,0
5927,12747,9656,7729,30132,12747,9656,7729,30132,60264,0
6200,2072,869,759,3700,2072,869,759,3700,7400,0
1658,105218,175332,78948,359498,105218,175332,78948,359498,718996,3555
7008,92109,129385,13256,234750,92109,129385,13256,234750,469500,217
9791,26754,19515,25596,71865,26754,19515,25596,71865,143730,0
6913,64907,76482,163877,305266,64907,76482,163877,305266,610532,0
1395,152236,161053,127690,440979,152236,161053,127690,440979,881958,0
1179,22039,26774,44384,93197,22039,26774,44384,93197,186394,0
4409,760,437,0,1197,760,437,0,1197,2394,0
5324,15644,20284,45712,81640,15644,20284,45712,81640,163280,0
2946,29906,107129,17393,154428,29906,107129,17393,154428,308856,0
5689,62717,41965,90412,195094,62717,41965,90412,195094,390188,0
4124,400,288,0,688,400,288,0,688,1376,0
3811,85529,4562,34766,124857,85529,4562,34766,124857,249714,0
2536,9453,848,792,11093,9453,848,792,11093,22186,0
3812,117522,100691,114451,332664,117522,100691,114451,332664,665328,0
4412,12252,8855,29,21136,12252,8855,29,21136,42272,0
992,1765,2150,1645,5560,1765,2150,1645,5560,11120,0
3680,19899,13349,8398,41646,19899,13349,8398,41646,83292,0
1439,55941,63676,168419,288036,55941,63676,168419,288036,576072,0
3562,1070,13367,2162,16599,1070,13367,2162,16599,33198,0
3238,24344,39085,13122,76551,24344,39085,13122,76551,153102,0
5682,82542,92426,47072,222040,82542,92426,47072,222040,444080,0
3504,13711,83335,26634,123680,13711,83335,26634,123680,247360,0
7022,1002027,1982236,1138445,4122708,1002027,1982236,1138445,4122708,8245416,758860
6962,28634,35929,47362,111925,28634,35929,47362,111925,223850,0
9768,119763,91922,133233,344918,119763,91922,133233,344918,689836,7576
1440,191506,222158,502984,916648,191506,222158,502984,916648,1833296,6074
9878,17297,16688,15318,49303,17297,16688,15318,49303,98606,0
1659,546468,849954,524,1396946,546468,849953,524,1396945,2793891,0
1129,20483,32258,45091,97832,20483,32258,45091,97832,195664,0
1016,37901,61803,12588,112292,37901,61803,12588,112292,224584,0
5142,883105,901938,8479011,10264054,883128,901938,8479147,10264213,20528267,200675
1441,79628,92852,214008,386488,79628,92852,214008,386488,772976,0
5164,133732,261339,183278,578349,133839,261857,184388,580084,1158433,8981
5007,191202,492824,277526,961552,191095,492306,276417,959818,1921370,48053
7292,3029,3460,1845,8334,3029,3460,1845,8334,16668,0
2186,51941,7816,6188,65945,51941,7816,6188,65945,131890,0
3542,210,26999,458,27667,210,26999,458,27667,55334,0
9112,10341,13764,4305,28410,10341,13764,4305,28410,56820,0
3815,192473,52343,131758,376574,192473,52343,131758,376574,753148,0
3899,1653918,2676735,1299331,5629984,1653918,2676735,1299331,5629984,11259968,1271046
3900,655608,125170,424941,1205719,655608,125170,424941,1205719,2411438,617247
9624,26623,18592,30043,75258,26623,18592,30043,75258,150516,0
9969,27549,22359,63920,113828,27549,22359,63920,113828,227656,0
9877,12715,13013,14816,40544,12715,13013,14816,40544,81088,0
1964,15317,8959,3686,27962,15317,8959,3686,27962,55924,0
2118,269389,544281,56600,870270,269389,544281,56600,870270,1740540,250449
6201,4218,2722,3116,10056,4218,2722,3116,10056,20112,0
9702,53465,44614,58862,156941,53465,44614,58862,156941,313882,0
4068,111223,60655,27515,199393,111223,60655,27515,199393,398786,7264
9769,25474,17538,20545,63557,25474,17538,20545,63557,127114,0
2640,52294,31232,14960,98486,52294,31232,14960,98486,196972,11015
9028,21735,13934,10201,45870,21735,13934,10201,45870,91740,0
9897,42208,32506,30889,105603,42208,32506,30889,105603,211206,0
1442,138691,150594,63603,352888,138691,150594,63603,352888,705776,0
8621,1479,914,166,2559,1479,914,166,2559,5118,0
5405,128306,126969,338113,593388,128306,126969,338113,593388,1186776,0
5406,91593,83400,220389,395382,91593,83400,220389,395382,790764,0
9704,2610,794,1936,5340,2610,794,1936,5340,10680,1969
9680,19192,15868,16903,51963,19192,15868,16903,51963,103926,0
3098,14459,17767,30020,62246,14459,17767,30020,62246,124492,0
5703,13061,87583,28966,129610,13061,87583,28966,129610,259220,18006
8359,57942,87299,51647,196888,57942,87299,51647,196888,393776,6814
2919,11733,34395,17168,63296,11733,34395,17168,63296,126592,0
7914,2137,445,0,2582,2137,445,0,2582,5164,0
5351,102420,86218,295062,483700,102420,86218,295062,483700,967400,0
5077,78891,66706,321273,466870,78893,67018,321868,467779,934649,35437
5047,139702,164084,613322,917108,139700,163773,612738,916211,1833319,22063
3820,172494,58604,119443,350541,172494,58604,119443,350541,701082,0
9795,82055,62149,104679,248883,82055,62149,104679,248883,497766,1691
8232,10227,10308,6059,26594,10227,10308,6059,26594,53188,0
3568,68,1258,11,1337,68,1258,11,1337,2674,0
2425,3921,407,314,4642,3921,407,314,4642,9284,0
6874,189675,214434,668389,1072498,189675,214434,668389,1072498,2144996,0
7447,315853,459360,267549,1042762,315853,459360,267549,1042762,2085524,0
539,134896,140727,67621,343244,134896,140727,67621,343244,686488,0
7469,173486,125044,429977,728507,173486,125044,429977,728507,1457014,0
5836,40302,33684,38825,112811,40302,33684,38825,112811,225622,0
2762,5089,15029,2197,22315,5089,15029,2197,22315,44630,0
5820,25,70,0,95,25,70,0,95,190,0
6664,53827,39006,59239,152072,53827,39006,59239,152072,304144,0
7051,2205,7431,6742,16378,2205,7431,6742,16378,32756,0
5097,8938,10636,18331,37905,8938,10636,18331,37905,75810,0
5143,2708113,5078859,10823861,18610833,2708125,5079119,10824221,18611465,37222298,1044729
9911,268038,164681,385272,817991,268038,164681,385272,817991,1635982,0
3004,25028,57132,40133,122293,25028,57132,40133,122293,244586,0
5144,137811,170710,527904,836425,137811,170710,527904,836425,1672850,315428
5008,9970,11798,10400,32168,9970,11798,10400,32168,64336,0
2947,5213,3917,11060,20190,5213,3917,11060,20190,40380,0
9707,9696,8085,10777,28558,9696,8085,10777,28558,57116,0
5199,300809,442099,699057,1441965,300809,442099,699057,1441965,2883930,2018
7792,896,93,332,1321,896,93,332,1321,2642,0
2870,77890,130489,99726,308105,77890,130489,99726,308105,616210,2701
5352,108163,108310,309395,525868,108163,108310,309395,525868,1051736,0
1372,8653,9238,17451,35342,8653,9238,17451,35342,70684,0
2764,5684,6840,2393,14917,5684,6840,2393,14917,29834,0
6836,694810,797505,2175661,3667976,694810,797505,2175661,3667976,7335952,43626
5098,55826,39845,357412,453083,55826,39845,357412,453083,906166,0
4731,244459,517014,102150,863623,244459,517014,102150,863623,1727246,152426
3774,50533,30199,13455,94187,50533,30199,13455,94187,188374,0
2573,12739,2721,1096,16556,12739,2721,1096,16556,33112,0
5553,90053,59023,157168,306244,90053,59023,157168,306244,612488,0
6814,186184,195270,413587,795041,186184,195270,413587,795041,1590082,135041
5582,49581,65250,151428,266259,49581,65250,151428,266259,532518,0
5554,63339,52664,135288,251291,63339,52664,135288,251291,502582,0
2412,556273,796133,173997,1526403,556273,796133,173997,1526403,3052806,723987
1130,79076,88190,116564,283830,79076,88190,116564,283830,567660,0
6615,221007,389979,122009,732995,221007,389979,122009,732995,1465990,157485
7736,39577,26623,36586,102786,39577,26623,36586,102786,205572,0
5200,10297,14003,47087,71387,10297,14003,47087,71387,142774,0
5840,570,618,5,1193,570,618,5,1193,2386,0
5255,327218,636958,607921,1572097,327218,636958,607921,1572097,3144194,20788
5009,3739,8204,6779,18722,3739,8204,6779,18722,37444,0
5296,3381,3163,3671,10215,3381,3163,3671,10215,20430,0
6914,138840,161974,359149,659963,138840,161974,359149,659963,1319926,0
2823,17532,15024,17673,50229,17532,15024,17673,50229,100458,2841
3267,155175,427531,244066,826772,155175,427531,244066,826772,1653544,8996
5353,18852,15528,41034,75414,18852,15528,41034,75414,150828,0
4449,18036,9683,2459,30178,18036,9683,2459,30178,60356,0
5099,106852,109978,333987,550817,106852,109978,333987,550817,1101634,0
5583,141144,104528,190297,435969,141144,104528,190297,435969,871938,0
3031,15710,40382,37600,93692,15710,40382,37600,93692,187384,0
2745,178954,110004,120816,409774,178954,110004,120816,409774,819548,0
546,87317,112454,104686,304457,87317,112454,104686,304457,608914,0
5879,68348,91861,66763,226972,68348,91861,66763,226972,453944,0
5319,11843,22895,37321,72059,11843,22895,37321,72059,144118,0
2556,13731,2612,3434,19777,13731,2612,3434,19777,39554,0
8233,20201,1681,13435,35317,20201,1681,13435,35317,70634,917
4365,32601,12821,14073,59495,32601,12821,14073,59495,118990,0
3785,539,306,0,845,539,306,0,845,1690,0
5121,406204,530592,1736089,2672885,406208,530619,1736384,2673211,5346096,2288
6850,66553,155297,135149,356999,66553,155297,135149,356999,713998,0
5555,23859,21106,49185,94150,23859,21106,49185,94150,188300,0
2653,2865,555,56,3476,2865,555,56,3476,6952,0
5301,36965,29877,77237,144079,36965,29877,77237,144079,288158,0
5595,2584913,2665737,4585021,9835671,2584913,2665737,4585021,9835671,19671342,20667636
6926,97627,159499,242574,499700,97627,159499,242574,499700,999400,2
4069,2355,1061,0,3416,2355,1061,0,3416,6832,0
9792,89533,66364,102046,257943,89533,66364,102046,257943,515886,0
4593,468,339,340,1147,468,339,340,1147,2294,0
5556,64191,67674,166373,298238,64191,67674,166373,298238,596476,0
6274,36039,84907,1604,122550,36039,84907,1604,122550,245100,0
9718,13673,13019,10684,37376,13673,13019,10684,37376,74752,0
2795,13,72,0,85,13,72,0,85,170,0
3202,112219,24757,79568,216544,112219,24757,79568,216544,433088,0
2574,77549,40891,16403,134843,77549,40891,16403,134843,269686,0
5048,98224,108684,359731,566639,98224,108684,359731,566639,1133278,0
4070,7929,3107,0,11036,7929,3107,0,11036,22072,0
9855,72251,63402,60947,196600,72251,63402,60947,196600,393200,0
9747,10730,8044,5603,24377,10730,8044,5603,24377,48754,0
9752,82386,77438,110046,269870,82386,77438,110046,269870,539740,0
9762,50562,46656,68107,165325,50562,46656,68107,165325,330650,0
5557,81431,86350,124446,292227,81431,86350,124446,292227,584454,0
4616,16329,16449,19698,52476,16329,16449,19698,52476,104952,0
3828,70966,5119,26386,102471,70966,5119,26386,102471,204942,0
6861,324196,714496,1143225,2181917,324111,714251,1142635,2180997,4362914,318131
6853,40810,68455,80891,190156,40895,68700,81481,191076,381232,0
9882,36144,13668,26084,75896,36144,13668,26084,75896,151792,0
6349,16228,1998,5922,24148,16228,1998,5922,24148,48296,0
5457,17369,24681,33380,75430,17369,24681,33380,75430,150860,0
2562,32698,8169,3707,44574,32698,8169,3707,44574,89148,0
4876,11046,10131,9501,30678,11046,10131,9501,30678,61356,12
2451,63844,67664,18103,149611,63844,67664,18103,149611,299222,3846
3005,336,636,301,1273,336,636,301,1273,2546,0
7515,1299,245,442,1986,1299,245,442,1986,3972,0
1227,42038,50630,31006,123674,42038,50630,31006,123674,247348,0
6488,12327,14570,16150,43047,12327,14570,16150,43047,86094,0
8708,1313,715,0,2028,1313,715,0,2028,4056,0
8470,27625,9454,33726,70805,27625,9454,33726,70805,141610,0
3624,295558,393161,173063,861782,295558,393161,173063,861782,1723564,0
2486,7406,6041,2631,16078,7406,6041,2631,16078,32156,0
5458,9185,31878,15956,57019,9185,31878,15956,57019,114038,0
3019,20184,32422,48638,101244,20184,32422,48638,101244,202488,0
5336,2646,2364,15675,20685,2646,2364,15675,20685,41370,0
3570,5,14,0,19,5,14,0,19,38,0
5821,551,4403,58,5012,551,4403,58,5012,10024,0
7504,10131,26264,4449,40844,10131,26264,4449,40844,81688,0
1847,16885,53334,18134,88353,16885,53334,18134,88353,176706,615
9627,45817,25741,34419,105977,45817,25741,34419,105977,211954,0
2049,8280,278,2935,11493,8280,278,2935,11493,22986,0
8824,810,467,0,1277,810,467,0,1277,2554,0
8825,4811,1580,0,6391,4811,1580,0,6391,12782,0
3905,86948,3525,51855,142328,86948,3525,51855,142328,284656,0
1143,28042,45622,62315,135979,28042,45622,62315,135979,271958,0
4617,13525,24460,4551,42536,13525,24460,4551,42536,85072,0
5896,165376,181736,80480,427592,165376,181736,80480,427592,855184,0
8056,22235,34299,40005,96539,22235,34299,40005,96539,193078,0
8505,15941,7910,21584,45435,15941,7910,21584,45435,90870,0
5408,150262,179568,415188,745018,150262,179568,415188,745018,1490036,0
1030,588730,1104922,884226,2577878,588730,1104922,884226,2577878,5155756,192952
5409,3448,5554,10019,19021,3448,5554,10019,19021,38042,0
9185,21520,34794,14263,70577,21520,34794,14263,70577,141154,0
4639,67419,101740,173757,342916,67419,101740,173757,342916,685832,0
9970,21388,23168,54747,99303,21388,23168,54747,99303,198606,0
7579,15886,11510,15331,42727,15886,11510,15331,42727,85454,0
3634,27497,13372,8387,49256,27497,13372,8387,49256,98512,5032
5484,205458,404289,367142,976889,205458,404289,367142,976889,1953778,6413
5100,101752,116645,451977,670374,101752,116645,451977,670374,1340748,0
5754,3582,17070,1385,22037,3582,17070,1385,22037,44074,0
6837,2565,2217,9986,14768,2565,2217,9986,14768,29536,0
2225,62752,87615,60171,210538,62752,87615,60171,210538,421076,0
1874,7331,13775,2755,23861,7331,13775,2755,23861,47722,0
1243,370613,562091,190533,1123237,370613,562091,190533,1123237,2246474,1111836
5832,10501,44272,2700,57473,10501,44272,2700,57473,114946,0
6007,10118,70158,18686,98962,10118,70158,18686,98962,197924,0
8826,3742,3030,0,6772,3742,3030,0,6772,13544,2149
4312,6136,2630,2338,11104,6136,2630,2338,11104,22208,0
1519,93512,111104,291369,495985,93512,111104,291369,495985,991970,0
9778,27450,25280,33349,86079,27450,25280,33349,86079,172158,0
5078,59387,47880,178732,285999,59387,47880,178732,285999,571998,0
7295,33552,51785,4052,89389,33552,51785,4052,89389,178778,0
1822,6498,7956,1094,15548,6498,7956,1094,15548,31096,0
9628,24556,18399,17158,60113,24556,18399,17158,60113,120226,0
8473,73613,66527,100032,240172,73613,66527,100032,240172,480344,0
8554,52789,45777,68675,167241,52789,45777,68675,167241,334482,0
9814,46695,35183,60972,142850,46695,35183,60972,142850,285700,0
9902,20083,20891,12863,53837,20083,20891,12863,53837,107674,0
9796,83448,59168,89522,232138,83448,59168,89522,232138,464276,0
2313,8457,10642,1726,20825,8457,10642,1726,20825,41650,0
7406,45280,46926,68344,160550,45280,46926,68344,160550,321100,0
5325,32366,44967,104459,181792,32366,44967,104459,181792,363584,0
5233,3629,7154,8779,19562,3629,7154,8779,19562,39124,0
6524,3723,9546,2556,15825,3723,9546,2556,15825,31650,0
5628,31590,52313,50804,134707,31590,52313,50804,134707,269414,0
9943,145659,249258,175115,570032,145659,249258,175115,570032,1140064,0
5356,208810,243845,481628,934283,208810,243845,481628,934283,1868566,426251
2305,12450,14617,2425,29492,12450,14617,2425,29492,58984,0
6008,73771,67300,170923,311994,73771,67300,170923,311994,623988,0
3107,4476,3430,15101,23007,4476,3430,15101,23007,46014,0
8625,583,271,0,854,583,271,0,854,1708,0
9721,40468,45504,27688,113660,40468,45504,27688,113660,227320,2517
9121,35882,47934,18013,101829,35882,47934,18013,101829,203658,0
9218,10516,6980,7139,24635,10516,6980,7139,24635,49270,0
5201,7434,6736,5339,19509,7434,6736,5339,19509,39018,0
3981,7536,1218,863,9617,7536,1218,863,9617,19234,0
3738,105067,25196,28528,158791,105067,25196,28528,158791,317582,0
4147,637,177,0,814,637,177,0,814,1628,0
7440,31236,31580,109345,172161,31236,31580,109345,172161,344322,0
2777,19457,41318,59965,120740,19457,41318,59965,120740,241480,0
9135,39491,39175,44729,123395,39491,39175,44729,123395,246790,0
8711,1872,476,0,2348,1872,476,0,2348,4696,0
9790,14616,12919,10956,38491,14616,12919,10956,38491,76982,0
9415,44399,54307,76947,175653,44399,54307,76947,175653,351306,0
9992,133732,93986,144374,372092,133732,93986,144374,372092,744184,55526
9864,39306,36140,93159,168605,39306,36140,93159,168605,337210,0
9483,28350,25175,30272,83797,28350,25175,30272,83797,167594,0
2077,7877,1065,3470,12412,7877,1065,3470,12412,24824,0
1429,220233,345903,716361,1282497,220233,345903,716361,1282497,2564994,187533
1443,164936,324380,176474,665790,164936,324380,176474,665790,1331580,182753
1957,12262,7573,2305,22140,12262,7573,2305,22140,44280,0
8628,492,455,0,947,492,455,0,947,1894,0
7915,3214,880,1345,5439,3214,880,1345,5439,10878,0
3797,20048,929,9879,30856,20048,929,9879,30856,61712,0
4519,1431,952,1111,3494,1431,952,1111,3494,6988,0
7877,336070,624944,143623,1104637,336070,624944,143623,1104637,2209274,303643
6729,2133,889,2457,5479,2133,889,2457,5479,10958,0
7211,5331,15809,577,21717,5331,15809,577,21717,43434,0
5101,284838,398673,840839,1524350,284838,398673,840839,1524350,3048700,297168
8420,21980,26016,28090,76086,21980,26016,28090,76086,152172,0
2576,58261,46838,25950,131049,58261,46838,25950,131049,262098,0
5668,55309,52226,55325,162860,55309,52226,55325,162860,325720,0
2770,23163,42491,39786,105440,23163,42491,39786,105440,210880,0
3408,28957,155272,34642,218871,28957,155272,34642,218871,437742,0
3409,3536,59723,1902,65161,3536,59723,1902,65161,130322,0
5011,40767,93396,112468,246631,40767,93396,112468,246631,493262,0
5942,3542,5299,4514,13355,3542,5299,4514,13355,26710,0
2963,31533,91401,38404,161338,31533,91415,38422,161370,322708,0
5412,58223,84917,50416,193556,57354,83162,48122,188638,382194,91050
2480,4189,1676,915,6780,4189,1676,915,6780,13560,0
8441,10901,7321,8162,26384,10901,7321,8162,26384,52768,0
2306,4033,13006,430,17469,4033,13006,430,17469,34938,0
8432,27501,26609,14589,68699,27501,26609,14589,68699,137398,0
3052,46939,37598,61337,145874,46939,37598,61337,145874,291748,0
3060,3340,1479,4911,9730,3340,1479,4911,9730,19460,0
5421,350615,388562,1066604,1805781,350615,388562,1066604,1805781,3611562,76386
2103,4204,1075,0,5279,4204,1075,0,5279,10558,0
2855,14,12,0,26,14,12,0,26,52,0
5145,83016,133606,237081,453703,83016,133606,237081,453703,907406,0
1823,464869,905172,260020,1630061,464869,905172,260020,1630061,3260122,459752
7212,7296,9486,1990,18772,7296,9486,1990,18772,37544,0
3579,2114,4505,6884,13503,2114,4505,6884,13503,27006,0
8326,165444,264564,297934,727942,165444,264564,297934,727942,1455884,0
3030,234400,543379,559376,1337155,234400,543379,559376,1337155,2674310,161059
5753,40178,80764,34166,155108,40178,80764,34166,155108,310216,0
5502,2218,1897,2125,6240,2218,1897,2125,6240,12480,0
3901,23357,3189,2649,29195,23357,3189,2649,29195,58390,0
3830,28944,2364,8228,39536,28944,2364,8228,39536,79072,0
3861,9943,645,1417,12005,9943,645,1417,12005,24010,0
8632,24263,14990,3207,42460,24263,14990,3207,42460,84920,598
7897,6743,885,3099,10727,6743,885,3099,10727,21454,0
2893,10085,22300,23201,55586,10085,22300,23201,55586,111172,0
2765,10727,28239,22838,61804,10727,28239,22838,61804,123608,0
7348,66467,143815,90170,300452,66467,143815,90170,300452,600904,0
3588,300,1091,1312,2703,300,1091,1312,2703,5406,0
6781,6014,5393,4013,15420,6014,5393,4013,15420,30840,0
4188,478,284,453,1215,478,284,453,1215,2430,0
5036,268,74,1605,1947,268,74,1605,1947,3894,0
2538,167,69,0,236,167,69,0,236,472,0
2452,1442,1034,0,2476,1442,1034,0,2476,4952,0
6417,504397,877217,510762,1892376,504397,877217,510762,1892376,3784752,737717
5961,85806,149514,24887,260207,85806,149514,24887,260207,520414,204
5962,14310,19869,3459,37638,14310,19869,3459,37638,75276,0
6690,22961,13282,10171,46414,22961,13282,10171,46414,92828,0
5357,122548,190595,277767,590910,123417,192350,280040,595807,1186717,75499
5297,4,7,0,11,4,7,0,11,22,0
5413,8437,11434,35790,55661,8437,11434,35790,55661,111322,0
4525,58037,105458,141479,304974,58037,105458,141479,304974,609948,0
2766,625,2098,0,2723,625,2098,0,2723,5446,0
5033,123075,233432,110700,467207,123075,233432,110700,467207,934414,157992
6901,14735,22757,21571,59063,14735,22757,21571,59063,118126,0
4436,594,147,0,741,594,147,0,741,1482,941
7055,48721,96358,58266,203345,48721,96358,58266,203345,406690,0
3099,14635,14089,23642,52366,14635,14089,23642,52366,104732,0
6000,64352,37030,137690,239072,64352,37030,137690,239072,478144,0
9317,18445,13823,17836,50104,18445,13823,17836,50104,100208,0
8057,30168,55287,37751,123206,30168,55287,37751,123206,246412,0
1994,4188,318,1279,5785,4188,318,1279,5785,11570,0
4878,140950,39705,52229,232884,140950,39705,52229,232884,465768,61928
6616,36655,22777,12682,72114,36655,22777,12682,72114,144228,0
9994,69511,54619,61299,185429,69511,54619,61299,185429,370858,0
9967,10887,10883,8927,30697,10887,10883,8927,30697,61394,0
9757,6644,5927,16704,29275,6644,5927,16704,29275,58550,0
9993,42563,38436,33684,114683,42563,38436,33684,114683,229366,0
1040,20628,13106,36756,70490,20628,13106,36756,70490,140980,0
1212,32955,48887,58130,139972,32955,48887,58130,139972,279944,0
1691,11898,7278,5793,24969,11898,7278,5793,24969,49938,0
8681,354,50,0,404,354,50,0,404,808,0
9906,16828,14399,8813,40040,16828,14399,8813,40040,80080,0
7027,3578,2582,7078,13238,3578,2582,7078,13238,26476,0
9866,113860,92786,158982,365628,113860,92786,158982,365628,731256,121652
9868,66183,65835,46149,178167,66183,65835,46149,178167,356334,0
9622,22100,17982,14711,54793,22100,17982,14711,54793,109586,0
9490,26957,149098,3827,179882,26957,149098,3827,179882,359764,69
5034,3675,5057,8916,17648,3675,5057,8916,17648,35296,0
9397,11832,91874,63252,166958,11832,91874,63252,166958,333916,0
8713,70304,130252,48280,248836,70304,130252,48280,248836,497672,0
5944,4116,5310,4049,13475,4116,5310,4049,13475,26950,0
8682,265,36,0,301,265,36,0,301,602,0
9039,250428,499623,109871,859922,250428,499623,109871,859922,1719844,52468
9186,77489,120303,101443,299235,77489,120303,101443,299235,598470,0
9187,30504,34467,34890,99861,30504,34467,34890,99861,199722,0
8763,5577,7260,252,13089,5577,7260,252,13089,26178,0
9492,18337,14106,15449,47892,18337,14106,15449,47892,95784,0
8642,199,98,0,297,199,98,0,297,594,0
7744,61,81,982,1124,61,81,982,1124,2248,0
5102,5987,5380,52159,63526,5987,5380,52159,63526,127052,0
7745,241360,692480,156182,1090022,241360,692480,156182,1090022,2180044,3416
5282,68081,128711,146293,343085,68081,128711,146293,343085,686170,0
8905,176740,55286,57804,289830,176740,55286,57804,289830,579660,0
4455,6121,2083,1933,10137,6121,2083,1933,10137,20274,0
7916,31552,19956,10132,61640,31552,19956,10132,61640,123280,0
3190,588661,816551,920298,2325510,588661,816551,920298,2325510,4651020,91526
2292,54428,111136,43601,209165,54428,111136,43601,209165,418330,39842
5694,82455,88418,94470,265343,82455,88418,94470,265343,530686,0
5584,538917,531843,1635855,2706615,538917,531843,1635855,2706615,5413230,0
5414,28885,24858,152446,206189,28885,24858,152446,206189,412378,0
4520,3539,10723,1924,16186,3539,10723,1924,16186,32372,0
5355,1903573,2522262,5626631,10052466,1902998,2521666,5623508,10048172,20100638,7113300
2949,37172,66142,51793,155107,37172,66142,51793,155107,310214,0
5358,179708,206037,530691,916436,179708,206037,530691,916436,1832872,0
5234,4221,3314,5131,12666,4221,3314,5131,12666,25332,0
8472,27413,30433,75925,133771,27413,30433,75925,133771,267542,0
5486,108708,188457,381108,678273,108708,188457,381108,678273,1356546,0
9793,154382,113170,187405,454957,154382,113170,187405,454957,909914,0
5134,7219,9604,35647,52470,7219,9604,35647,52470,104940,0
1901,34816,66022,9029,109867,34816,66022,9029,109867,219734,17941
7471,52209,49093,57875,159177,52209,49093,57875,159177,318354,0
5283,29347,40505,102512,172364,29347,40505,102512,172364,344728,0
5448,213183,811641,742444,1767268,213183,811641,742444,1767268,3534536,23424
3795,56606,2294,24466,83366,56606,2294,24466,83366,166732,0
9894,61855,48544,97866,208265,61855,48544,97866,208265,416530,0
2128,82666,114105,50042,246813,82666,114105,50042,246813,493626,0
5899,219101,245089,287855,752045,219101,245089,287855,752045,1504090,139163
8114,124,108,711,943,124,108,711,943,1886,0
5566,94596,126829,137231,358656,94596,126829,137231,358656,717312,32864
9915,29250,78306,15803,123359,29250,78306,15803,123359,246718,0
2950,14334,26461,20121,60916,14334,26461,20121,60916,121832,0
7370,429,112,297,838,429,112,297,838,1676,0
2227,13817,54014,13202,81033,13817,54014,13202,81033,162066,0
2824,12313,20525,1183,34021,12313,20525,1183,34021,68042,0
5056,52599,54681,147128,254408,52599,54681,147128,254408,508816,0
5473,18006,33959,47997,99962,18491,35273,51075,104839,204801,9085
5359,21391,39355,92775,153521,20907,38040,89697,148644,302165,6568
2169,19106,34939,7477,61522,19106,34939,7477,61522,123044,27799
9328,2073236,6166878,1738559,9978673,2073236,6166878,1738559,9978673,19957346,818978
9395,114410,59816,85213,259439,114410,59816,85213,259439,518878,0
6941,119447,237582,590103,947132,119447,237582,590103,947132,1894264,15273
5642,36706,39672,57815,134193,36706,39672,57815,134193,268386,13385
5822,949,11228,573,12750,949,11228,573,12750,25500,0
5669,314889,366703,353049,1034641,314889,366703,353049,1034641,2069282,0
7918,1234,376,3105,4715,1234,376,3105,4715,9430,0
5246,161371,284375,878637,1324383,161373,284214,878451,1324038,2648421,23573
8977,51713,82307,14753,148773,51713,82307,14753,148773,297546,0
2121,107554,22295,15678,145527,107554,22295,15678,145527,291054,366
5049,81958,75351,341223,498532,81958,75351,341223,498532,997064,0
5135,101029,93348,386643,581020,101029,93348,386643,581020,1162040,0
7349,14843,11781,6245,32869,14843,11781,6245,32869,65738,0
6667,22260,22794,18760,63814,22260,22794,18760,63814,127628,0
6832,19322,16181,51037,86540,19322,16181,51037,86540,173080,0
1542,261489,450469,791643,1503601,261489,450469,791643,1503601,3007202,0
5103,222583,214287,632797,1069667,222583,214287,632797,1069667,2139334,0
6238,34,8,0,42,34,8,0,42,84,0
7068,181870,319580,364528,865978,181870,319580,364528,865978,1731956,221222
7473,15223,7177,18674,41074,15223,7177,18674,41074,82148,0
5257,46732,98292,68993,214017,46732,98292,68993,214017,428034,1260
6010,109846,117998,395698,623542,109844,117986,395331,623161,1246703,13988
6815,75915,103694,210165,389774,75915,103694,210165,389774,779548,0
6959,121262,167605,410845,699712,121264,167617,411212,700093,1399805,0
2747,1792,3261,718,5771,1792,3261,718,5771,11542,0
5360,482862,509610,813368,1805840,482862,509610,813368,1805840,3611680,170783
5361,13965,5702,15169,34836,13965,5702,15169,34836,69672,0
1041,84791,98462,108639,291892,84791,98462,108639,291892,583784,0
5459,10568,13826,36893,61287,10568,13826,36893,61287,122574,0
5104,65073,87515,207949,360537,65073,87515,207949,360537,721074,0
5558,129358,121085,282085,532528,129358,121085,282085,532528,1065056,0
6004,61405,37493,138272,237170,61405,37493,138272,237170,474340,0
5217,14793,29421,69142,113356,14793,29421,69142,113356,226712,0
1444,2606043,9371296,5064592,17041931,2604734,9367473,5059275,17031482,34073413,1808443
2080,17669,7448,3839,28956,17669,7448,3839,28956,57912,0
4740,22580,72915,15302,110797,22580,72915,15302,110797,221594,108
5415,68617,34798,96769,200184,68617,34798,96769,200184,400368,0
5586,136371,135671,279255,551297,136371,135671,279255,551297,1102594,0
5755,131283,571018,128441,830742,131283,571018,128441,830742,1661484,36280
3410,168016,889086,75923,1133025,168016,889086,75923,1133025,2266050,638146
3414,10804,39719,7563,58086,10804,39719,7563,58086,116172,0
9914,186155,230826,168918,585899,186155,230826,168918,585899,1171798,0
5756,49250,301293,39022,389565,49250,301293,39022,389565,779130,0
5760,2371,6458,827,9656,2371,6458,827,9656,19312,0
5065,13649,14629,48045,76323,13649,14629,48045,76323,152646,0
4416,15695,5646,1574,22915,15695,5646,1574,22915,45830,0
2780,1862,4092,2054,8008,1862,4092,2054,8008,16016,0
9452,8057,6798,5902,20757,8057,6798,5902,20757,41514,0
3873,9318,610,5514,15442,9318,610,5514,15442,30884,0
5137,102357,77051,311464,490872,102357,77051,311464,490872,981744,0
9930,77879,109571,67191,254641,77879,109571,67191,254641,509282,22499
9931,132438,205745,165908,504091,132438,205745,165908,504091,1008182,4161
8726,62,38,0,100,62,38,0,100,200,0
5337,115315,275733,109580,500628,115315,275733,109580,500628,1001256,0
3508,2590,37438,6445,46473,2590,37438,6445,46473,92946,0
3591,7357,63485,12981,83823,7357,63485,12981,83823,167646,0
6875,6331,5379,28461,40171,6331,5379,28461,40171,80342,0
5900,265385,298760,221399,785544,265385,298760,221399,785544,1571088,136440
5521,407237,441650,636004,1484891,407237,441650,636004,1484891,2969782,3151
5688,34337,47639,74423,156399,34337,47639,74423,156399,312798,0
5643,105867,104332,192892,403091,105867,104332,192892,403091,806182,0
5545,208889,225277,346789,780955,208889,225277,346789,780955,1561910,282
5105,15384,22073,65918,103375,15384,22073,65918,103375,206750,0
2811,2795,9614,5999,18408,2795,9614,5999,18408,36816,0
577,213369,169189,1933312,2315870,213369,169189,1933653,2316211,4632081,206441
9245,10347,8307,3598,22252,10347,8307,3598,22252,44504,0
5167,111500,223489,399234,734223,111500,223489,399234,734223,1468446,397350
5493,1347,380,2362,4089,1347,380,2362,4089,8178,0
2126,150001,163133,118920,432054,150001,163133,118920,432054,864108,0
8637,1283,1238,839,3360,1283,1238,839,3360,6720,0
8544,16797,18307,3773,38877,16797,18307,3773,38877,77754,0
7214,29285,57396,10312,96993,29285,57396,10312,96993,193986,0
5559,463500,463518,775949,1702967,463500,463518,775949,1702967,3405934,0
7490,1838761,1478742,5019766,8337269,1838761,1478742,5019732,8337235,16674504,213413
5808,8257,19157,4831,32245,8257,19157,4831,32245,64490,0
1377,1849,3676,3147,8672,1849,3676,3147,8672,17344,0
3862,9337,1361,759,11457,9337,1361,759,11457,22914,0
8061,13991,3061,8205,25257,13991,3061,8205,25257,50514,0
4074,5937,2053,2737,10727,5937,2053,2737,10727,21454,0
4066,766,385,0,1151,766,385,0,1151,2302,0
8062,30024,22106,5197,57327,30024,22106,5197,57327,114654,0
3235,142420,55982,141233,339635,142420,55982,141233,339635,679270,0
1445,96374,108265,247022,451661,96374,108265,247022,451661,903322,0
6119,865409,1145342,1658511,3669262,865101,1144681,1658253,3668035,7337297,1411339
3012,280,471,241,992,280,471,241,992,1984,0
5261,7609,9162,16273,33044,7609,9162,16273,33044,66088,0
5284,12891,20715,13631,47237,12891,20715,13631,47237,94474,0
4076,2033,13383,0,15416,2033,13383,0,15416,30832,0
6351,3263,500,1123,4886,3263,500,1123,4886,9772,0
8583,31683,36191,29897,97771,31683,36191,29897,97771,195542,75
4503,164217,159478,201368,525063,164217,159478,201368,525063,1050126,0
5522,179464,237092,408571,825127,179464,237092,408571,825127,1650254,8860
2026,3520,1033,1832,6385,3520,1033,1832,6385,12770,0
2513,64820,43413,21540,129773,64820,43413,21540,129773,259546,0
1532,76003,187517,338352,601872,76003,187517,338352,601872,1203744,0
2935,10165,14691,14571,39427,10165,14691,14571,39427,78854,0
2786,15759,41512,38265,95536,15759,41512,38265,95536,191072,0
5035,94196,203882,203934,502012,94233,203996,204389,502618,1004630,711
5027,26334,52244,65076,143654,26296,52131,64622,143049,286703,0
5258,12076,21112,17990,51178,12076,21112,17990,51178,102356,97749
6876,133822,253316,569889,957027,133822,253316,569889,957027,1914054,0
5362,340524,432802,1048175,1821501,340524,432802,1048175,1821501,3643002,0
2354,205757,411413,180775,797945,205757,411413,180775,797945,1595890,0
8638,18658,31229,5724,55611,18658,31229,5724,55611,111222,0
8639,614,271,0,885,614,271,0,885,1770,0
9675,21221,21397,18269,60887,21221,21397,18269,60887,121774,0
8827,23583,44145,16,67744,23583,44145,16,67744,135488,365
1042,60410,84628,128834,273872,60410,84628,128834,273872,547744,0
2046,11915,396,1670,13981,11915,396,1670,13981,27962,0
7029,9638,9940,18852,38430,9638,9940,18852,38430,76860,0
5218,5886,12465,42471,60822,5886,12465,42471,60822,121644,0
5509,285029,367792,112334,765155,285029,367792,112334,765155,1530310,58270
2355,109033,192093,96530,397656,109033,192093,96530,397656,795312,0
3344,7574,5224,3930,16728,7574,5224,3930,16728,33456,0
5683,48588,33435,28094,110117,48588,33435,28094,110117,220234,0
6854,16752,35443,32035,84230,16752,35443,32035,84230,168460,0
8556,67509,40918,83886,192313,67509,40918,83886,192313,384626,0
2284,26993,22742,7911,57646,26993,22742,7911,57646,115292,0
5707,22545,38614,6431,67590,22545,38614,6431,67590,135180,27
5587,47326,44801,117653,209780,47326,44801,117653,209780,419560,0
2952,2845,5073,1274,9192,2845,5073,1274,9192,18384,0
3144,15409,15772,41748,72929,15409,15772,41748,72929,145858,0
6465,567,0,0,567,567,0,0,567,1134,0
6424,33252,29865,10301,73418,33252,29865,10301,73418,146836,175
9971,1190,967,363,2520,1190,967,363,2520,5040,0
8474,108846,97879,131258,337983,108846,97879,131258,337983,675966,0
2654,8805,1461,419,10685,8805,1461,419,10685,21370,0
9904,69690,63044,125044,257778,69690,63044,125044,257778,515556,0
9979,42492,37107,38180,117779,42492,37107,38180,117779,235558,0
2104,6118,1385,0,7503,6118,1385,0,7503,15006,0
1559,12549,8586,22271,43406,12549,8586,22271,43406,86812,0
2335,38562,76668,42169,157399,38562,76668,42169,157399,314798,0
9723,23942,25802,17460,67204,23942,25802,17460,67204,134408,0
3961,6303,1509,720,8532,6303,1509,720,8532,17064,0
4148,272,244,0,516,272,244,0,516,1032,0
8640,2050,857,0,2907,2050,857,0,2907,5814,0
2397,10189,17776,13188,41153,10189,17776,13188,41153,82306,0
2953,31992,56439,40735,129166,31992,56439,40735,129166,258332,0
5416,4110373,1832915,621190,6564478,4110373,1832915,621190,6564478,13128956,1135544
8641,633,182,0,815,633,182,0,815,1630,0
3051,180586,136128,248040,564754,180586,136128,248040,564754,1129508,26892
6877,186320,212511,834876,1233707,186320,212511,834876,1233707,2467414,8555
9794,58817,43898,62852,165567,58817,43898,62852,165567,331134,0
2655,4969,591,0,5560,4969,591,0,5560,11120,0
8117,8500,8559,5576,22635,8500,8559,5576,22635,45270,357
4022,656,248,784,1688,656,248,784,1688,3376,0
5796,49943,114472,40929,205344,49943,114472,40929,205344,410688,0
5169,282211,407230,515206,1204647,282211,407230,515206,1204647,2409294,204148
9956,11021,12548,18845,42414,11021,12548,18845,42414,84828,0
5363,162329,162503,534517,859349,162329,162503,534517,859349,1718698,0
9501,26931,19689,10419,57039,26931,19689,10419,57039,114078,0
7921,2001,371,8239,10611,2001,371,8239,10611,21222,0
2454,745,430,33,1208,745,430,33,1208,2416,0
9813,3787861,4180129,4507507,12475497,3787861,4180122,4507507,12475490,24950987,2641171
9950,2197707,5391711,2281781,9871199,2197707,5391719,2281781,9871207,19742406,1297692
8360,23904,40688,4620,69212,23904,40688,4620,69212,138424,0
2301,5391,6290,11999,23680,5391,6290,11999,23680,47360,0
8715,7340,9563,1488,18391,7340,9563,1488,18391,36782,0
8828,1911,1790,0,3701,1911,1790,0,3701,7402,0
9503,46241,39858,56348,142447,46241,39858,56348,142447,284894,0
9301,9374,12213,4062,25649,9374,12213,4062,25649,51298,0
2895,58316,174435,137340,370091,58316,174435,137340,370091,740182,0
4760,169918,375914,62533,608365,169918,375914,62533,608365,1216730,54920
5338,6827,14926,11618,33371,6827,14926,11618,33371,66742,0
4457,51978,43823,6920,102721,51978,43823,6920,102721,205442,0
5629,170121,152401,355824,678346,170121,152401,355824,678346,1356692,0
2948,6763,19123,9003,34889,6763,19123,9003,34889,69778,0
5474,7657,13552,15868,37077,7657,13552,15868,37077,74154,0
8284,8616,11611,7050,27277,8616,11611,7050,27277,54554,0
9096,51,0,10,61,51,0,10,61,122,0
8643,2329,1717,0,4046,2329,1717,0,4046,8092,0
5298,5402,9555,8357,23314,5402,9555,8357,23314,46628,0
6878,152539,216441,665644,1034624,152539,216441,665644,1034624,2069248,0
8025,44384,70343,21171,135898,44384,70343,21171,135898,271796,996
1220,7520,7037,4633,19190,7520,7037,4633,19190,38380,0
6028,91208,96530,329574,517312,91208,96530,329574,517312,1034624,0
3033,26805,81121,75904,183830,26805,81121,75904,183830,367660,0
5272,49786,102423,119537,271746,49786,102423,119537,271746,543492,0
2962,10570,34145,16207,60922,10570,34145,16207,60922,121844,0
1409,177503,192753,383876,754132,177503,192753,383876,754132,1508264,433930
9635,92110,64069,67944,224123,92110,64069,67944,224123,448246,0
4131,11724,6436,15013,33173,11724,6436,15013,33173,66346,0
6206,7536,984,897,9417,7536,984,897,9417,18834,0
6029,30332,31952,89878,152162,30332,31952,89878,152162,304324,0
1965,34895,32116,11458,78469,34895,32116,11458,78469,156938,0
3839,47711,7844,16148,71703,47711,7844,16148,71703,143406,0
6469,88476,297641,149543,535660,88476,297641,149543,535660,1071320,169032
5514,18048,28377,61673,108098,18048,28377,61673,108098,216196,0
1132,56624,62765,81370,200759,56624,62765,81370,200759,401518,0
5172,225787,422332,675624,1323743,225787,422332,675624,1323743,2647486,43815
7443,409689,370267,637347,1417303,409689,370267,637347,1417303,2834606,66299
7922,3027,372,0,3399,3027,372,0,3399,6798,0
6855,8082,9146,17656,34884,8082,9146,17656,34884,69768,0
7032,13146,9321,35697,58164,13146,9321,35697,58164,116328,0
6275,3677,400,157,4234,3677,400,157,4234,8468,0
4892,93164,78212,70958,242334,93164,78212,70958,242334,484668,21
1463,75182,68943,123701,267826,75182,68943,123701,267826,535652,0
7328,52768,147711,13681,214160,52768,147711,13681,214160,428320,162
2218,134983,117725,93736,346444,134983,117725,93736,346444,692888,0
1996,2383,109,963,3455,2383,109,963,3455,6910,0
2325,24015,22984,7222,54221,24015,22984,7222,54221,108442,0
9725,21648,30297,16223,68168,21648,30297,16223,68168,136336,0
2900,26082,75550,39859,141491,26082,75550,39859,141491,282982,0
3136,25222,28492,22557,76271,25222,28492,22557,76271,152542,0
5138,86321,145497,359567,591385,86321,145497,359567,591385,1182770,0
9681,65716,60476,73071,199263,65716,60476,73071,199263,398526,843
9682,89688,74092,111187,274967,89688,74092,111187,274967,549934,0
5146,312757,413707,902165,1628629,312757,413707,902165,1628629,3257258,0
9610,3778,12631,50,16459,3778,12631,50,16459,32918,0
6276,1397,314,288,1999,1397,314,288,1999,3998,0
6280,67926,130994,9515,208435,67926,130994,9515,208435,416870,7190
2825,12244,13499,838,26581,12244,13499,838,26581,53162,0
8155,4683,743,6056,11482,4683,743,6056,11482,22964,0
5139,154220,197820,591117,943157,154220,197820,591117,943157,1886314,1299027
2955,23147,49904,50939,123990,23147,49904,50939,123990,247980,3630
5631,1054035,1525895,1324693,3904623,1054035,1525895,1324693,3904623,7809246,864741
8567,155916,188779,129666,474361,155916,188779,129666,474361,948722,0
5588,212266,163655,318262,694183,212266,163655,318262,694183,1388366,0
3563,1204,21625,2280,25109,1204,21625,2280,25109,50218,0
7299,4313,3440,1604,9357,4313,3440,1604,9357,18714,0
4300,16056,793,164,17013,16056,793,164,17013,34026,0
7930,9650,754,1379,11783,9650,754,1379,11783,23566,0
6281,7276,6127,1558,14961,7276,6127,1558,14961,29922,163
5364,68932,67174,277905,414011,68932,67174,277905,414011,828022,0
6977,191160,250353,530751,972264,191160,250353,530751,972264,1944528,0
6867,147080,218051,449344,814475,147080,218051,449344,814475,1628950,197186
6978,69336,90049,124085,283470,69336,90049,124085,283470,566940,16
3053,74984,75204,140241,290429,74984,75204,140241,290429,580858,0
7300,2256,2153,737,5146,2256,2153,737,5146,10292,0
2896,28567,79154,57337,165058,28567,79154,57337,165058,330116,0
6075,36063,43438,92103,171604,36063,43438,92103,171604,343208,0
2585,7244,16142,9060,32446,7244,16142,9060,32446,64892,0
1022,65933,107944,80875,254752,65933,107944,80875,254752,509504,0
4577,34462,24174,152801,211437,34462,24174,152801,211437,422874,0
9810,93495,67684,84835,246014,93495,67684,84835,246014,492028,0
2845,17786,31579,23012,72377,17786,31579,23012,72377,144754,0
7266,13571,22328,707,36606,13571,22328,707,36606,73212,0
2295,10324,30616,10388,51328,10324,30616,10388,51328,102656,0
8411,232099,349305,319911,901315,232099,349305,319911,901315,1802630,33497
4521,40000,40583,90159,170742,40000,40583,90159,170742,341484,0
2572,11927,16064,15021,43012,11927,16064,15021,43012,86024,0
2229,30029,79493,25350,134872,30029,79493,25350,134872,269744,0
5173,8094,7738,6010,21842,8094,7738,6010,21842,43684,0
7568,10872,22424,3723,37019,10872,22424,3723,37019,74038,0
5037,7271,13519,20116,40906,7271,13519,20116,40906,81812,0
5947,18315,9577,18112,46004,18315,9577,18112,46004,92008,0
9726,160330,130867,131655,422852,160330,130867,131655,422852,845704,5171
9727,138183,113992,147233,399408,138183,113992,147233,399408,798816,0
8241,5021,4480,3509,13010,5021,4480,3509,13010,26020,0
5450,58087,127928,87284,273299,58087,127928,87284,273299,546598,68026
1413,174164,194874,320960,689998,174164,194874,320960,689998,1379996,0
5560,124102,121573,323694,569369,124102,121573,323694,569369,1138738,0
5561,227186,305010,537506,1069702,227186,305010,537506,1069702,2139404,0
5589,104731,112464,202978,420173,104731,112464,202978,420173,840346,0
1033,14952,15223,18347,48522,14952,15223,18347,48522,97044,0
1145,24686,23664,26250,74600,24686,23664,26250,74600,149200,0
5940,30255,26996,21204,78455,30255,26996,21204,78455,156910,0
3007,15979,19731,23895,59605,15979,19731,23895,59605,119210,0
2767,42089,38666,26512,107267,42089,38666,26512,107267,214534,0
3191,44821,50584,94291,189696,44821,50584,94291,189696,379392,0
2557,7953,1175,1309,10437,7953,1175,1309,10437,20874,0
4458,19575,4870,39241,63686,19575,4870,39241,63686,127372,0
1521,76429,83810,147825,308064,76429,83810,147825,308064,616128,0
7374,794,149,804,1747,794,149,804,1747,3494,0
1533,25108,51838,68417,145363,25108,51838,68417,145363,290726,0
6804,25283,14288,45533,85104,25283,14288,45533,85104,170208,0
6827,239290,258914,273132,771336,239290,258914,273132,771336,1542672,0
6879,210409,252162,813787,1276358,210409,252162,813787,1276358,2552716,0
1543,185639,443146,813632,1442417,185639,443146,813632,1442417,2884834,385
5140,7655,8058,21193,36906,7655,8058,21193,36906,73812,0
6012,76400,107434,335715,519549,76400,107434,335715,519549,1039098,0
7401,62198,78636,110466,251300,62198,78636,110466,251300,502600,0
2027,6175,2007,2927,11109,6175,2007,2927,11109,22218,0
8213,209784,314780,122441,647005,209784,314780,122441,647005,1294010,202
1397,399649,514579,320132,1234360,399649,514579,320132,1234360,2468720,398774
598,287863,289863,76938,654664,287863,289863,76938,654664,1309328,0
2230,33697,53034,13959,100690,33697,53034,13959,100690,201380,0
4579,2950,177,8010,11137,2950,177,8010,11137,22274,0
8009,117432,102101,34466,253999,117432,102101,34466,253999,507998,305
9246,3331,2568,3514,9413,3331,2568,3514,9413,18826,0
6902,20443,22042,9056,51541,20443,22042,9056,51541,103082,0
6905,15999,23622,47918,87539,15999,23622,47918,87539,175078,0
5633,138057,267064,440741,845862,138057,267064,440741,845862,1691724,99429
5489,76510,173132,335761,585403,76510,173132,335761,585403,1170806,0
5219,159204,457646,349585,966435,159204,457646,349585,966435,1932870,18824
1398,100472,157501,80515,338488,100472,157501,80515,338488,676976,0
6070,325193,361784,277039,964016,325193,361784,277039,964016,1928032,0
6528,14844,19754,16592,51190,14844,19754,16592,51190,102380,2214
6845,20284,26110,132335,178729,20284,26110,132335,178729,357458,0
2826,12590,12446,565,25601,12590,12446,565,25601,51202,0
2604,3882,14417,4912,23211,3882,14417,4912,23211,46422,0
4594,5071,2659,11270,19000,5071,2659,11270,19000,38000,0
5532,290985,399914,385681,1076580,290985,399914,385681,1076580,2153160,298711
6260,47,3,0,50,47,3,0,50,100,0
4079,36446,34777,696,71919,36446,34777,696,71919,143838,0
2428,15917,1892,1139,18948,15917,1892,1139,18948,37896,0
2146,1218,806,246,2270,1218,806,246,2270,4540,0
9634,23041,22115,24677,69833,23041,22115,24677,69833,139666,0
7569,6247,7075,1767,15089,6247,7075,1767,15089,30178,0
5289,35715,29811,145084,210610,35715,29811,145084,210610,421220,0
3186,286105,425424,411881,1123410,286105,425424,411881,1123410,2246820,93149
5050,88411,94722,368941,552074,88411,94722,368941,552074,1104148,0
3513,3583,31744,7427,42754,3583,31744,7427,42754,85508,0
9419,380924,424963,165113,971000,380924,424963,165113,971000,1942000,446474
5490,286358,649444,1104926,2040728,286358,649444,1104926,2040728,4081456,702119
2768,54077,118902,114102,287081,54077,118902,114102,287081,574162,3155
5220,36454,90243,167535,294232,36454,90243,167535,294232,588464,0
8498,58173,47437,76607,182217,58173,47437,76607,182217,364434,0
1434,46748,58246,76270,181264,46748,58246,76270,181264,362528,0
2860,43624,87406,69334,200364,43624,87406,69334,200364,400728,3654
6283,4524,516,62,5102,4524,516,62,5102,10204,0
3845,103002,4939,52392,160333,103002,4939,52392,160333,320666,0
3908,13870,487,3718,18075,13870,487,3718,18075,36150,0
2861,65663,120923,98340,284926,65663,120923,98340,284926,569852,0
8524,100897,149438,106628,356963,100897,149438,106628,356963,713926,19914
6220,16374,8391,5852,30617,16374,8391,5852,30617,61234,0
5893,62847,56626,117471,236944,62847,56626,117471,236944,473888,0
1148,20739,39618,14909,75266,20739,39618,14909,75266,150532,0
7887,3448,326,962,4736,3448,326,962,4736,9472,0
9981,143832,157498,288312,589642,143832,157498,288312,589642,1179284,25
9982,5255,3433,3045,11733,5255,3433,3045,11733,23466,0
2656,11428,1107,160,12695,11428,1107,160,12695,25390,141
8647,1795,727,306,2828,1795,727,306,2828,5656,0
2149,17881,14435,7579,39895,17881,14435,7579,39895,79790,3226
1391,235887,335206,265273,836366,235887,335206,265273,836366,1672732,30857
1522,73361,81613,264098,419072,73361,81613,264098,419072,838144,0
4028,22262,14560,21924,58746,22262,14560,21924,58746,117492,0
4524,16528,10155,20570,47253,16528,10155,20570,47253,94506,0
3146,63943,136208,133981,334132,63943,136208,133981,334132,668264,0
8129,111,6,10,127,111,6,10,127,254,0
3607,120208,257256,131093,508557,120208,257256,131093,508557,1017114,34269
5174,49252,103275,236764,389291,49252,103275,236764,389291,778582,0
5066,255413,297464,761807,1314684,255413,297464,761807,1314684,2629368,1571136
5590,87239,65492,179817,332548,87239,65492,179817,332548,665096,0
6818,80697,87887,192701,361285,80023,86267,191015,357305,718590,0
6085,124181,139222,365118,628521,124848,140843,366787,632478,1260999,671
8067,8751,2525,3476,14752,8751,2525,3476,14752,29504,0
2138,11623,9638,3069,24330,11623,9638,3069,24330,48660,0
5417,2352,6613,8338,17303,2352,6613,8338,17303,34606,0
7766,3451,2166,2829,8446,3451,2166,2829,8446,16892,3657
7506,62882,99137,28359,190378,62882,99137,28359,190378,380756,2286
3194,3842,6195,4413,14450,3842,6195,4413,14450,28900,0
2691,2615,1814,0,4429,2615,1814,0,4429,8858,0
5235,82479,136340,304563,523382,82479,136340,304563,523382,1046764,0
9909,83591,60396,59561,203548,83591,60396,59561,203548,407096,0
3054,365265,294527,393072,1052864,365265,294527,393072,1052864,2105728,36169
5202,15420,17906,63198,96524,15420,17906,63198,96524,193048,0
6919,131743,165153,479752,776648,131743,165153,479752,776648,1553296,0
3314,24779,46356,7460,78595,24779,46356,7460,78595,157190,0
6009,892800,1302212,1617846,3812858,892726,1302069,1617582,3812377,7625235,319413
2356,51991,116239,40192,208422,51991,116239,40192,208422,416844,0
5236,34817,50174,205504,290495,34817,50174,205504,290495,580990,0
9983,58452,41154,44394,144000,58452,41154,44394,144000,288000,0
9676,30921,20127,56627,107675,30921,20127,56627,107675,215350,0
9630,45894,20141,59414,125449,45894,20141,59414,125449,250898,0
2231,74476,143265,77386,295127,74476,143265,77386,295127,590254,0
5539,67611,25457,49176,142244,67611,25457,49176,142244,284488,4697
5591,33585,31898,99030,164513,33585,31898,99030,164513,329026,0
1870,34101,54832,48184,137117,34101,54832,48184,137117,274234,0
2398,27942,82466,27683,138091,27942,82466,27683,138091,276182,7604
5880,24028,23468,35454,82950,24028,23468,35454,82950,165900,0
6086,339154,376948,580904,1297006,339154,376948,580904,1297006,2594012,162005
5107,219767,222095,917237,1359099,219767,222095,917237,1359099,2718198,482906
6880,70377,106908,93379,270664,70377,106908,93379,270664,541328,0
5141,3625,5826,9593,19044,3625,5826,9593,19044,38088,0
1221,30540,23012,13376,66928,30540,23012,13376,66928,133856,0
5308,6732,6449,13268,26449,6732,6449,13268,26449,52898,0
5941,9371,2111,4263,15745,9371,2111,4263,15745,31490,0
2437,27259,89055,4291,120605,27259,89055,4291,120605,241210,583
9738,16077,16946,20901,53924,16077,16946,20901,53924,107848,21553
6979,155988,207969,563039,926996,155988,207969,563039,926996,1853992,0
4794,4715,13294,2714,20723,4715,13294,2714,20723,41446,0
5717,31185,110162,22099,163446,31185,110162,22099,163446,326892,4589
8436,11802,6858,11844,30504,11802,6858,11844,30504,61008,0
5418,197305,236175,515614,949094,197305,236175,515614,949094,1898188,0
5523,84600,113441,141624,339665,84600,113441,141624,339665,679330,0
2193,161329,61347,37652,260328,161329,61347,37652,260328,520656,55874
2432,10328,917,848,12093,10328,917,848,12093,24186,0
2828,10427,12108,460,22995,10427,12108,460,22995,45990,0
4189,354,123,60,537,354,123,60,537,1074,0
5365,115801,175546,150607,441954,115801,175546,150607,441954,883908,0
8212,54875,34448,38419,127742,54875,34448,38419,127742,255484,0
6015,92294,111369,330707,534370,92294,111369,330707,534370,1068740,0
8499,166392,135557,173355,475304,166392,135557,173355,475304,950608,382
5309,238831,413910,604909,1257650,238831,413910,604909,1257650,2515300,92217
5562,47791,51547,98142,197480,47791,51547,98142,197480,394960,0
2105,7497,1487,0,8984,7497,1487,0,8984,17968,0
8720,71830,102242,82723,256795,71830,102242,82723,256795,513590,0
2399,233,295,248,776,233,295,248,776,1552,0
2303,31291,43738,7755,82784,31291,43738,7755,82784,165568,0
5563,133140,115476,311796,560412,133140,115476,311796,560412,1120824,2422
5273,181054,444048,535615,1160717,181054,444048,535615,1160717,2321434,439020
7327,18329,31265,4917,54511,18329,31265,4917,54511,109022,0
1563,6704,4645,5752,17101,6704,4645,5752,17101,34202,0
8071,10476,14155,18225,42856,10476,14155,18225,42856,85712,0
1734,8864,5622,6235,20721,8864,5622,6235,20721,41442,0
1023,67372,114392,50382,232146,67372,114392,50382,232146,464292,0
2194,86727,141887,66115,294729,86727,141887,66115,294729,589458,0
6221,156,15,0,171,156,15,0,171,342,0
1862,42438,25440,14637,82515,42438,25440,14637,82515,165030,0
8437,481889,845856,719875,2047620,481889,845856,719875,2047620,4095240,243780
8126,234810,649321,207492,1091623,234810,649321,207492,1091623,2183246,66613
2937,3397,3408,5957,12762,3397,3408,5957,12762,25524,0
2558,6388,619,996,8003,6388,619,996,8003,16006,0
3072,25063,52159,61669,138891,25063,52159,61669,138891,277782,0
8098,5881,2760,2093,10734,5881,2760,2093,10734,21468,0
6108,178110,305360,331420,814890,178110,305360,331420,814890,1629780,18
8921,22036,13631,9338,45005,22036,13631,9338,45005,90010,0
2235,176054,261132,148889,586075,176054,261132,148889,586075,1172150,46154
5463,38528,59381,201359,299268,38528,59381,201359,299268,598536,112032
8099,4690,7634,6024,18348,4690,7634,6024,18348,36696,0
2160,94516,443282,79881,617679,94516,443282,79881,617679,1235358,19822
2829,6521,16033,7431,29985,6521,16033,7431,29985,59970,0
2959,3614,8292,8625,20531,3614,8292,8625,20531,41062,0
6310,6904,3473,2377,12754,6904,3473,2377,12754,25508,0
9845,268694,204261,216092,689047,268694,204261,216092,689047,1378094,695621
6851,10371,6840,28200,45411,10371,6840,28200,45411,90822,0
9618,5325,1608,61274,68207,5325,1608,61274,68207,136414,0
5495,28975,35069,89593,153637,28975,35069,89593,153637,307274,0
6881,425821,720625,1996641,3143087,425821,720625,1996641,3143087,6286174,19951
8568,134310,297029,239670,671009,134310,297029,239670,671009,1342018,0
9586,143026,137989,87679,368694,143026,137989,87679,368694,737388,0
2236,2495,4875,2218,9588,2495,4875,2218,9588,19176,0
2122,246,20,0,266,246,20,0,266,532,0
6882,73984,45650,198451,318085,73984,45650,198451,318085,636170,0
8922,22596,9187,11644,43427,22596,9187,11644,43427,86854,0
8648,7565,2483,1674,11722,7565,2483,1674,11722,23444,0
8778,584,76,379,1039,584,76,379,1039,2078,0
9136,141987,257057,144162,543206,141987,257057,144162,543206,1086412,45343
9646,8684,8031,11136,27851,8684,8031,11136,27851,55702,0
8649,195861,349446,18552,563859,195861,349446,18552,563859,1127718,60693
8614,218,38,0,256,218,38,0,256,512,0
8924,69376,53035,50484,172895,69376,53035,50484,172895,345790,0
7217,337045,665773,499521,1502339,337045,665773,499521,1502339,3004678,423462
2817,28128,41194,32675,101997,28128,41194,32675,101997,203994,0
9508,134275,154071,158663,447009,134275,154071,158663,447009,894018,0
5592,133214,108727,247757,489698,133214,108727,247757,489698,979396,0
3110,4703,6022,3193,13918,4703,6022,3193,13918,27836,0
3170,18246,18736,39169,76151,18246,18736,39169,76151,152302,0
3555,4268,24352,4932,33552,4268,24352,4932,33552,67104,0
1097,42410,34776,77905,155091,42410,34776,77905,155091,310182,0
4081,2333,1048,0,3381,2333,1048,0,3381,6762,0
9648,209514,153392,265389,628295,209514,153392,265389,628295,1256590,0
9995,69044,58912,60708,188664,69044,58912,60708,188664,377328,0
2605,4055,8323,3490,15868,4055,8323,3490,15868,31736,0
5038,6659,7067,4249,17975,6659,7067,4249,17975,35950,0
8468,280453,306963,239233,826649,280453,306963,239233,826649,1653298,1559
8925,19308,21682,3855,44845,19308,21682,3855,44845,89690,0
6838,37464,50060,308132,395656,37464,50060,308132,395656,791312,0
1655,12628,11504,21106,45238,12628,11504,21106,45238,90476,0
3325,23036,96815,50417,170268,23036,96815,50417,170268,340536,0
1384,1071,1125,946,3142,1071,1125,946,3142,6284,0
5678,6964,19316,934,27214,6964,19316,934,27214,54428,0
5079,1944,1866,3826,7636,1944,1866,3826,7636,15272,0
5205,26244,12351,33881,72476,26244,12351,33881,72476,144952,0
1976,33188,45508,34478,113174,33188,45508,34478,113174,226348,0
5419,43621,40477,152906,237004,43621,40477,152906,237004,474008,0
7011,3351,1792,4296,9439,3351,1792,4296,9439,18878,0
9816,12115,11479,6775,30369,12115,11479,6775,30369,60738,0
1447,90300,138194,189362,417856,90300,138194,189362,417856,835712,0
1448,118988,137734,320429,577151,118988,137734,320429,577151,1154302,0
3092,226047,275494,654355,1155896,226047,275494,654355,1155896,2311792,31938
5080,73090,76527,241941,391558,73090,76527,241941,391558,783116,353
1553,223731,212928,251892,688551,223731,212928,251892,688551,1377102,0
1449,83574,84176,191946,359696,83574,84176,191946,359696,719392,0
1399,111586,162169,136403,410158,111586,162169,136403,410158,820316,0
1966,6938,3574,902,11414,6938,3574,902,11414,22828,0
1857,87897,200754,206058,494709,87897,200754,206058,494709,989418,52596
5593,126300,85248,224274,435822,126300,85248,224274,435822,871644,0
5594,111662,126991,124652,363305,111662,126991,124652,363305,726610,0
3571,596,1570,999,3165,596,1570,999,3165,6330,0
3237,57991,47721,33713,139425,57991,47721,33713,139425,278850,0
5108,78136,61449,305816,445401,78136,61449,305816,445401,890802,0
4581,134165,215310,299522,648997,134165,215310,299522,648997,1297994,0
1229,32822,23025,14732,70579,32822,23025,14732,70579,141158,9187
4132,5342,2876,2381,10599,5342,2876,2381,10599,21198,0
1415,86105,173129,377670,636904,86105,173129,377670,636904,1273808,0
7516,851,145,0,996,851,145,0,996,1992,0
8652,63,8,0,71,63,8,0,71,142,0
4083,4991,1810,0,6801,4991,1810,0,6801,13602,0
9512,85168,104258,70638,260064,85168,104258,70638,260064,520128,9927
9516,13023,14042,20926,47991,13023,14042,20926,47991,95982,0
9960,15949,13107,30550,59606,15949,13107,30550,59606,119212,0
9517,149329,142588,199162,491079,149329,142588,199162,491079,982158,97298
8653,170,54,0,224,170,54,0,224,448,0
3008,12783,44342,18320,75445,12783,44342,18320,75445,150890,0
9142,14129,19050,12659,45838,14129,19050,12659,45838,91676,0
6121,2160821,7253798,3713041,13127660,2160821,7253250,3712913,13126984,26254644,2150243
1392,82374,83664,132743,298781,82374,83664,132743,298781,597562,0
7115,100621,245502,64763,410886,100621,245502,64763,410886,821772,52
1109,111467,118653,166250,396370,111467,118653,166250,396370,792740,0
5823,128,1139,22,1289,128,1139,22,1289,2578,0
9817,28590,26022,27704,82316,28590,26022,27704,82316,164632,0
4508,5877,7308,9218,22403,5877,7308,9218,22403,44806,0
9217,3943,2509,1537,7989,3943,2509,1537,7989,15978,0
5565,665311,730196,1242688,2638195,665311,730196,1242688,2638195,5276390,0
5366,41924,23515,73513,138952,41924,23515,73513,138952,277904,0
8655,10632,8182,458,19272,10632,8182,458,19272,38544,0
3073,5577,14237,12422,32236,5577,14237,12422,32236,64472,0
6862,4388,4543,12126,21057,4388,4543,12126,21057,42114,0
6527,23634,16345,39443,79422,23634,16345,39443,79422,158844,0
2124,268774,532919,201550,1003243,268774,532919,201550,1003243,2006486,78198
1867,28642,40464,13972,83078,28642,40464,13972,83078,166156,0
2057,10782,3187,1207,15176,10782,3187,1207,15176,30352,0
1959,4235,206,3209,7650,4235,206,3209,7650,15300,0
9145,139411,242694,112510,494615,139411,242694,112510,494615,989230,20980
9518,3088,5169,211,8468,3088,5169,211,8468,16936,0
2245,185826,225221,138462,549509,185826,225221,138462,549509,1099018,40426
2668,68672,25774,20211,114657,68672,25774,20211,114657,229314,1021
9771,19651,15896,11392,46939,19651,15896,11392,46939,93878,0
9230,9147,5953,4479,19579,9147,5953,4479,19579,39158,0
9766,19875,23156,26503,69534,19875,23156,26503,69534,139068,0
6466,103,9,0,112,103,9,0,112,224,0
6401,14950,6504,10228,31682,14950,6504,10228,31682,63364,0
6565,11172,4273,8318,23763,11172,4273,8318,23763,47526,0
8214,50608,66355,34425,151388,50608,66355,34425,151388,302776,0
6088,67487,53271,126333,247091,67487,53271,126333,247091,494182,0
4206,8336,3583,619,12538,8336,3583,619,12538,25076,0
5109,27424,26977,89917,144318,27424,26977,89917,144318,288636,0
8546,28553,34500,23197,86250,28553,34500,23197,86250,172500,0
4228,1558,441,0,1999,1558,441,0,1999,3998,0
2848,52247,69930,58635,180812,52247,69930,58635,180812,361624,0
8657,12648,17616,0,30264,12648,17616,0,30264,60528,0
9149,12271,13464,4260,29995,12271,13464,4260,29995,59990,1860
5057,91167,94464,278627,464258,91167,94464,278627,464258,928516,0
7445,281247,182993,444884,909124,281247,182993,444884,909124,1818248,0
8658,2251,798,0,3049,2251,798,0,3049,6098,0
5504,27372,2543,3913,33828,27372,2543,3913,33828,67656,0
7201,90,112,0,202,90,112,0,202,404,0
4084,1640,531,0,2171,1640,531,0,2171,4342,0
9710,60297,58704,54563,173564,60297,58704,54563,173564,347128,0
2685,409361,370597,113891,893849,409361,370597,113891,893849,1787698,290141
5275,98078,211679,145656,455413,98078,211679,145656,455413,910826,0
1017,15821,26150,4891,46862,15821,26150,4891,46862,93724,0
9652,11941,9692,11017,32650,11941,9692,11017,32650,65300,0
2735,11946,4625,2046,18617,11946,4625,2046,18617,37234,0
3171,80240,99943,155744,335927,80240,99943,155744,335927,671854,0
4607,19751,16318,33939,70008,19751,16318,33939,70008,140016,0
1761,27371,9276,7471,44118,27371,9276,7471,44118,88236,0
9818,39387,26862,38765,105014,39387,26862,38765,105014,210028,0
2058,8441,2161,1895,12497,8441,2161,1895,12497,24994,0
1871,4549,7245,632,12426,4549,7245,632,12426,24852,0
5824,139,628,420,1187,139,628,420,1187,2374,0
4595,5391,3321,8186,16898,5391,3321,8186,16898,33796,0
9876,89252,145513,120835,355600,89252,145513,120835,355600,711200,0
9521,89105,92083,58103,239291,89105,92083,58103,239291,478582,0
9728,56830,69202,32699,158731,56830,69202,32699,158731,317462,0
8931,12473,11740,12584,36797,12473,11740,12584,36797,73594,0
3225,27490,9233,10077,46800,27490,9233,10077,46800,93600,0
2669,16627,3935,7215,27777,16627,3935,7215,27777,55554,0
2059,5174,594,2960,8728,5174,594,2960,8728,17456,0
2339,38491,161478,39464,239433,38491,161478,39464,239433,478866,0
1133,36175,48730,48711,133616,36175,48730,48711,133616,267232,0
1534,96126,297445,383652,777223,96126,297445,383652,777223,1554446,0
7925,1140,344,7502,8986,1140,344,7502,8986,17972,0
4597,282495,401087,244607,928189,282495,401087,244607,928189,1856378,123654
2237,168379,184173,124645,477197,168379,184173,124645,477197,954394,0
5368,274006,241165,473612,988783,274006,241165,473612,988783,1977566,54118
4784,29013,43205,22436,94654,29013,43205,22436,94654,189308,11
5110,126361,112542,522179,761082,126361,112542,522179,761082,1522164,0
8487,3000791,5060369,4184648,12245808,3000791,5060369,4184648,12245808,24491616,2110935
1947,516683,1404965,555170,2476818,516683,1404965,555170,2476818,4953636,394301
5294,4789,5655,8207,18651,4789,5655,8207,18651,37302,0
7446,239928,211331,477419,928678,239928,211331,477419,928678,1857356,0
1373,100322,230112,427248,757682,100322,230112,427248,757682,1515364,0
3539,29,835,57,921,29,835,57,921,1842,0
3498,4,8603,5,8612,4,8603,5,8612,17224,0
5111,12936,14804,30838,58578,12936,14804,30838,58578,117156,0
9955,112325,181190,116394,409909,112325,181190,116394,409909,819818,0
3620,37580,48617,39816,126013,37580,48617,39816,126013,252026,0
6089,199730,234951,289028,723709,199730,234951,289028,723709,1447418,0
9188,66095,154480,15021,235596,66095,154480,15021,235596,471192,0
2862,34330,106948,43844,185122,34330,106948,43844,185122,370244,0
5329,229518,584445,557818,1371781,229518,584445,557818,1371781,2743562,566897
5051,580914,708066,2220581,3509561,580914,708066,2220581,3509561,7019122,1837859
2710,100147,37749,46573,184469,100147,37749,46573,184469,368938,0
7402,53538,63581,133474,250593,53538,63581,133474,250593,501186,0
7403,48382,60019,99754,208155,48382,60019,99754,208155,416310,0
1177,115951,115176,72363,303490,115951,115176,72363,303490,606980,0
1291,55973,112783,241584,410340,55973,112783,241584,410340,820680,36841
1579,1316,6129,4955,12400,1316,6129,4955,12400,24800,0
7491,489070,246885,833772,1569727,489070,246885,833772,1569727,3139454,0
6340,270780,348388,111701,730869,270780,348388,111701,730869,1461738,18983
5369,37929,68388,121902,228219,37929,68388,121902,228219,456438,0
7305,9874,10787,4085,24746,9874,10787,4085,24746,49492,0
9438,176252,241101,160183,577536,176252,241101,160183,577536,1155072,0
5634,54677,83511,107352,245540,54677,83511,107352,245540,491080,0
3573,12541,111609,30431,154581,12541,111609,30431,154581,309162,49660
5635,31083,45070,42578,118731,31083,45070,42578,118731,237462,0
3853,55567,3070,24530,83167,55567,3070,24530,83167,166334,0
3066,1787,515,2375,4677,1787,515,2375,4677,9354,0
2156,50670,9251,4103,64024,50670,9251,4103,64024,128048,0
2661,25545,81840,69638,177023,25545,81840,69638,177023,354046,0
5260,71624,217263,201940,490827,71624,217263,201940,490827,981654,3729
5498,32461,45480,76339,154280,32461,45480,76339,154280,308560,0
7072,20235,23697,45195,89127,20235,23697,45195,89127,178254,0
2242,2898726,4070272,2009831,8978829,2898724,4070556,2009919,8979199,17958028,462439
2244,636703,628974,394134,1659811,636702,629021,394149,1659872,3319683,0
2246,1246137,3993384,666766,5906287,1246140,3992974,666639,5905753,11812040,647085
9709,180227,77163,63441,320831,180227,77163,63441,320831,641662,322720
6965,4857109,6305384,16720719,27883212,4857779,6306435,16721997,27886211,55769423,2122967
9371,120559,102735,97164,320458,120559,102735,97164,320458,640916,0
9372,61224,46530,42080,149834,61224,46530,42080,149834,299668,0
4327,644,153,773,1570,644,153,773,1570,3140,0
4356,3866,1225,1035,6126,3866,1225,1035,6126,12252,0
4226,405,181,0,586,405,181,0,586,1172,0
4018,23570,22440,20391,66401,23570,22440,20391,66401,132802,0
3844,126197,6570,69922,202689,126197,6570,69922,202689,405378,0
4460,1800,578,0,2378,1800,578,0,2378,4756,0
4334,846,107,0,953,846,107,0,953,1906,0
4248,3953,3306,0,7259,3953,3306,0,7259,14518,0
4059,7005,3015,5,10025,7005,3015,5,10025,20050,0
4227,13792,9940,134,23866,13792,9940,134,23866,47732,0
2484,73151,71944,9381,154476,73151,71944,9381,154476,308952,0
2485,77877,74158,14889,166924,77877,74158,14889,166924,333848,68894
4247,2212,1348,0,3560,2212,1348,0,3560,7120,0
4133,99995,51733,45337,197065,99995,51733,45337,197065,394130,7459
2488,2866,2542,924,6332,2866,2542,924,6332,12664,0
2467,3576,3464,709,7749,3576,3464,709,7749,15498,0
4060,1783,935,0,2718,1783,935,0,2718,5436,0
4162,1151,422,0,1573,1151,422,0,1573,3146,0
4138,664,242,11,917,664,242,11,917,1834,0
4207,312,204,0,516,312,204,0,516,1032,0
9925,26246,22096,18169,66511,26246,22096,18169,66511,133022,0
9916,15868,17102,4701,37671,15868,17102,4701,37671,75342,0
3847,60880,3048,35129,99057,60880,3048,35129,99057,198114,0
2457,4578,2537,23,7138,4578,2537,23,7138,14276,0
4223,9953,4203,2009,16165,9953,4203,2009,16165,32330,0
9699,63513,23205,11648,98366,63513,23205,11648,98366,196732,0
4061,673,461,0,1134,673,461,0,1134,2268,0
4163,3151,1507,0,4658,3151,1507,0,4658,9316,0
4421,8819,2690,7204,18713,8819,2690,7204,18713,37426,0
3852,17706,2749,2389,22844,17706,2749,2389,22844,45688,0
8712,1269,311,0,1580,1269,311,0,1580,3160,0
8846,356,50,0,406,356,50,0,406,812,0
8829,817,256,0,1073,817,256,0,1073,2146,0
8830,124,62,0,186,124,62,0,186,372,0
9156,9504,13284,4633,27421,9504,13284,4633,27421,54842,0
8660,98,64,0,162,98,64,0,162,324,0
9655,18027,13512,14210,45749,18027,13512,14210,45749,91498,0
9614,13199,64772,2681,80652,13199,64772,2681,80652,161304,0
8443,7106,5197,7240,19543,7106,5197,7240,19543,39086,0
5148,3965183,5361273,16413099,25739555,3964915,5361247,16412414,25738576,51478131,7346732
6966,56461,61917,67317,185695,56461,61917,67317,185695,371390,0
5281,52120,116271,66093,234484,52120,116271,66093,234484,468968,0
5632,64111,43263,159290,266664,64111,43263,159290,266664,533328,0
1067,19595,39538,42349,101482,19595,39538,42349,101482,202964,0
1829,139251,82836,67348,289435,139251,82836,67348,289435,578870,2957
2657,5817,959,232,7008,5817,959,232,7008,14016,25
7978,15365,3469,3654,22488,15365,3469,3654,22488,44976,0
1110,86322,103727,129121,319170,86322,103727,129121,319170,638340,0
5674,4073,276,994,5343,4073,276,994,5343,10686,0
5114,37767,78154,121446,237367,37767,78154,121446,237367,474734,0
9354,29973,26526,20521,77020,29973,26526,20521,77020,154040,0
1305,8400,4158,2853,15411,8400,4158,2853,15411,30822,0
1306,14744,6763,3092,24599,14744,6763,3092,24599,49198,0
3574,1525,46697,1843,50065,1525,46697,1843,50065,100130,0
2307,5577,3510,911,9998,5577,3510,911,9998,19996,0
2689,11961,2097,2614,16672,11961,2097,2614,16672,33344,0
2598,23800,34691,55034,113525,23800,34691,55034,113525,227050,0
3517,3953,20848,11991,36792,3953,20848,11991,36792,73584,0
1897,187057,348344,121829,657230,187057,348344,121829,657230,1314460,8282
5082,81509,114922,318919,515350,81509,114922,318919,515350,1030700,0
6202,13038,2498,1911,17447,13038,2498,1911,17447,34894,0
5053,46960,49104,126714,222778,46960,49104,126714,222778,445556,0
7268,63187,143686,2560,209433,63187,143686,2560,209433,418866,3163
3635,51328,53561,39140,144029,51328,53561,39140,144029,288058,299
1536,244355,878413,507871,1630639,244355,878413,507871,1630639,3261278,122836
3645,516849,420440,218771,1156060,516849,420440,218771,1156060,2312120,76882
3518,68,642,0,710,68,642,0,710,1420,0
4826,46296,19462,9172,74930,46296,19462,9172,74930,149860,0
4640,9151,11272,31917,52340,9151,11272,31917,52340,104680,0
5892,15959,42001,22852,80812,15959,42001,22852,80812,161624,0
5887,31941,54951,17452,104344,31941,54951,17452,104344,208688,0
5762,3504,19881,445,23830,3504,19881,445,23830,47660,0
5761,6074,32727,3302,42103,6074,32727,3302,42103,84206,0
2670,24352,13334,3105,40791,24352,13334,3105,40791,81582,0
2871,151843,382113,97271,631227,151843,382113,97271,631227,1262454,6936
4422,38916,21214,565,60695,38916,21214,565,60695,121390,19184
3963,50786,28484,15234,94504,50786,28484,15234,94504,189008,0
3962,1399,488,81,1968,1399,488,81,1968,3936,0
2155,210687,528046,239735,978468,210687,528046,239735,978468,1956936,0
5853,4726,5069,1734,11529,4726,5069,1734,11529,23058,0
3147,379935,701898,829601,1911434,379935,701898,829601,1911434,3822868,486403
5237,27039,30363,22724,80126,27020,30315,22568,79903,160029,11800
5115,160757,319991,438569,919317,160821,320151,439107,920079,1839396,8997
5222,66185,74325,55634,196144,66140,74209,55252,195601,391745,15651
5599,40968,48258,208246,297472,40968,48258,208246,297472,594944,0
8831,9234,33581,0,42815,9234,33581,0,42815,85630,0
8164,43310,62122,42817,148249,43310,62122,42817,148249,296498,0
4884,56204,38956,35736,130896,56204,38956,35736,130896,261792,25085
2961,324441,890003,170055,1384499,324441,890003,170055,1384499,2768998,12593
2966,686843,1762059,846047,3294949,686844,1762209,846256,3295309,6590258,526068
2968,1975146,6380921,2283845,10639912,1975144,6380636,2283448,10639228,21279140,2624292
2970,497587,1565437,1117354,3180378,497589,1565558,1117524,3180671,6361049,305461
7165,1030,85,569,1684,1030,85,569,1684,3368,0
6856,68329,135022,241961,445312,68329,135022,241961,445312,890624,332762
6883,104180,166490,441787,712457,104180,166490,441787,712457,1424914,0
2253,57482,82492,39140,179114,57482,82492,39140,179114,358228,0
4094,2704,1036,0,3740,2704,1036,0,3740,7480,0
7603,731,50,707,1488,731,50,707,1488,2976,0
1727,65766,100020,17241,183027,65766,100020,17241,183027,366054,0
1728,24745,32649,15633,73027,24745,32649,15633,73027,146054,0
7166,44270,73059,40817,158146,44270,73059,40817,158146,316292,85
5223,20738,42065,115831,178634,20738,42065,115831,178634,357268,0
5018,47669,160399,94745,302813,47669,160399,94745,302813,605626,3078
1909,66074,162842,130983,359899,66074,162842,130983,359899,719798,0
6318,7735,19285,1853,28873,7735,19285,1853,28873,57746,0
9160,37406,62357,17411,117174,37406,62357,17411,117174,234348,0
6863,31467,37861,145080,214408,31467,37861,145080,214408,428816,395104
3021,34741,54438,47916,137095,34741,54438,47916,137095,274190,0
2830,40435,92691,73816,206942,40435,92691,73816,206942,413884,0
8445,25261,35698,31964,92923,25261,35698,31964,92923,185846,0
7928,24979,6750,8080,39809,24979,6750,8080,39809,79618,0
1034,46254,70071,70951,187276,46254,70071,70951,187276,374552,0
5040,3154,5205,5943,14302,3154,5205,5943,14302,28604,0
5692,72299,84761,99410,256470,72299,84761,99410,256470,512940,0
7947,4298,369,235,4902,4298,369,235,4902,9804,0
9957,11919,9934,10822,32675,11919,9934,10822,32675,65350,0
6970,62302,87337,101339,250978,62302,87337,101339,250978,501956,0
1475,1325128,2758035,2512143,6595306,1326433,2761849,2516633,6604915,13200221,255104
1988,29971,11287,14235,55493,29971,11287,14235,55493,110986,0
1581,19400,57181,6811,83392,19400,57181,6811,83392,166784,0
1582,4896,18261,1001,24158,4896,18261,1001,24158,48316,0
2867,26015,85945,26338,138298,26015,85945,26338,138298,276596,0
9802,32758,20950,22264,75972,32758,20950,22264,75972,151944,0
9529,10516,8721,3826,23063,10516,8721,3826,23063,46126,0
5149,96528,110005,232989,439522,96528,110005,232989,439522,879044,0
6663,230210,544676,192079,966965,230210,544676,192079,966965,1933930,35518
7036,27341,31415,40557,99313,27341,31415,40557,99313,198626,0
3346,1685,788,3050,5523,1685,788,3050,5523,11046,0
7221,6428,10904,4276,21608,6428,10904,4276,21608,43216,0
1851,37237,58541,23755,119533,37237,58541,23755,119533,239066,0
3576,68,249,1028,1345,68,249,1028,1345,2690,0
8574,74467,95776,76750,246993,74467,95776,76750,246993,493986,0
2254,91275,153491,65115,309881,91275,153491,65115,309881,619762,0
2357,10836,11722,8663,31221,10836,11722,8663,31221,62442,0
5116,22765,41311,82125,146201,22765,41311,82125,146201,292402,0
9705,17321,18838,15166,51325,17321,18838,15166,51325,102650,0
5475,51332,76148,201138,328618,51332,76148,201138,328618,657236,0
3855,117736,50482,50397,218615,117736,50482,50397,218615,437230,0
3857,17355,2730,629,20714,17355,2730,629,20714,41428,0
6297,23799,3871,21461,49131,23799,3871,21461,49131,98262,0
7725,47891,131051,3898,182840,47891,131051,3898,182840,365680,0
6707,30679,56509,70474,157662,30679,56509,70474,157662,315324,0
5908,13165,15439,42366,70970,13165,15439,42366,70970,141940,0
8477,28089,25537,43481,97107,28089,25537,43481,97107,194214,2583
7929,365023,241808,106344,713175,365023,241808,106344,713175,1426350,44412
2971,1235,7136,1281,9652,1235,7136,1281,9652,19304,0
3159,2866,6366,3897,13129,2866,6366,3897,13129,26258,0
5644,30369,27372,63274,121015,30369,27372,63274,121015,242030,0
4095,15521,12455,297,28273,15521,12455,297,28273,56546,0
2750,22412,5878,2784,31074,22412,5878,2784,31074,62148,0
1527,167321,139235,593483,900039,167321,139235,593483,900039,1800078,0
1537,1313,3225,2048,6586,1313,3225,2048,6586,13172,0
5909,7250,3023,6436,16709,7250,3023,6436,16709,33418,0
9658,24471,23940,22898,71309,24471,23940,22898,71309,142618,0
1997,70318,4958,37281,112557,70318,4958,37281,112557,225114,0
2920,22608,79927,39013,141548,22608,79927,39013,141548,283096,0
9985,180323,114688,135530,430541,180323,114688,135530,430541,861082,0
1378,453996,1217805,929611,2601412,453996,1217805,929611,2601412,5202824,314362
4469,3336,759,3131,7226,3336,759,3131,7226,14452,0
5019,7684,11195,16939,35818,7684,11195,16939,35818,71636,3630
8518,47346,54343,56960,158649,47346,54343,56960,158649,317298,21304
6906,4026,5102,19432,28560,4026,5102,19432,28560,57120,0
5069,70594,62181,88738,221513,70594,62181,88738,221513,443026,0
5427,40573,33804,90998,165375,40573,33804,90998,165375,330750,500
2849,3030,3860,1685,8575,3030,3860,1685,8575,17150,0
9060,151,28,465,644,151,28,465,644,1288,0
3067,2827,724,6740,10291,2827,724,6740,10291,20582,0
3203,28480,12712,14622,55814,28480,12712,14622,55814,111628,0
9080,70441,80612,38089,189142,70441,80612,38089,189142,378284,0
2226,733814,1042342,542470,2318626,733813,1042422,542495,2318730,4637356,652686
6005,637323,628405,2328315,3594043,637042,628148,2327779,3592969,7187012,284028
2799,5154,8192,7181,20527,5154,8192,7181,20527,41054,0
8539,27393,37924,30006,95323,27393,37924,30006,95323,190646,0
8833,1145,898,0,2043,1145,898,0,2043,4086,0
5825,593,3434,390,4417,593,3434,390,4417,8834,0
5291,7620,6381,25885,39886,7620,6381,25885,39886,79772,0
2695,77561,22417,10593,110571,77561,22417,10593,110571,221142,0
5957,10189,17166,2693,30048,10189,17166,2693,30048,60096,0
2151,130342,142109,93525,365976,130342,142109,93525,365976,731952,0
4814,15609,68043,14287,97939,15609,68043,14287,97939,195878,0
4470,3569,1178,221,4968,3569,1178,221,4968,9936,0
8504,48901,32167,83211,164279,48901,32167,83211,164279,328558,0
7680,41940,55553,24498,121991,41940,55553,24498,121991,243982,207
5501,17937,40267,32841,91045,17937,40267,32841,91045,182090,0
5600,220154,188718,585075,993947,220154,188718,585075,993947,1987894,0
2606,2117,4863,2668,9648,2117,4863,2668,9648,19296,0
2675,1116,233,220,1569,1116,233,220,1569,3138,0
2903,29481,59001,56529,145011,29481,59001,56529,145011,290022,0
2171,34203,91110,23044,148357,34203,91110,23044,148357,296714,0
9632,20141,18849,16657,55647,20141,18849,16657,55647,111294,0
2973,9217,30357,15673,55247,9217,30357,15673,55247,110494,0
9691,187299,185040,250838,623177,187299,185040,250838,623177,1246354,111521
5645,120978,118811,361578,601367,120978,118811,361578,601367,1202734,23663
5118,106574,106998,346311,559883,106574,106998,346311,559883,1119766,0
2158,5012,7791,1510,14313,5012,7791,1510,14313,28626,0
5312,44654,85546,46522,176722,44654,85546,46522,176722,353444,0
9819,168353,153102,164647,486102,168353,153102,164647,486102,972204,6070
3859,36792,9020,5216,51028,36792,9020,5216,51028,102056,0
9779,11335,7179,9348,27862,11335,7179,9348,27862,55724,0
8665,17307,11855,2052,31214,17307,11855,2052,31214,62428,0
9608,59165,39239,74193,172597,59165,39239,74193,172597,345194,0
9304,86201,54596,41548,182345,86201,54596,41548,182345,364690,0
8526,27681,24707,21442,73830,27681,24707,21442,73830,147660,0
8107,4369,6457,3340,14166,4369,6457,3340,14166,28332,0
3389,68246,73478,56038,197762,68246,73478,56038,197762,395524,0
8666,16497,29772,4322,50591,16497,29772,4322,50591,101182,0
1247,27146,14601,15484,57231,27146,14601,15484,57231,114462,0
4098,6028,2660,54,8742,6028,2660,54,8742,17484,0
1881,28201,25909,118570,172680,28201,25909,118570,172680,345360,0
2940,9272,13465,18865,41602,9272,13465,18865,41602,83204,0
4216,181034,169971,58768,409773,181034,169971,58768,409773,819546,0
7354,16018,11810,5700,33528,16018,11810,5700,33528,67056,0
9773,49829,42587,128086,220502,49829,42587,128086,220502,441004,0
2565,40856,9576,7975,58407,40856,9576,7975,58407,116814,0
2139,16607,4287,1405,22299,16607,4287,1405,22299,44598,0
6241,1919,262,885,3066,1919,262,885,3066,6132,0
2047,216,9,0,225,216,9,0,225,450,0
5911,16438,13814,18052,48304,16438,13814,18052,48304,96608,0
6018,104875,93274,336704,534853,104875,93274,336704,534853,1069706,0
5058,81610,77654,255934,415198,81610,77654,255934,415198,830396,247
2152,171446,217801,123575,512822,171446,217801,123575,512822,1025644,0
6289,122,27,0,149,122,27,0,149,298,0
5150,212775,304217,514568,1031560,212775,304217,514568,1031560,2063120,844166
5345,322180,503291,680291,1505762,322180,503291,680291,1505762,3011524,234625
9533,5961,5336,2568,13865,5961,5336,2568,13865,27730,0
5119,182013,176487,784240,1142740,182013,176487,784240,1142740,2285480,0
6209,8836,1300,594,10730,8836,1300,594,10730,21460,0
5238,15923,12367,15279,43569,15923,12367,15279,43569,87138,0
2358,819,682,16,1517,819,682,16,1517,3034,0
5567,332923,359937,924359,1617219,332923,359937,924359,1617219,3234438,35233
2974,14307,30210,28492,73009,14307,30210,28492,73009,146018,802
2769,15446,26783,53010,95239,15446,26783,53010,95239,190478,0
5881,87499,136514,81184,305197,87499,136514,81184,305197,610394,0
8506,118859,100683,166505,386047,118859,100683,166505,386047,772094,0
6019,63765,53403,159419,276587,63765,53403,159419,276587,553174,0
6498,92290,59008,23171,174469,92290,59008,23171,174469,348938,17091
6499,91049,295734,101480,488263,91049,295734,101480,488263,976526,144631
9919,23410,31181,11455,66046,23410,31181,11455,66046,132092,0
3074,154683,297103,295429,747215,154683,297103,295429,747215,1494430,45379
3071,6779,23641,7334,37754,6779,23641,7334,37754,75508,0
7728,771515,2489787,488867,3750169,771515,2489787,488867,3750169,7500338,296544
8808,39088,33082,19231,91401,39088,33082,19231,91401,182802,0
5330,6141,7095,9586,22822,6141,7095,9586,22822,45644,0
5331,39531,66883,50127,156541,39531,66883,50127,156541,313082,0
5175,13602,14323,39794,67719,13602,14323,39794,67719,135438,0
7038,30038,38779,30145,98962,30038,38779,30145,98962,197924,0
7039,19079,16899,74207,110185,19079,16899,74207,110185,220370,0
3674,344242,564696,236582,1145520,344242,564696,236582,1145520,2291040,517854
3523,1349,48638,139,50126,1349,48638,139,50126,100252,0
1863,7692,5370,2812,15874,7692,5370,2812,15874,31748,0
9774,66663,62352,111558,240573,66663,62352,111558,240573,481146,51994
3426,72663,371345,66757,510765,72663,371345,66757,510765,1021530,244029
7834,20695,5730,3393,29818,20695,5730,3393,29818,59636,0
2789,16220,36106,31839,84165,16220,36106,31839,84165,168330,0
5828,259,769,359,1387,259,769,359,1387,2774,0
2257,73623,137554,90883,302060,73623,137554,90883,302060,604120,63774
8668,2975,1577,190,4742,2975,1577,190,4742,9484,0
9571,10250,6028,4143,20421,10250,6028,4143,20421,40842,0
4426,37708,21471,418,59597,37708,21471,418,59597,119194,0
3895,19781,5555,8555,33891,19781,5555,8555,33891,67782,0
9609,13278,11146,11768,36192,13278,11146,11768,36192,72384,0
5568,257390,285401,631299,1174090,257390,285401,631299,1174090,2348180,0
5428,239569,264917,949991,1454477,239569,264917,949991,1454477,2908954,0
5460,1229,3500,1104,5833,1229,3500,1104,5833,11666,0
8528,35160,39524,31643,106327,35160,39524,31643,106327,212654,0
9358,63370,112892,50166,226428,63370,112892,50166,226428,452856,0
5636,47789,77430,58451,183670,47789,77430,58451,183670,367340,0
5429,100355,93635,222417,416407,100355,93635,222417,416407,832814,0
2455,220,398,0,618,220,398,0,618,1236,0
9189,18239,38490,12181,68910,18239,38490,12181,68910,137820,0
7895,7310,1554,3744,12608,7310,1554,3744,12608,25216,0
5601,49768,35634,97509,182911,49768,35634,97509,182911,365822,0
7308,37224,61590,9123,107937,37224,61590,9123,107937,215874,0
1422,78093,114299,67823,260215,78093,114299,67823,260215,520430,0
7996,55373,176197,46925,278495,55373,176197,46925,278495,556990,0
1069,207589,644142,396278,1248009,207589,644142,396278,1248009,2496018,18514
1111,76640,95413,122458,294511,76640,95413,122458,294511,589022,0
5120,12007,10017,16258,38282,12007,10017,16258,38282,76564,0
1478,26224,21399,36822,84445,26224,21399,36822,84445,168890,0
6971,14952,33753,39523,88228,14952,33753,39523,88228,176456,0
2326,34322,41362,10668,86352,34322,41362,10668,86352,172704,0
7309,435154,1239892,199691,1874737,435154,1239892,199691,1874737,3749474,264516
5376,257700,324460,911674,1493834,257700,324460,911674,1493834,2987668,1378298
1826,872984,1820377,454058,3147419,872984,1820377,454058,3147419,6294838,364433
1077,157274,201508,125845,484627,157274,201508,125845,484627,969254,235170
5068,84769,100466,320818,506053,84769,100466,320818,506053,1012106,0
7946,9673,1138,1646,12457,9673,1138,1646,12457,24914,0
5262,6544,6407,19475,32426,6544,6407,19475,32426,64852,0
5476,10099,11452,28064,49615,10099,11452,28064,49615,99230,0
4689,6733,9219,4624,20576,6733,9219,4624,20576,41152,0
1904,29122,57309,21030,107461,29122,57309,21030,107461,214922,4431
6020,89446,77402,309304,476152,89446,77402,309304,476152,952304,0
8725,31414,29459,0,60873,31414,29459,0,60873,121746,0
7451,105456,81399,106497,293352,105456,81399,106497,293352,586704,0
5310,6287,4422,12717,23426,6287,4422,12717,23426,46852,0
5786,0,1811,0,1811,0,1811,0,1811,3622,0
4641,24156,21064,43036,88256,24156,21064,43036,88256,176512,0
2258,135522,189467,106795,431784,135522,189467,106795,431784,863568,0
6003,206991,225625,284834,717450,206991,225627,284717,717335,1434785,0
3219,46356,29207,44225,119788,46356,29207,44225,119788,239576,0
4533,45143,41046,96134,182323,45143,41046,96134,182323,364646,0
5021,11447,11172,40660,63279,11447,11172,40660,63279,126558,0
2281,200619,114135,124637,439391,200619,114135,124637,439391,878782,37947
5122,368182,629655,1536682,2534519,368182,629655,1536682,2534519,5069038,1246699
2259,15600,25533,9546,50679,15600,25533,9546,50679,101358,0
2247,207130,224060,164880,596070,207130,224060,164880,596070,1192140,0
5071,34153,64195,96631,194979,34153,64195,96631,194979,389958,23835
7273,17232,31476,8083,56791,17232,31476,8083,56791,113582,0
7274,5403,4813,404,10620,5403,4813,404,10620,21240,0
8309,61106,33458,82832,177396,61106,33458,82832,177396,354792,0
2157,52345,8344,1042,61731,52345,8344,1042,61731,123462,0
5526,14003,18218,49834,82055,14003,18218,49834,82055,164110,0
2090,40024,155431,8677,204132,40024,155431,8677,204132,408264,172429
3115,426085,1843184,629723,2898992,426085,1843184,629723,2898992,5797984,189341
5602,59556,60377,107087,227020,59556,60377,107087,227020,454040,0
5377,100769,198311,435974,735054,100769,198311,435974,735054,1470108,0
3087,2667239,8120829,5312116,16100184,2667239,8120812,5312081,16100132,32200316,1490595
5224,92289,159192,300554,552035,92289,159192,300554,552035,1104070,81276
2387,19071,9902,11139,40112,19071,9902,11139,40112,80224,0
3427,24787,201742,25795,252324,24787,201742,25795,252324,504648,0
9657,46269,30416,33054,109739,46269,30416,33054,109739,219478,0
9683,614523,442058,782952,1839533,614523,442058,782952,1839533,3679066,105209
9664,6229,6857,7320,20406,6229,6857,7320,20406,40812,0
6021,120546,170351,520755,811652,120546,170351,520755,811652,1623304,0
3036,43081,67460,91796,202337,43081,67460,91796,202337,404674,0
8479,25224,20114,17581,62919,25224,20114,17581,62919,125838,0
4250,1268,867,0,2135,1268,867,0,2135,4270,0
3524,8809,59964,20777,89550,8809,59964,20777,89550,179100,73432
2402,15195,31155,10927,57277,15195,31155,10927,57277,114554,0
1561,5069,3421,7813,16303,5069,3421,7813,16303,32606,0
5882,32618,33505,27428,93551,32618,33505,27428,93551,187102,0
3246,12377,12099,9944,34420,12377,12099,9944,34420,68840,0
9917,414902,308616,421369,1144887,414902,308616,421369,1144887,2289774,431815
2032,2022,484,685,3191,2022,484,685,3191,6382,0
3213,16081,5105,8551,29737,16081,5105,8551,29737,59474,0
2916,3890,8382,7274,19546,3890,8382,7274,19546,39092,0
9775,37931,30638,112522,181091,37931,30638,112522,181091,362182,0
1687,745,47,345,1137,745,47,345,1137,2274,0
5423,312532,363895,817213,1493640,312532,363895,817213,1493640,2987280,818093
7685,260,22,269,551,260,22,269,551,1102,0
2403,6940,13280,5907,26127,6940,13280,5907,26127,52254,0
4140,32073,12767,15098,59938,32073,12767,15098,59938,119876,0
4101,9761,5005,0,14766,9761,5005,0,14766,29532,0
4102,15906,6581,333,22820,15906,6581,333,22820,45640,0
4129,1744,594,0,2338,1744,594,0,2338,4676,0
3863,173788,24887,94349,293024,173788,24887,94349,293024,586048,0
3851,60706,25352,21540,107598,60706,25352,21540,107598,215196,0
4021,65449,71836,88210,225495,65449,71836,88210,225495,450990,0
5072,117794,154566,375370,647730,117784,154527,375185,647496,1295226,25
5378,37674,53687,88963,180324,37684,53727,89150,180561,360885,0
4335,4220,949,0,5169,4220,949,0,5169,10338,0
6634,22142,25345,13674,61161,22142,25345,13674,61161,122322,0
1195,46939,14259,27606,88804,46939,14259,27606,88804,177608,0
2494,3621,1790,1154,6565,3621,1790,1154,6565,13130,0
3499,10552,47558,17949,76059,10552,47558,17949,76059,152118,0
3992,26828,3106,2258,32192,26828,3106,2258,32192,64384,0
4473,7857,1705,23438,33000,7857,1705,23438,33000,66000,0
2102,33919,155372,16388,205679,33919,155372,16388,205679,411358,8074
3525,11736,62361,15889,89986,11736,62361,15889,89986,179972,0
4463,748,289,5,1042,748,289,5,1042,2084,0
5477,4222,5790,14503,24515,4222,5790,14503,24515,49030,0
3944,6553,844,723,8120,6553,844,723,8120,16240,0
4254,369,376,0,745,369,376,0,745,1490,0
2433,9205,796,540,10541,9205,796,540,10541,21082,0
3526,17208,231920,29145,278273,17208,231920,29145,278273,556546,22
3528,1682,6366,2679,10727,1682,6366,2679,10727,21454,0
1128,57599,74900,69409,201908,57599,74900,69409,201908,403816,0
4887,8143,19556,5916,33615,8143,19556,5916,33615,67230,0
8805,141975,270150,52516,464641,141975,270150,52516,464641,929282,115428
6133,356620,1137427,544315,2038362,356620,1137427,544315,2038362,4076724,621940
5657,133815,232106,280874,646795,133815,232106,280874,646795,1293590,12518
5123,182363,167693,684231,1034287,182363,167693,684231,1034287,2068574,0
5461,12939,24905,38080,75924,12939,24905,38080,75924,151848,0
5462,238,353,1128,1719,238,353,1128,1719,3438,0
3062,7975,44526,48980,101481,7975,44526,48980,101481,202962,0
3214,22,62,5,89,22,62,5,89,178,0
5757,9043,7935,3818,20796,9043,7935,3818,20796,41592,0
8801,7146,36414,282,43842,7146,36414,282,43842,87684,0
7452,175374,156515,201368,533257,175374,156515,201368,533257,1066514,138650
2752,3678,1114,388,5180,3678,1114,388,5180,10360,0
8670,3880,1713,0,5593,3880,1713,0,5593,11186,0
5225,6860,12314,29806,48980,6860,12314,29806,48980,97960,0
2308,3638,5206,1678,10522,3638,5206,1678,10522,21044,0
5332,9211,20989,35532,65732,9211,20989,35532,65732,131464,0
5208,111041,156028,387235,654304,111041,156028,387235,654304,1308608,0
3580,122787,977759,99995,1200541,122787,977759,99995,1200541,2401082,73574
5885,57531,63113,44568,165212,57531,63113,44568,165212,330424,0
5455,57022,226080,155800,438902,57022,226080,155800,438902,877804,0
1078,229,7,109,345,229,7,109,345,690,0
9820,44071,30459,64216,138746,44071,30459,64216,138746,277492,0
9804,20791,20156,12729,53676,20791,20156,12729,53676,107352,0
9821,56438,49954,38018,144410,56438,49954,38018,144410,288820,0
9623,31299,23659,23171,78129,31299,23659,23171,78129,156258,0
9936,84815,133039,112605,330459,84815,133039,112605,330459,660918,0
3422,6487,31839,3653,41979,6487,31839,3653,41979,83958,0
6819,26565,34949,68396,129910,26565,34949,68396,129910,259820,0
4251,1329,1197,0,2526,1329,1197,0,2526,5052,0
8540,980,968,206,2154,980,968,206,2154,4308,0
8548,33285,36826,22829,92940,33285,36826,22829,92940,185880,3468
8541,11222,9337,4416,24975,11222,9337,4416,24975,49950,0
4023,5324,1896,940,8160,5324,1896,940,8160,16320,0
3850,38791,39864,37000,115655,38791,39864,37000,115655,231310,0
2459,444,292,0,736,444,292,0,736,1472,0
3744,13379,2838,4078,20295,13379,2838,4078,20295,40590,0
3904,239611,78456,199421,517488,239611,78456,199421,517488,1034976,111837
5883,183284,288232,139087,610603,183284,288232,139087,610603,1221206,6143
8254,12565,8947,9758,31270,12565,8947,9758,31270,62540,0
9667,70683,66564,93067,230314,70683,66564,93067,230314,460628,4784
2198,131270,115500,90999,337769,131270,115500,90999,337769,675538,0
4181,83123,122093,34206,239422,83123,122093,34206,239422,478844,0
5928,71468,65717,45822,183007,71468,65717,45822,183007,366014,0
3870,67619,29648,51510,148777,67619,29648,51510,148777,297554,0
4313,22398,9613,5834,37845,22398,9613,5834,37845,75690,0
8860,4998,1682,2511,9191,4998,1682,2511,9191,18382,0
5276,95408,177076,207681,480165,95408,177076,207681,480165,960330,0
5537,278890,604984,307932,1191806,278901,605010,308022,1191933,2383739,22711
5829,55,413,0,468,55,413,0,468,936,0
5540,245433,490969,215947,952349,245422,490943,215857,952222,1904571,192409
9958,17034,11276,16845,45155,17034,11276,16845,45155,90310,0
6022,208772,233052,358009,799833,208772,233052,358009,799833,1599666,0
2671,96871,82805,29103,208779,96871,82805,29103,208779,417558,0
2874,32642,43257,15553,91452,32642,43257,15553,91452,182904,0
1346,1408,1231,1668,4307,1408,1231,1668,4307,8614,0
2337,34702,168432,42460,245594,34702,168432,42460,245594,491188,0
2521,92688,54007,21302,167997,92688,54007,21302,167997,335994,0
2875,8703,9331,2996,21030,8703,9331,2996,21030,42060,0
2753,923781,893701,267005,2084487,923781,893701,267005,2084487,4168974,1126173
5285,44124,62794,60718,167636,44124,62794,60718,167636,335272,0
9366,38889,23274,41241,103404,38889,23274,41241,103404,206808,0
9543,60464,60070,39519,160053,60464,60070,39519,160053,320106,0
9544,146529,15538,54100,216167,146529,15538,54100,216167,432334,0
9808,18426,15749,18388,52563,18426,15749,18388,52563,105126,0
3055,69097,61978,103405,234480,69097,61978,103405,234480,468960,64701
7419,19445,11885,24067,55397,19445,11885,24067,55397,110794,0
7509,23810,41062,19324,84196,23810,41062,19324,84196,168392,0
5468,49138,69482,106627,225247,49138,69482,106627,225247,450494,0
7453,90176,65390,57893,213459,90176,65390,57893,213459,426918,0
5379,246249,349672,741806,1337727,246249,349672,741806,1337727,2675454,803909
5430,53344,58428,182478,294250,53344,58428,182478,294250,588500,0
5603,821021,799760,3349122,4969903,821021,799760,3349122,4969903,9939806,0
4314,9768,10433,13898,34099,9768,10433,13898,34099,68198,0
4185,14136,10808,13476,38420,14136,10808,13476,38420,76840,0
3994,23753,5272,1816,30841,23753,5272,1816,30841,61682,0
5176,32207,19638,24416,76261,32207,19638,24416,76261,152522,0
9822,89885,74909,75874,240668,89885,74909,75874,240668,481336,0
1419,367862,572016,853588,1793466,367862,572016,853588,1793466,3586932,0
5424,91112,117577,239992,448681,91112,117577,239992,448681,897362,0
5596,136321,108620,379620,624561,136321,108620,379620,624561,1249122,0
3531,26,609,0,635,26,609,0,635,1270,0
6242,3459,656,247,4362,3459,656,247,4362,8724,0
1546,100838,145257,270254,516349,100838,145257,270254,516349,1032698,0
3118,9598,16619,16185,42402,9598,16619,16185,42402,84804,0
3874,133598,6300,88776,228674,133598,6300,88776,228674,457348,75404
2404,9836,9596,6246,25678,9836,9596,6246,25678,51356,0
7454,151674,154096,463712,769482,151674,154096,463712,769482,1538964,0
5177,127985,224350,499433,851768,127985,224350,499433,851768,1703536,0
2296,38950,156639,34079,229668,38950,156639,34079,229668,459336,0
5023,75390,209838,241083,526311,75390,209838,241083,526311,1052622,152090
2734,24459,14060,5892,44411,24459,14060,5892,44411,88822,0
8834,3060,2112,0,5172,3060,2112,0,5172,10344,0
6361,598,73,240,911,598,73,240,911,1822,0
1999,14771,1737,2089,18597,14771,1737,2089,18597,37194,0
5083,17545,11620,46277,75442,17545,11620,46277,75442,150884,0
8519,4827,2894,3811,11532,4827,2894,3811,11532,23064,0
8031,117,7,0,124,117,7,0,124,248,0
6884,120271,190522,149457,460250,120271,190522,149457,460250,920500,0
5569,403848,440674,1159640,2004162,403848,440674,1159640,2004162,4008324,264020
3149,1535743,3316098,2349675,7201516,1535403,3315854,2347632,7198889,14400405,2898671
3160,62318,83492,74958,220768,62659,83735,77001,223395,444163,6564
6967,71465,95168,137757,304390,71465,95168,137757,304390,608780,0
5912,5604,3212,3968,12784,5604,3212,3968,12784,25568,318
7950,120437,45160,22165,187762,120437,45160,22165,187762,375524,0
7974,42942,11428,17434,71804,42942,11428,17434,71804,143608,0
2979,13566,36139,19335,69040,13566,36139,19335,69040,138080,0
2857,29,5,0,34,29,5,0,34,68,0
1208,151785,190433,107739,449957,151785,190433,107739,449957,899914,0
5478,349511,627615,794899,1772025,349511,627615,794899,1772025,3544050,1081763
3247,21584,12162,12737,46483,21584,12162,12737,46483,92966,0
3530,15787,110146,28289,154222,15787,110146,28289,154222,308444,0
5431,19497,19283,92392,131172,19497,19283,92392,131172,262344,0
7316,7184,9628,3351,20163,7184,9628,3351,20163,40326,545
5480,107274,156343,393319,656936,107274,156343,393319,656936,1313872,0
9867,16293,15638,19188,51119,16293,15638,19188,51119,102238,0
6511,75861,86713,37424,199998,75861,86713,37424,199998,399996,54612
3906,8904,1126,3686,13716,8904,1126,3686,13716,27432,0
3876,47069,16925,13380,77374,47069,16925,13380,77374,154748,0
2544,4511,1970,1165,7646,4511,1970,1165,7646,15292,0
2461,150455,112832,41302,304589,150455,112832,41302,304589,609178,0
4027,36869,27565,32123,96557,36869,27565,32123,96557,193114,0
2106,8696,1904,0,10600,8696,1904,0,10600,21200,0
2131,60475,56875,44305,161655,60475,56875,44305,161655,323310,0
5570,1092566,1093365,1616167,3802098,1092566,1093365,1616167,3802098,7604196,1171867
687,143971,148559,39465,331995,143971,148559,39465,331995,663990,0
5432,24175,31025,122301,177501,24175,31025,122301,177501,355002,0
1538,2344,2079,7081,11504,2344,2079,7081,11504,23008,0
7510,5653,6924,3983,16560,5653,6924,3983,16560,33120,0
9920,18554,26072,9039,53665,18554,26072,9039,53665,107330,0
2580,21813,5236,1964,29013,21813,5236,1964,29013,58026,0
5226,16841,36229,77291,130361,16841,36229,77291,130361,260722,0
2261,22622,120498,20414,163534,22622,120498,20414,163534,327068,0
2924,91932,284443,154201,530576,91932,284443,154201,530576,1061152,5174
3532,99,878,95,1072,99,878,95,1072,2144,0
5203,109039,239982,184952,533973,109039,239982,184952,533973,1067946,20893
6885,66098,82883,70428,219409,66098,82883,70428,219409,438818,0
2189,182167,205906,112964,501037,182167,205906,112964,501037,1002074,0
8671,570,158,0,728,570,158,0,728,1456,0
9921,16147,23602,10974,50723,16147,23602,10974,50723,101446,0
6353,1450,649,23,2122,1450,649,23,2122,4244,0
2444,154,164,0,318,154,164,0,318,636,0
6886,648885,899299,1860439,3408623,648885,899299,1860439,3408623,6817246,468707
2833,26954,65360,42937,135251,26954,65360,42937,135251,270502,14464
5943,67802,84216,62197,214215,67802,84216,62197,214215,428430,0
1962,8626,3713,2435,14774,8626,3713,2435,14774,29548,0
2722,12788,1468,2087,16343,12788,1468,2087,16343,32686,1
2873,16523,26941,13886,57350,16523,26941,13886,57350,114700,0
9190,33659,26429,60025,120113,33659,26429,60025,120113,240226,0
6676,95199,90077,144961,330237,95199,90077,144961,330237,660474,527
1039,86198,137120,120418,343736,86198,137120,120418,343736,687472,0
7297,3687,2244,722,6653,3687,2244,722,6653,13306,0
5658,13813,15049,21378,50240,13813,15049,21378,50240,100480,0
4606,87977,99396,189288,376661,87977,99396,189288,376661,753322,0
8835,1429,510,0,1939,1429,510,0,1939,3878,0
6829,15229,11607,28561,55397,15229,11607,28561,55397,110794,0
6090,144227,182638,270110,596975,144227,182638,270110,596975,1193950,18369
4477,20860,14365,3282,38507,20860,14365,3282,38507,77014,0
2315,3388,5193,1206,9787,3388,5193,1206,9787,19574,0
1087,156339,350712,275366,782417,156339,350712,275366,782417,1564834,115852
1135,19363,34026,5163,58552,19363,34026,5163,58552,117104,2
1084,12971,19662,5762,38395,12971,19662,5762,38395,76790,36909
2291,86328,203385,20228,309941,86328,203385,20228,309941,619882,5886
2294,45519,13155,15143,73817,45519,13155,15143,73817,147634,0
6327,25409,2800,12614,40823,25409,2800,12614,40823,81646,0
8174,1070,291,0,1361,1070,291,0,1361,2722,0
9787,138450,117203,142631,398284,138450,117203,142631,398284,796568,0
5542,111325,46167,38518,196010,111325,46167,38518,196010,392020,0
5541,74167,34182,9229,117578,74167,34182,9229,117578,235156,196613
5543,64258,8559,47206,120023,64258,8559,47206,120023,240046,0
2977,2310,7764,2842,12916,2310,7764,2842,12916,25832,0
5024,48077,91476,53632,193185,48077,91476,53632,193185,386370,0
6820,43992,35495,93482,172969,43992,35495,93482,172969,345938,0
2798,29034,32879,57244,119157,29034,32879,57244,119157,238314,0
2794,122812,282292,193445,598549,122812,282292,193445,598549,1197098,225808
5380,18645,11366,27345,57356,18645,11366,27345,57356,114712,0
7318,2145,665,601,3411,2145,665,601,3411,6822,0
5663,235935,459441,216784,912160,235935,459441,216784,912160,1824320,197391
8561,111158,115211,107637,334006,111158,115211,107637,334006,668012,0
3587,3451,18686,7483,29620,3451,18686,7483,29620,59240,0
7951,79577,28972,17536,126085,79577,28972,17536,126085,252170,0
9547,65374,73739,55966,195079,65374,73739,55966,195079,390158,0
8033,923,531,378,1832,923,531,378,1832,3664,0
2673,667,26,279,972,667,26,279,972,1944,0
8724,0,38,0,38,0,38,0,38,76,0
8358,30954,24003,35066,90023,30954,24003,35066,90023,180046,0
1261,38294,19758,15574,73626,38294,19758,15574,73626,147252,0
5433,71987,114445,338917,525349,71987,114445,338917,525349,1050698,0
2249,132113,62361,53255,247729,132113,62361,53255,247729,495458,203860
5646,13781,27828,22518,64127,13781,27828,22518,64127,128254,0
5025,8609,21648,22966,53223,8609,21648,22966,53223,106446,0
5525,100245,8883,26513,135641,100245,8883,26513,135641,271282,0
3584,48,468,0,516,48,468,0,516,1032,0
1149,60678,117091,120184,297953,60678,117091,120184,297953,595906,0
5026,22625,36438,88017,147080,22625,36438,88017,147080,294160,0
6172,53333,77087,91641,222061,53333,77087,91641,222061,444122,0
2388,19988,20713,9125,49826,19988,20713,9125,49826,99652,0
9549,4457,7660,489,12606,4457,7660,489,12606,25212,0
4270,13984,3300,3355,20639,13984,3300,3355,20639,41278,0
4108,1833,1285,0,3118,1833,1285,0,3118,6236,0
3056,8484,3161,13895,25540,8484,3161,13895,25540,51080,0
6806,52953,53201,119998,226152,52953,53201,119998,226152,452304,0
6328,19859,3491,3700,27050,19859,3491,3700,27050,54100,0
7224,17889,37208,1340,56437,17889,37208,1340,56437,112874,0
8185,112939,275071,40705,428715,112939,275071,40705,428715,857430,1907
8672,92,31,0,123,92,31,0,123,246,0
9996,71029,63205,60769,195003,71029,63205,60769,195003,390006,0
6456,47754,123356,16393,187503,47754,123356,16393,187503,375006,4339
3254,12465,2852,9224,24541,12465,2852,9224,24541,49082,0
5333,58239,143730,182966,384935,58239,143730,182966,384935,769870,0
2250,151195,207454,35929,394578,151195,207454,35929,394578,789156,0
7814,28881,18770,13200,60851,28881,18770,13200,60851,121702,0
8178,12670,22203,10369,45242,12670,22203,10369,45242,90484,22791
2003,13835,1618,6342,21795,13835,1618,6342,21795,43590,0
8007,10293,4381,5286,19960,10293,4381,5286,19960,39920,0
3061,24329,13263,33689,71281,24329,13263,33689,71281,142562,0
8201,55372,93637,91560,240569,55372,93637,91560,240569,481138,43074
5434,108503,130236,382684,621423,108503,130236,382684,621423,1242846,6292
2004,27296,498,81903,109697,27296,498,81903,109697,219394,130
5179,6334,10190,13475,29999,6334,10190,13475,29999,59998,0
1105,188394,381879,214033,784306,188394,381879,214033,784306,1568612,0
2107,64301,7826,114,72241,64301,7826,114,72241,144482,0
6893,144960,207471,501844,854275,144960,207471,501844,854275,1708550,0
6931,221493,430785,656280,1308558,221493,431167,656159,1308819,2617377,14685
5124,305944,535698,1117804,1959446,305944,535698,1117804,1959446,3918892,333551
3205,20159,861,35720,56740,20159,861,35720,56740,113480,0
3679,36357,20245,31657,88259,36357,20245,31657,88259,176518,18306
1082,158352,246235,89348,493935,158352,246235,89348,493935,987870,0
5638,11650,11077,24159,46886,11650,11077,24159,46886,93772,0
5529,123978,25630,23314,172922,123978,25630,23314,172922,345844,0
5929,13514,12909,39132,65555,13514,12909,39132,65555,131110,0
9823,23668,20173,30294,74135,23668,20173,30294,74135,148270,0
5184,76246,97951,86758,260955,76246,97951,86758,260955,521910,0
6691,1154124,1997700,873962,4025786,1154124,1997700,873962,4025786,8051572,801532
7043,24901,19595,30398,74894,24901,19595,30398,74894,149788,0
6888,313391,328572,826251,1468214,313391,328572,826251,1468214,2936428,1613360
1178,25360,9606,59513,94479,25360,9606,59513,94479,188958,0
9587,408654,483449,228265,1120368,408654,483449,228265,1120368,2240736,0
5186,6561,10720,6354,23635,6561,10720,6354,23635,47270,0
8448,11509,13214,7829,32552,11509,13214,7829,32552,65104,0
5605,51893,59432,99733,211058,51893,59432,99733,211058,422116,0
7044,11102,15120,15540,41762,11102,15120,15540,41762,83524,0
5835,18951,70649,8095,97695,18951,70649,8095,97695,195390,0
8257,6745,593,3561,10899,6745,593,3561,10899,21798,0
7319,33648,56224,2113,91985,33648,56224,2113,91985,183970,0
9903,98707,88057,120226,306990,98707,88057,120226,306990,613980,0
9552,10248,6269,12136,28653,10248,6269,12136,28653,57306,0
4619,21606,16774,13731,52111,21606,16774,13731,52111,104222,0
7893,17030,4976,2215,24221,17030,4976,2215,24221,48442,0
3150,11503,10992,17396,39891,11503,10992,17396,39891,79782,0
8347,225223,247443,268820,741486,225223,247443,268820,741486,1482972,309316
7073,69,3,334,406,69,3,334,406,812,0
3009,374,763,670,1807,374,763,670,1807,3614,0
1595,10364,17121,3036,30521,10364,17121,3036,30521,61042,0
3206,13735,2849,4699,21283,13735,2849,4699,21283,42566,0
6570,8829,1540,4715,15084,8829,1540,4715,15084,30168,0
4526,37229,44808,101031,183068,37229,44808,101031,183068,366136,0
7455,82583,88881,155133,326597,82583,88881,155133,326597,653194,0
5930,18119,10144,14392,42655,18119,10144,14392,42655,85310,0
1024,225639,400885,907765,1534289,225639,400885,907765,1534289,3068578,0
5074,2614,5793,10755,19162,2614,5793,10755,19162,38324,0
5277,136394,323932,234712,695038,136394,323932,234712,695038,1390076,0
5084,118464,114780,479934,713178,118464,114780,479934,713178,1426356,1010
2546,76626,25646,6913,109185,76626,25646,6913,109185,218370,16389
9739,30380,29081,29447,88908,30380,29081,29447,88908,177816,0
4387,308622,393657,136146,838425,308622,393657,136146,838425,1676850,170633
5125,235192,260775,933564,1429531,235192,260775,933564,1429531,2859062,0
1902,17310,17117,17401,51828,17310,17117,17401,51828,103656,0
2000,3523,256,1114,4893,3523,256,1114,4893,9786,0
6782,5841,5965,2880,14686,5841,5965,2880,14686,29372,0
6972,59190,82118,151158,292466,59190,82118,151158,292466,584932,0
1968,11952,6467,5093,23512,11952,6467,5093,23512,47024,0
9988,103998,97121,141421,342540,103998,97121,141421,342540,685080,0
5187,208296,345910,471258,1025464,208296,345910,471258,1025464,2050928,474996
6265,41174,118904,20617,180695,41174,118904,20617,180695,361390,0
4217,12124,1879,3018,17021,12124,1879,3018,17021,34042,0
2728,259856,115137,89878,464871,259856,115137,89878,464871,929742,11966
5154,47934,52621,145437,245992,47934,52621,145437,245992,491984,6979
8450,33079,28520,42109,103708,33079,28520,42109,103708,207416,0
9236,5641,3697,1402,10740,5641,3697,1402,10740,21480,0
6362,60822,56769,44062,161653,60822,56769,44062,161653,323306,35385
8179,1553,593,0,2146,1553,593,0,2146,4292,0
3172,613276,1104847,867449,2585572,613276,1104847,867449,2585572,5171144,1340427
4530,12455,11039,19808,43302,12455,11039,19808,43302,86604,0
5494,2742,2994,0,5736,2742,2994,0,5736,11472,0
1114,43149,43755,85120,172024,43149,43755,85120,172024,344048,322097
1150,21564,31302,40017,92883,21564,31302,40017,92883,185766,43
5382,20358,26918,92472,139748,20358,26918,92472,139748,279496,0
2660,11973,46543,12008,70524,11973,46543,12008,70524,141048,0
8036,1183,15,299,1497,1183,15,299,1497,2994,0
5189,28305,33111,31150,92566,28305,33111,31150,92566,185132,0
5185,1887,1848,2977,6712,1887,1848,2977,6712,13424,0
5126,3853,7440,18881,30174,3853,7440,18881,30174,60348,0
4527,147631,228318,391656,767605,147631,228318,391656,767605,1535210,16950
7320,1932,2820,659,5411,1932,2820,659,5411,10822,0
1452,43098,40695,108385,192178,43098,40695,108385,192178,384356,0
7953,935,15,305,1255,935,15,305,1255,2510,0
5425,81223,80681,168134,330038,81223,80681,168134,330038,660076,0
5410,97263,99953,366561,563777,97263,99953,366561,563777,1127554,0
8355,47873,83710,43987,175570,47873,83710,43987,175570,351140,0
3138,6883,5046,4015,15944,6883,5046,4015,15944,31888,0
9318,80323,36214,122113,238650,80323,36214,122113,238650,477300,0
1451,46446,74178,127156,247780,46446,74178,127156,247780,495560,0
1453,48944,57867,20759,127570,48944,57867,20759,127570,255140,0
5292,12931,11167,44677,68775,12931,11167,44677,68775,137550,0
8142,17726,12485,20426,50637,17726,12485,20426,50637,101274,0
3057,31991,17617,18356,67964,31991,17617,18356,67964,135928,0
7404,57698,78841,84455,220994,57698,78841,84455,220994,441988,0
1949,8074,7054,11845,26973,8074,7054,11845,26973,53946,0
3187,216830,380741,353501,951072,216830,380741,353501,951072,1902144,0
5922,241531,265658,197153,704342,241531,265658,197153,704342,1408684,132156
5932,793001,1383824,723173,2899998,793001,1383824,723173,2899998,5799996,762872
5263,27346,37364,46054,110764,27346,37364,46054,110764,221528,0
6947,34712,47415,87865,169992,34712,47415,87865,169992,339984,0
5339,1726,3024,1364,6114,1726,3024,1364,6114,12228,0
7456,256297,353194,294528,904019,256297,353194,294549,904040,1808059,52588
7457,219668,271984,445904,937556,219668,271984,445917,937569,1875125,0
7420,217084,383905,1272086,1873075,217084,383905,1272051,1873040,3746115,1176
6890,13524,14224,43389,71137,13524,14224,43389,71137,142274,0
2262,393316,816911,232997,1443224,393316,816911,232997,1443224,2886448,24870
5286,40126,87083,52544,179753,40126,87083,52544,179753,359506,0
8527,51152,56797,41178,149127,51152,56797,41178,149127,298254,0
6388,24300,52813,14526,91639,24300,52813,14526,91639,183278,0
8836,2184,1009,0,3193,2184,1009,0,3193,6386,0
2199,107176,16847,36568,160591,107176,16847,36568,160591,321182,0
1699,4313,142,3736,8191,4313,142,3736,8191,16382,0
7379,168,35,117,320,168,35,117,320,640,0
4535,18359,23022,43498,84879,18359,23022,43498,84879,169758,0
9997,66726,40574,52715,160015,66726,40574,52715,160015,320030,4001
9175,323,26,5,354,323,26,5,354,708,0
2666,6614,2849,1709,11172,6614,2849,1709,11172,22344,0
1562,32981,36531,22872,92384,32981,36531,22872,92384,184768,0
1548,634874,923777,1573040,3131691,634874,923777,1573040,3131691,6263382,111025
3252,969,262,933,2164,969,262,933,2164,4328,0
2672,35137,21077,5336,61550,35137,21077,5336,61550,123100,0
3534,21737,152590,43893,218220,21737,152590,43893,218220,436440,0
2002,17036,2842,4827,24705,17036,2842,4827,24705,49410,0
3590,240,626,297,1163,240,626,297,1163,2326,0
3592,322,2369,780,3471,322,2369,780,3471,6942,0
3536,132,777,74,983,132,777,74,983,1966,0
5914,46938,33654,37086,117678,46938,33654,37086,117678,235356,46226
3537,2713,47838,9834,60385,2713,47838,9834,60385,120770,138551
3586,2181,11626,8572,22379,2181,11626,8572,22379,44758,0
2341,103960,200821,57124,361905,103960,200821,57124,361905,723810,0
2340,43825,57064,27410,128299,43825,57064,27410,128299,256598,17413
5290,19081,15003,41176,75260,19081,15003,41176,75260,150520,0
3538,2106,125027,2132,129265,2106,125027,2132,129265,258530,0
5751,5648,20195,2112,27955,5648,20195,2112,27955,55910,0
6973,57374,76316,199382,333072,57374,76316,199382,333072,666144,0
5059,56902,72388,201268,330558,56902,72388,201268,330558,661116,0
3572,34,502,0,536,34,502,0,536,1072,0
5239,78525,165843,94971,339339,78525,165843,94971,339339,678678,202475
5604,182393,170384,448259,801036,182393,170384,448259,801036,1602072,0
6821,39449,33935,70090,143474,39449,33935,70090,143474,286948,0
5073,135888,156679,442646,735213,135888,156679,442646,735213,1470426,0
2248,148641,35090,51054,234785,148641,35090,51054,234785,469570,0
6110,112454,164478,268762,545694,112454,164478,268762,545694,1091388,0
1555,1910246,4837191,4266036,11013473,1911018,4838884,4268213,11018115,22031588,2158903
1268,245033,377856,252138,875027,245033,377856,252138,875027,1750054,223835
5670,439896,481896,477857,1399649,439896,481896,477857,1399649,2799298,336855
6287,4498,358,36,4892,4498,358,36,4892,9784,0
2983,85215,235573,197214,518002,85215,235573,197214,518002,1036004,51511
6140,53514,66480,28221,148215,53514,66480,28221,148215,296430,0
6968,30121,35553,101323,166997,30121,35553,101323,166997,333994,0
7458,150673,108551,215287,474511,150673,108551,215287,474511,949022,0
2159,99,4,68,171,99,4,68,171,342,0
6834,1741217,257142,38746,2037105,1741217,257142,38746,2037105,4074210,14534
6833,48837,46197,102795,197829,48837,46197,102795,197829,395658,9001
5228,54507,127275,257833,439615,54507,127275,257833,439615,879230,0
3250,36838,15077,9627,61542,36838,15077,9627,61542,123084,0
8221,31699,27966,20771,80436,31699,27966,20771,80436,160872,0
3413,8198,24425,12960,45583,8198,24425,12960,45583,91166,0
1977,7112,6204,11253,24569,7112,6204,11253,24569,49138,0
1043,30588,36836,36991,104415,30588,36836,36991,104415,208830,0
8469,139083,105790,127295,372168,139083,105790,127295,372168,744336,0
9842,45173,44463,56004,145640,45173,44463,56004,145640,291280,0
6092,605076,805400,700912,2111388,605076,805400,700912,2111388,4222776,216801
9553,21781,20945,13643,56369,21781,20945,13643,56369,112738,0
1386,1844,2976,2547,7367,1844,2976,2547,7367,14734,0
9554,43916,46594,50918,141428,43916,46594,50918,141428,282856,0
9888,330844,610457,192274,1133575,330844,610457,192274,1133575,2267150,185254
2771,338327,889992,340998,1569317,338327,889992,340998,1569317,3138634,805153
7513,9993,11640,9479,31112,9993,11640,9479,31112,62224,0
8451,4007,5015,4575,13597,4007,5015,4575,13597,27194,0
7975,18826,7673,6790,33289,18826,7673,6790,33289,66578,16
1467,32250,29543,84446,146239,32250,29543,84446,146239,292478,0
6934,80943,110463,151770,343176,80943,110463,151770,343176,686352,0
1314,360875,636827,143817,1141519,360875,636827,143817,1141519,2283038,145723
1316,22517,10430,5226,38173,22517,10430,5226,38173,76346,0
5248,15647,15265,38339,69251,15647,15265,38339,69251,138502,0
1454,90537,92664,183853,367054,90537,92664,183853,367054,734108,0
5240,10559,22788,43344,76691,10559,22788,43344,76691,153382,0
8964,76412,102111,62838,241361,76412,102111,62838,241361,482722,0
4770,11849,42178,10722,64749,11849,42178,10722,64749,129498,0
5606,112239,129005,343092,584336,112239,129005,343092,584336,1168672,0
4646,87006,169939,346553,603498,87006,169939,346553,603498,1206996,534701
4643,40507,68485,187427,296419,40507,68485,187427,296419,592838,0
7355,113258,148274,166314,427846,113258,148274,166314,427846,855692,30911
9555,11338,17244,56,28638,11338,17244,56,28638,57276,0
6969,1595513,2143411,5000583,8739507,1595513,2143411,5000589,8739513,17479020,1656889
7222,42195,48647,112907,203749,42194,48647,112907,203748,407497,1277
4558,62480,177360,75758,315598,62480,177360,75758,315598,631196,703
8673,2953,1108,0,4061,2953,1108,0,4061,8122,0
5607,125900,113700,254958,494558,125900,113700,254958,494558,989116,386
5383,182121,163417,744190,1089728,182121,163417,744190,1089728,2179456,362370
5384,271412,312701,1088926,1673039,271412,312701,1088926,1673039,3346078,185217
5435,220816,227091,713583,1161490,220816,227091,713583,1161490,2322980,0
8543,6686,6659,2124,15469,6686,6659,2124,15469,30938,0
2834,1164,3138,1000,5302,1164,3138,1000,5302,10604,0
8674,638,81,0,719,638,81,0,719,1438,0
5191,143677,174127,210823,528627,143677,174127,210823,528627,1057254,310379
4771,25243,161792,37101,224136,25243,161792,37101,224136,448272,0
5029,6271,10601,13848,30720,6271,10601,13848,30720,61440,0
2868,394,617,209,1220,394,617,209,1220,2440,0
7098,28328,57049,60685,146062,28328,57049,60685,146062,292124,0
1483,3702,1175,4350,9227,3702,1175,4350,9227,18454,0
1484,8680,5047,9787,23514,8680,5047,9787,23514,47028,0
4157,27,15,0,42,27,15,0,42,84,0
9959,19866,23604,14808,58278,19866,23604,14808,58278,116556,0
5608,49497,51189,99222,199908,49497,51189,99222,199908,399816,0
7640,89245,149327,126409,364981,89245,149327,126409,364981,729962,12017
5155,30883,27928,97024,155835,30883,27928,97024,155835,311670,0
5671,121173,120598,105604,347375,121173,120598,105604,347375,694750,0
5675,5471,5407,4831,15709,5471,5407,4831,15709,31418,0
5571,789233,1204336,2176609,4170178,789233,1204336,2176609,4170178,8340356,897935
1083,139050,243413,192336,574799,139050,243413,192336,574799,1149598,685971
5385,641900,590842,1651605,2884347,641900,590842,1651605,2884347,5768694,709249
1044,137324,176322,278617,592263,137324,176322,278617,592263,1184526,0
5436,31400,20945,83995,136340,31400,20945,83995,136340,272680,0
1861,25833,25443,13001,64277,25833,25443,13001,64277,128554,0
5249,940,420,674,2034,940,420,674,2034,4068,0
5075,110500,187087,303684,601271,110500,187087,303684,601271,1202542,84366
5156,14191,19474,36230,69895,14191,19474,36230,69895,139790,0
4222,418694,520026,139233,1077953,418694,520026,139233,1077953,2155906,83614
5920,98283,80724,111721,290728,98283,80724,111721,290728,581456,0
5884,16749,18526,19198,54473,16749,18526,19198,54473,108946,0
5933,16909,12261,15738,44908,16909,12261,15738,44908,89816,0
6355,2636,462,2674,5772,2636,462,2674,5772,11544,0
3333,231937,815097,472580,1519614,231937,815097,472580,1519614,3039228,163823
6228,708,41,440,1189,708,41,440,1189,2378,0
2800,12973,28368,19774,61115,12973,28368,19774,61115,122230,0
6686,49448,58830,77533,185811,49448,58830,77533,185811,371622,3094
5437,244390,285515,761288,1291193,244390,285515,761288,1291193,2582386,0
5085,49431,57216,180441,287088,49431,57216,180441,287088,574176,0
5609,123662,70839,214976,409477,123662,70839,214976,409477,818954,0
1900,32104,30079,29083,91266,32104,30079,29083,91266,182532,0
3195,2484,5701,2263,10448,2484,5701,2263,10448,20896,0
5386,33921,28925,60864,123710,33921,28925,60864,123710,247420,0
3880,99318,4023,51173,154514,99318,4023,51173,154514,309028,0
8676,7971,4355,1146,13472,7971,4355,1146,13472,26944,0
4479,3444,816,611,4871,3444,816,611,4871,9742,0
4355,7486,2530,687,10703,7486,2530,687,10703,21406,0
2463,323,166,5,494,323,166,5,494,988,0
1010,44860,67608,78592,191060,44860,67608,78592,191060,382120,0
1322,177294,162532,125497,465323,177294,162532,125497,465323,930646,132568
3151,28176,36599,41435,106210,28176,36599,41435,106210,212420,0
5387,33506,23064,65676,122246,33506,23064,65676,122246,244492,0
3471,115254,438315,65434,619003,115254,438315,65434,619003,1238006,59571
8727,5025,876,0,5901,5025,876,0,5901,11802,0
5572,269329,286814,594622,1150765,269329,286814,594622,1150765,2301530,138674
7521,6,3,0,9,6,3,0,9,18,0
3430,34077,175221,43225,252523,34077,175221,43225,252523,505046,0
4691,143804,239789,112365,495958,143804,239789,112365,495958,991916,5072
5837,12917,27514,12847,53278,12917,27514,12847,53278,106556,0
4110,34902,17604,235,52741,34902,17604,235,52741,105482,0
5193,11834,18259,36703,66796,11834,18259,36703,66796,133592,0
5610,85355,89609,235978,410942,85355,89609,235978,410942,821884,0
3152,50830,91667,110174,252671,50830,91667,110174,252671,505342,0
2264,25504,49424,6435,81363,25504,49424,6435,81363,162726,0
4523,34693,56852,72124,163669,34693,56852,72124,163669,327338,0
4538,2617,2019,1280,5916,2617,2019,1280,5916,11832,0
3153,66657,58900,96781,222338,66657,58900,96781,222338,444676,0
6949,22707,23115,61326,107148,22707,23115,61326,107148,214296,0
7203,34491,71283,15604,121378,34491,71283,15604,121378,242756,4
8191,27771,50699,16174,94644,27771,50699,16174,94644,189288,0
7976,124758,90173,69678,284609,124758,90173,69678,284609,569218,44993
6530,23768,25947,25799,75514,23768,25947,25799,75514,151028,693
6531,17895,26182,21246,65323,17895,26182,21246,65323,130646,0
5849,707,702,10,1419,707,702,10,1419,2838,192
9812,31665,22831,37529,92025,31665,22831,37529,92025,184050,0
6210,482,116,0,598,482,116,0,598,1196,0
5388,231212,314512,770913,1316637,231212,314512,770913,1316637,2633274,0
9825,4179,2480,2486,9145,4179,2480,2486,9145,18290,0
7460,113751,102021,182856,398628,113751,102021,182856,398628,797256,0
6267,162,47,0,209,162,47,0,209,418,0
6857,13823,13549,34701,62073,13823,13549,34701,62073,124146,297967
5491,262455,452453,636002,1350910,262455,452453,636002,1350910,2701820,850944
5028,342,311,117,770,342,311,117,770,1540,0
6203,849,66,206,1121,849,66,206,1121,2242,0
8282,8541,13973,8523,31037,8541,13973,8523,31037,62074,0
8677,12891,11195,0,24086,12891,11195,0,24086,48172,0
7356,10464,8471,5595,24530,10464,8471,5595,24530,49060,0
7462,138480,106091,155593,400164,138480,106091,155593,400164,800328,8344
1035,41991,52694,74904,169589,41991,52694,74904,169589,339178,0
3154,36210,73166,126427,235803,36210,73166,126427,235803,471606,0
1159,21641,38102,45347,105090,21641,38102,45347,105090,210180,0
4025,6787,1652,2291,10730,6787,1652,2291,10730,21460,0
5798,27820,48220,32246,108286,27820,48220,32246,108286,216572,0
3474,27695,146968,8950,183613,27695,146968,8950,183613,367226,0
2677,64135,117496,80911,262542,64135,117496,80911,262542,525084,0
5573,54484,54712,135037,244233,54484,54712,135037,244233,488466,0
3897,13733,3857,2259,19849,13733,3857,2259,19849,39698,0
5229,327473,559008,1141111,2027592,327473,559008,1141111,2027592,4055184,462278
4271,10865,3355,3835,18055,10865,3355,3835,18055,36110,0
4432,1119,244,0,1363,1119,244,0,1363,2726,0
3882,26001,7396,5501,38898,26001,7396,5501,38898,77796,0
5389,84251,77009,339035,500295,84251,77009,339035,500295,1000590,0
5758,17918,71193,10631,99742,17918,71193,10631,99742,199484,0
3434,19791,159591,11154,190536,19791,159591,11154,190536,381072,1186
3432,14777,38878,35627,89282,14777,38878,35627,89282,178564,0
3558,33362,242204,20794,296360,33362,242204,20794,296360,592720,0
6951,751336,461703,702665,1915704,751336,461881,702884,1916101,3831805,190186
5921,46664,36014,68583,151261,46664,36014,68583,151261,302522,0
2283,53425,21303,21872,96600,53425,21303,21872,96600,193200,0
2969,7736,6909,8795,23440,7736,6909,8795,23440,46880,0
3887,172783,123686,88354,384823,172783,123686,88354,384823,769646,0
3886,42458,1769,13799,58026,42458,1769,13799,58026,116052,0
3888,9406,2534,3809,15749,9406,2534,3809,15749,31498,0
3889,133418,58309,71704,263431,133418,58309,71704,263431,526862,0
3891,21805,5831,4854,32490,21805,5831,4854,32490,64980,0
7225,8571,8941,2679,20191,8571,8941,2679,20191,40382,0
1393,97311,104841,128413,330565,97311,104841,128413,330565,661130,137
4276,13722,1874,652,16248,13722,1874,652,16248,32496,0
9562,114108,108863,99389,322360,114108,108863,99389,322360,644720,4987
3348,137210,150431,82486,370127,137210,150431,82486,370127,740254,5534
3540,57020,391508,132041,580569,57020,391508,132041,580569,1161138,139670
8837,863,245,0,1108,863,245,0,1108,2216,0
5390,187950,165447,571387,924784,187950,165447,571387,924784,1849568,771062
5230,257912,567254,930405,1755571,257912,567254,930405,1755571,3511142,42689
6952,31918,55626,125009,212553,31918,55626,125009,212553,425106,0
1783,11963,10437,3691,26091,11963,10437,3691,26091,52182,0
5574,652109,733451,1171603,2557163,652109,733451,1171603,2557163,5114326,468626
3155,127091,231897,257367,616355,127091,231897,257367,616355,1232710,292666
2439,1363,591,352,2306,1363,591,352,2306,4612,0
3817,22200,1748,21452,45400,22200,1748,21452,45400,90800,0
4357,564,90,370,1024,564,90,370,1024,2048,0
8728,1591,337,0,1928,1591,337,0,1928,3856,0
4518,21092,13174,50442,84708,21092,13174,50442,84708,169416,9200
4433,30833,12295,11625,54753,30833,12295,11625,54753,109506,0
5334,30334,46305,124880,201519,30334,46305,124880,201519,403038,7562
9776,128663,95995,141142,365800,128663,95995,141142,365800,731600,0
6211,3390,322,161,3873,3390,322,161,3873,7746,0
8261,2360,147,535,3042,2360,147,535,3042,6084,0
2010,53970,48639,17181,119790,53970,48639,17181,119790,239580,0
5826,876,8826,202,9904,876,8826,202,9904,19808,0
4504,291122,441308,346722,1079152,291122,441308,346722,1079152,2158304,0
9373,47995,33485,30888,112368,47995,33485,30888,112368,224736,0
2364,5761,3646,959,10366,5761,3646,959,10366,20732,0
7464,683935,610591,701243,1995769,683935,610591,701243,1995769,3991538,547968
5613,11701,9960,42701,64362,11701,9960,42701,64362,128724,0
1524,72238,64309,116364,252911,72238,64309,116364,252911,505822,0
8838,1069,823,0,1892,1069,823,0,1892,3784,0
5391,70401,94532,199907,364840,70401,94532,199907,364840,729680,8
2141,7837,1957,1566,11360,7837,1957,1566,11360,22720,0
5967,12107,9223,2175,23505,12107,9223,2175,23505,47010,18496
2938,25073,66623,35011,126707,25073,66623,35011,126707,253414,0
1342,39727,29725,9672,79124,39727,29725,9672,79124,158248,0
2440,4995,2033,1356,8384,4995,2033,1356,8384,16768,0
5597,1275340,1759520,5231129,8265989,1275340,1759531,5231081,8265952,16531941,0
5426,6764308,11950686,18072513,36787507,6764042,11949930,18072013,36785985,73573492,4800979
5676,88831,98433,85159,272423,88831,98433,85159,272423,544846,75780
5392,53891,52881,173886,280658,53891,52881,173886,280658,561316,0
5231,23618,65571,109701,198890,23618,65571,109701,198890,397780,0
6268,10912,5418,16008,32338,10912,5418,16008,32338,64676,0
8584,95686,95885,54110,245681,95686,95885,54110,245681,491362,82345
8591,262780,462691,348734,1074205,262780,462691,348734,1074205,2148410,72206
2612,30860,56200,45970,133030,30860,56200,45970,133030,266060,0
2154,156718,20405,56179,233302,156718,20405,56179,233302,466604,0
2265,132693,18821,40657,192171,132693,18821,40657,192171,384342,0
5394,186958,179594,557394,923946,186958,179594,557394,923946,1847892,0
9365,50920,25196,34770,110886,50920,25196,34770,110886,221772,0
5041,23874,31858,56483,112215,23874,31858,56483,112215,224430,0
1216,105610,184780,203693,494083,105610,184780,203693,494083,988166,13092
2665,12382,17805,19337,49524,12382,17805,19337,49524,99048,0
6823,71408,58786,170576,300770,71408,58786,170576,300770,601540,0
6953,184823,309014,777676,1271513,184823,309014,777676,1271513,2543026,0
7407,41690,41171,25210,108071,41690,41171,25210,108071,216142,0
2251,46080,15053,21106,82239,46080,15053,21106,82239,164478,0
6858,11146,29695,18419,59260,11146,29695,18419,59260,118520,0
5575,314368,353578,648864,1316810,314368,353578,648864,1316810,2633620,0
5639,18171,8458,19735,46364,18171,8458,19735,46364,92728,0
5395,175050,161061,516627,852738,175050,161061,516627,852738,1705476,0
5372,26681,25439,67654,119774,26681,25439,67654,119774,239548,0
5576,331855,291366,983634,1606855,331855,291366,983634,1606855,3213710,0
7408,39418,49756,86551,175725,39418,49756,86551,175725,351450,658
1085,102653,181787,74840,359280,102653,181787,74840,359280,718560,0
5264,4119,3701,5768,13588,4119,3701,5768,13588,27176,0
6824,108992,109206,200982,419180,108992,109206,200982,419180,838360,0
5959,56904,89242,21149,167295,56904,89242,21149,167295,334590,0
3158,8029,7953,23108,39090,8029,7953,23108,39090,78180,0
5505,48375,94151,25876,168402,48375,94151,25876,168402,336804,12197
5316,2037,1137,2443,5617,2037,1137,2443,5617,11234,0
2384,155035,243090,41735,439860,155032,242938,41492,439462,879322,274662
2390,279896,295451,127676,703023,279899,295604,127919,703422,1406445,111794
4600,70689,104187,76722,251598,70689,104187,76722,251598,503196,0
8530,56059,130317,40558,226934,56059,130317,40558,226934,453868,0
1121,9366,1824,10102,21292,9366,1824,10102,21292,42584,0
7079,42538,43033,65117,150688,42538,43033,65117,150688,301376,0
5241,7306,8156,11036,26498,7306,8156,11036,26498,52996,0
5598,7910462,13226618,24739216,45876296,7910185,13225666,24738235,45874086,91750382,5772501
5158,345460,859630,2113710,3318800,345460,859692,2113785,3318937,6637737,891048
2133,290859,104574,112038,507471,290859,104574,112038,507471,1014942,0
1455,155063,232858,30472,418393,155063,232858,30472,418393,836786,0
1402,776421,1052969,581706,2411096,776421,1052969,581706,2411096,4822192,410887
1403,9114,15690,22152,46956,9114,15690,22152,46956,93912,0
7057,15008,23972,17969,56949,15008,23972,17969,56949,113898,0
6095,16696,12491,33538,62725,16696,12491,33538,62725,125450,0
3796,12980,878,7600,21458,12980,878,7600,21458,42916,0
8589,69094,84215,31486,184795,69094,84215,31486,184795,369590,0
6859,4623,2914,3866,11403,4623,2914,3866,11403,22806,0
8509,13073,11193,7603,31869,13073,11193,7603,31869,63738,0
6073,26432,17774,36236,80442,26432,17774,36236,80442,160884,0
5128,186085,160785,762585,1109455,186085,160785,762585,1109455,2218910,0
1940,67979,154076,243280,465335,67979,154076,243280,465335,930670,132
4690,113012,73599,84909,271520,113012,73599,84909,271520,543040,0
4434,32495,19693,607,52795,32495,19693,607,52795,105590,0
6183,344271,355563,516140,1215974,344271,355563,516140,1215974,2431948,140296
6096,59356,65358,118214,242928,59356,65358,118214,242928,485856,0
1347,18809,24431,9265,52505,18809,24431,9265,52505,105010,0
1423,212052,421991,472288,1106331,212052,421991,472288,1106331,2212662,24821
1509,55956,137026,47387,240369,55956,137026,47387,240369,480738,0
9673,49152,31511,20915,101578,49152,31511,20915,101578,203156,0
1466,56409,51496,99202,207107,56409,51496,99202,207107,414214,0
2681,1372,419,57,1848,1372,419,57,1848,3696,0
2266,9996,10709,2344,23049,9996,10709,2344,23049,46098,0
8875,253956,318577,180470,753003,253956,318577,180470,753003,1506006,0
5684,140826,144131,308329,593286,140826,144131,308329,593286,1186572,0
9250,23538,17714,13374,54626,23538,17714,13374,54626,109252,0
5411,397987,408459,853015,1659461,398562,409060,856114,1663736,3323197,454617
3174,191366,336756,315752,843874,191366,336756,315752,843874,1687748,0
5086,100047,104626,250288,454961,100047,104626,250288,454961,909922,0
3188,88762,95892,349928,534582,88762,95892,349928,534582,1069164,572
7474,521946,601281,363887,1487114,521946,601281,363887,1487114,2974228,10719
1421,176578,230617,540839,948034,176604,230633,541678,948915,1896949,137811
1525,279769,307120,701700,1288589,279743,307104,700861,1287708,2576297,413405
7466,58706,23618,86705,169029,58706,23618,86705,169029,338058,0
9564,35992,33488,31241,100721,35992,33488,31241,100721,201442,0
2201,170488,141010,96155,407653,170488,141010,96155,407653,815306,0
5129,66704,106426,189125,362255,66704,106426,189125,362255,724510,0
5438,177216,182331,610801,970348,177216,182331,610801,970348,1940696,63889
3059,49267,49586,30422,129275,49267,49586,30422,129275,258550,249
7329,6910,4374,231,11515,6910,4374,231,11515,23030,0
5242,9605,13643,15730,38978,9605,13643,15730,38978,77956,0
5293,30789,25720,78710,135219,30789,25720,78710,135219,270438,0
5054,77225,87240,294512,458977,77225,87240,294512,458977,917954,0
5278,53853,141906,122612,318371,53853,141906,122612,318371,636742,0
5712,59778,112977,39869,212624,59778,112977,39869,212624,425248,148738
7476,149540,141902,201241,492683,149540,141902,201241,492683,985366,0
5151,96637,98492,276916,472045,96637,98492,276916,472045,944090,0
5030,4791,9863,15707,30361,4791,9863,15707,30361,60722,0
9231,6009,4006,1624,11639,6009,4006,1624,11639,23278,0
7226,3039,1994,1640,6673,3039,1994,1640,6673,13346,3197
9998,129086,104167,108489,341742,129086,104167,108489,341742,683484,38571
5195,13516,20517,55196,89229,13516,20517,55196,89229,178458,0
2619,17944,55597,25284,98825,17944,55597,25284,98825,197650,0
3388,7420,8315,4494,20229,7420,8315,4494,20229,40458,0
3391,102412,302712,113779,518903,102412,302712,113779,518903,1037806,5922
7572,3982,2815,259,7056,3982,2815,259,7056,14112,0
5577,367903,274679,529732,1172314,367903,274679,529732,1172314,2344628,528837
5965,99245,273573,26348,399166,99245,273573,26348,399166,798332,5409
2772,12393,26760,7172,46325,12393,26760,7172,46325,92650,0
2736,22533,12043,4294,38870,22533,12043,4294,38870,77740,0
1585,3913,9111,1120,14144,3913,9111,1120,14144,28288,0
9753,47785,37878,38153,123816,47785,37878,38153,123816,247632,2336
5759,9516,16992,3762,30270,9516,16992,3762,30270,60540,0
9665,7836,7302,3748,18886,7836,7302,3748,18886,37772,0
2161,32849,69517,19333,121699,32849,69517,19333,121699,243398,0
8184,31174,9151,26645,66970,31174,9151,26645,66970,133940,0
5527,18754,28138,77078,123970,18754,28138,77078,123970,247940,0
1348,24493,18212,9268,51973,24493,18212,9268,51973,103946,0
3896,2035,195,355,2585,2035,195,355,2585,5170,0
6956,62812,94253,182888,339953,62812,94253,182888,339953,679906,0
6846,1800,699,2911,5410,1800,699,2911,5410,10820,0
4935,400569,636147,16,1036732,400569,636147,16,1036732,2073464,0
9777,59715,34977,53202,147894,59715,34977,53202,147894,295788,0
2048,81777,32340,18744,132861,81777,32340,18744,132861,265722,0
4111,19689,6010,432,26131,19689,6010,432,26131,52262,2386
8130,304,10,138,452,304,10,138,452,904,0
4539,10825,6002,20894,37721,10825,6002,20894,37721,75442,0
5196,47670,128598,196571,372839,47670,128598,196571,372839,745678,0
7187,4313,2650,4774,11737,4313,2650,4774,11737,23474,0
7047,35879,42204,91070,169153,35879,42204,91070,169153,338306,0
5611,147257,145962,337744,630963,147257,145962,337744,630963,1261926,0
6551,4079,5263,1032,10374,4079,5263,1032,10374,20748,0
5396,36435,29261,83590,149286,36435,29261,83590,149286,298572,0
5439,18395,12789,27220,58404,18395,12789,27220,58404,116808,0
8680,6185,6648,0,12833,6185,6648,0,12833,25666,0
6891,173885,187607,649662,1011154,173885,187607,649662,1011154,2022308,583123
7227,5474,7460,1907,14841,5474,7460,1907,14841,29682,0
7695,1312,61,1189,2562,1312,61,1189,2562,5124,0
2391,74036,65212,27349,166597,74036,65212,27349,166597,333194,0
4528,32122,26699,78463,137284,32122,26699,78463,137284,274568,0
2363,191558,271112,70877,533547,191558,271021,70420,532999,1066546,318669
2406,133045,413436,240087,786568,133045,413527,240544,787116,1573684,98689
2098,19253,5307,4713,29273,19253,5307,4713,29273,58546,0
3965,4874,830,377,6081,4874,830,377,6081,12162,0
1457,340480,396370,451808,1188658,340480,396370,451808,1188658,2377316,1256095
9781,41626,25961,49067,116654,41626,25961,49067,116654,233308,0
1905,3921,1459,1483,6863,3921,1459,1483,6863,13726,0
4568,4948,2411,1107,8466,4948,2411,1107,8466,16932,0
2774,158587,228145,108285,495017,158587,228145,108285,495017,990034,68041
1056,10473,4575,19601,34649,10473,4575,19601,34649,69298,0
5578,1597127,1657720,4854385,8109232,1597127,1657720,4854385,8109232,16218464,1475037
5612,25689,23757,111750,161196,25689,23757,111750,161196,322392,0
5042,168,323,-254,237,168,323,-254,237,474,0
5924,433283,693533,983540,2110356,433283,693533,983540,2110356,4220712,63810
5528,28787,44959,77541,151287,28787,44959,77541,151287,302574,0
6024,117706,126643,428950,673299,117706,126643,428950,673299,1346598,0
1978,34944,127056,17357,179357,34944,127056,17357,179357,358714,0
3175,164064,477666,219906,861636,164064,477666,219906,861636,1723272,25389
5672,190534,315632,130804,636970,190534,315632,130804,636970,1273940,34893
5697,59891,64629,96279,220799,59891,64629,96279,220799,441598,0
5698,55777,36574,67694,160045,55777,36574,67694,160045,320090,0
2269,22404,46565,7260,76229,22404,46565,7260,76229,152458,0
9694,58277,51624,63393,173294,58277,51624,63393,173294,346588,0
6844,156571,228939,694035,1079545,156571,228939,694035,1079545,2159090,145117
5640,29997,23044,66721,119762,29997,23044,66721,119762,239524,0
1011,17529,37827,29523,84879,17529,37827,29523,84879,169758,0
5341,36485,69389,136211,242085,36485,69389,136211,242085,484170,21335
6860,23169,51012,90834,165015,23169,51012,90834,165015,330030,2588
1539,3698,8660,10443,22801,3698,8660,10443,22801,45602,0
5685,931109,1068515,1630705,3630329,931109,1068515,1630705,3630329,7260658,1497355
5696,277301,396253,375213,1048767,277301,396253,375213,1048767,2097534,107405
5440,23602,32132,76295,132029,23602,32132,76295,132029,264058,0
1218,407049,934180,886054,2227283,407049,934180,886054,2227283,4454566,286875
1364,20463,27015,112372,159850,20463,27015,112372,159850,319700,0
6688,32211,31099,28176,91486,32211,31099,28176,91486,182972,0
4536,1876,1613,2241,5730,1876,1613,2241,5730,11460,0
6954,61799,89351,186301,337451,61799,89351,186301,337451,674902,0
7228,21604,36363,8732,66699,21604,36363,8732,66699,133398,0
7467,37834,42629,74540,155003,37834,42629,74540,155003,310006,0
9639,9016,7696,9011,25723,9016,7696,9011,25723,51446,0
6892,43437,32713,203385,279535,43437,32713,203385,279535,559070,0
6732,4908,2618,6181,13707,4908,2618,6181,13707,27414,0
8578,53055,36089,79607,168751,53055,36089,79607,168751,337502,0
2835,5946,11575,3196,20717,5946,11575,3196,20717,41434,0
5441,27688,30082,131189,188959,27688,30082,131189,188959,377918,0
2773,17535,31820,37496,86851,17535,31820,37496,86851,173702,0
5960,33016,43096,11989,88101,33016,43096,11989,88101,176202,0
5925,26712,14564,27957,69233,26712,14564,27957,69233,138466,0
5152,305523,458010,929398,1692931,305523,458010,929398,1692931,3385862,0
5153,40230,46095,159254,245579,40230,46095,159254,245579,491158,0
4540,2135,722,2550,5407,2135,722,2550,5407,10814,0
4893,264341,275140,272882,812363,264527,275281,272840,812648,1625011,139428
5579,231435,257082,839107,1327624,231435,257082,839107,1327624,2655248,0
4891,120931,123028,129981,373940,120745,122887,130023,373655,747595,72192
2040,54781,20434,13218,88433,54781,20434,13218,88433,176866,0
6574,128815,54233,45882,228930,128815,54233,45882,228930,457860,18871
3390,39691,49077,18994,107762,39691,49077,18994,107762,215524,0
5686,17675,8232,79701,105608,17675,8232,79701,105608,211216,0
7326,5680,3173,596,9449,5680,3173,596,9449,18898,0
5279,231069,637455,406837,1275361,231069,637455,406837,1275361,2550722,84530
6907,2429,2560,5967,10956,2429,2560,5967,10956,21912,0
5673,17771,12483,19905,50159,17771,12483,19905,50159,100318,0
1350,4513,1396,30,5939,4513,1396,30,5939,11878,0
8123,238,51,508,797,238,51,508,797,1594,0
4486,10277,4445,1254,15976,10277,4445,1254,15976,31952,0
4487,179480,110637,16692,306809,179480,110637,16692,306809,613618,7669
5031,16573,24679,31463,72715,16573,24679,31463,72715,145430,0
7514,14478,30795,9093,54366,14478,30795,9093,54366,108732,0
1138,54301,73536,91772,219609,54301,73536,91772,219609,439218,0
7383,21953,36141,10909,69003,21953,36141,10909,69003,138006,0
4532,7505,7986,8634,24125,7505,7986,8634,24125,48250,0
5232,3911,4104,4898,12913,3911,4104,4898,12913,25826,0
4537,43611,42497,91765,177873,43611,42497,91765,177873,355746,0
7917,26968,31925,7101,65994,26968,31925,7101,65994,131988,0
3380,39820,64427,33238,137485,39820,64427,33238,137485,274970,0
3392,60325,82029,44179,186533,60325,82029,44179,186533,373066,0
5827,936,5183,355,6474,936,5183,355,6474,12948,0
5838,23210,74203,5988,103401,23210,74203,5988,103401,206802,1325
5856,18826,41836,2731,63393,18826,41836,2731,63393,126786,916
5857,1608,1878,167,3653,1608,1878,167,3653,7306,0
3818,2887,492,498,3877,2887,492,498,3877,7754,0
9990,27616,23295,17511,68422,27616,23295,17511,68422,136844,0
8263,620672,2380341,585495,3586508,620672,2380341,585495,3586508,7173016,730555
1351,2610,589,1119,4318,2610,589,1119,4318,8636,0
4026,50052,42307,53047,145406,50052,42307,53047,145406,290812,0
3871,19360,11931,4569,35860,19360,11931,4569,35860,71720,0
