NLC,Entries Full,Entries Reduced,Entries Season,Entries Total,Exits Full,Exits Reduced,Exits Season,Exits Total,1112 Entries & Exits,Interchanges
5131,274209,385670,907246,1567125,274209,385670,907246,1567125,3134250,
3813,48670,4840,48206,101716,48670,4840,48206,101716,203432,
3801,77668,5162,37205,120035,77668,5162,37205,120035,240070,35304.2641
3982,164322,17852,86597,268771,164322,17852,86597,268771,537542,
8976,500505,829684,255043,1585232,500505,829684,255043,1585232,3170464,197040.4757
9090,17111,28486,17403,63000,17111,28486,17403,63000,126000,
4435,12855,5493,0,18348,12855,5493,0,18348,36696,
4440,631,262,0,893,631,262,0,893,1786,
3602,92694,64040,28997,185731,92694,64040,28997,185731,371462,
2448,23145,15275,3824,42244,23145,15275,3824,42244,84488,
4303,67741,95046,350,163137,67741,95046,350,163137,326274,
2552,109357,38542,24934,172833,109357,38542,24934,172833,345666,
8600,57,24,0,81,57,24,0,81,162,
8601,1111,888,0,1999,1111,888,0,1999,3998,
8602,352,190,0,542,352,190,0,542,1084,
7662,81,15,0,96,81,15,0,96,192,
7286,9195,13056,4047,26298,9195,13056,4047,26298,52596,
4529,43830,68075,74258,186163,43830,68075,74258,186163,372326,
2287,4094,1531,4397,10022,4094,1531,4397,10022,20044,
1404,165701,211419,531889,909009,165701,211419,531889,909009,1818018,
3000,26777,26792,121249,174818,26777,26792,121249,174818,349636,
1036,5540,6182,14821,26543,5540,6182,14821,26543,53086,
9310,3755,6197,2148,12100,3755,6197,2148,12100,24200,
5550,65833,47100,69946,182879,65833,47100,69946,182879,365758,
5160,2812,4604,8607,16023,2812,4604,8607,16023,32046,
2939,4149,3427,835,8411,4149,3427,835,8411,16822,
2641,25660,13418,15911,54989,25660,13418,15911,54989,109978,
8353,53499,28878,46566,128943,53499,28878,46566,128943,257886,
2255,105316,143159,102714,351189,105316,143159,102714,351189,702378,
2350,150747,213200,116439,480386,150747,213200,116439,480386,960772,
2125,169452,251752,152444,573648,169452,251752,152444,573648,1147296,
9695,21041,21777,12264,55082,21041,21777,12264,55082,110164,
9759,180334,171314,227673,579321,180334,171314,227673,579321,1158642,
5132,79042,71892,308003,458937,79042,71892,308003,458937,917874,
4614,17365,17680,17406,52451,17365,17680,17406,52451,104902,
2760,40346,44011,25175,109532,40346,44011,25175,109532,219064,
3145,7760,12247,11885,31892,7760,12247,11885,31892,63784,
5623,218506,288111,228221,734838,218506,288111,228221,734838,1469676,147888.6678
5280,19915,36645,39206,95766,19915,36645,39206,95766,191532,
6025,121872,133837,322939,578648,121872,133837,322939,578648,1157296,56080.8035
9905,40121,30659,20333,91113,40121,30659,20333,91113,182226,
9861,51663,57398,65148,174209,51663,57398,65148,174209,348418,
1805,46913,43277,15818,106008,46913,43277,15818,106008,212016,
7520,20327,2736,8752,31815,20327,2736,8752,31815,63630,
9883,50199,114030,36346,200575,50199,114030,36346,200575,401150,
8605,8353,2251,2145,12749,8353,2251,2145,12749,25498,
7787,47254,60433,20401,128088,47254,60433,20401,128088,256176,1529.3753
6847,5367,5054,18946,29367,5367,5054,18946,29367,58734,
1223,26103,10201,6400,42704,26103,10201,6400,42704,85408,
6869,3832,3175,11499,18506,3832,3175,11499,18506,37012,
6532,1249,2408,991,4648,1249,2408,991,4648,9296,
8606,109,10,0,119,109,10,0,119,238,
5544,80217,112809,165559,358585,80217,112809,165559,358585,717170,
2806,51734,79592,99994,231320,51734,79592,99994,231320,462640,2.6732
1198,32792,14698,33206,80696,32792,14698,33206,80696,161392,
1678,6016,11820,2140,19976,6016,11820,2140,19976,39952,
5250,5482,14997,10255,30734,5482,14997,10255,30734,61468,
506,305124,320580,266300,892004,305124,320580,266300,892004,1784008,
4236,5906,3083,457,9446,5906,3083,457,9446,18892,
6358,1187,299,535,2021,1187,299,535,2021,4042,
9965,94425,40149,189017,323591,94425,40149,189017,323591,647182,
5510,114254,216490,236906,567650,114254,216490,236906,567650,1135300,1049.5451
5397,70660,100702,142963,314325,70660,100702,142963,314325,628650,
6909,3745,1736,8639,14120,3745,1736,8639,14120,28240,
5267,75269,199488,134987,409744,75269,199488,134987,409744,819488,
9451,6791,55193,1369,63353,6791,55193,1369,63353,126706,
9972,202162,160893,188599,551654,202162,160893,188599,551654,1103308,
2662,11772,6469,2518,20759,11772,6469,2518,20759,41518,
2052,28139,4035,2268,34442,28139,4035,2268,34442,68884,
5003,3829,5519,6324,15672,3829,5519,6324,15672,31344,
3109,1042,2171,673,3886,1042,2171,673,3886,7772,
2396,18578,76407,23713,118698,18578,76407,23713,118698,237396,
1430,52717,71706,89532,213955,52717,71706,89532,213955,427910,
9079,69877,87416,42153,199446,69877,87416,42153,199446,398892,187.6791
8613,3571,869,5,4445,3571,869,5,4445,8890,
9962,846,284,0,1130,846,284,0,1130,2260,
9453,31812,17509,7611,56932,31812,17509,7611,56932,113864,
9569,32607,38101,46904,117612,32607,38101,46904,117612,235224,252.3659
9455,2916,3254,4126,10296,2916,3254,4126,10296,20592,
2960,111,99,82,292,111,99,82,292,584,
9961,221475,240966,135793,598234,221475,240966,135793,598234,1196468,
8821,2503,1260,0,3763,2503,1260,0,3763,7526,
6171,61093,72380,118250,251723,61093,72380,118250,251723,503446,
990,21627,20251,21166,63044,21627,20251,21166,63044,126088,
2054,3918,581,278,4777,3918,581,278,4777,9554,
1963,25999,18283,6931,51213,25999,18283,6931,51213,102426,
8045,334,527,881,1742,334,527,881,1742,3484,
9963,2883,1867,23,4773,2883,1867,23,4773,9546,
5251,21320,75353,47703,144376,21320,75353,47703,144376,288752,
5666,190570,250104,129567,570241,190570,250104,129567,570241,1140482,299477.3694
3003,873,155,323,1351,873,155,323,1351,2702,
5641,37191,43458,55927,136576,37191,43458,55927,136576,273152,37291.4229
5547,55258,64479,106281,226018,55258,64479,106281,226018,452036,139899.128
2941,9143,16558,17352,43053,9143,16558,17352,43053,86106,
4700,13589,15176,8319,37084,13589,15176,8319,37084,74168,
9953,15900,14567,4371,34838,15900,14567,4371,34838,69676,
5667,118052,115236,246209,479497,118052,115236,246209,479497,958994,
5004,286034,625616,743767,1655417,286034,625616,743767,1655417,3310834,753879.789999999
2850,1060,1488,790,3338,1060,1488,790,3338,6676,
5347,153832,157400,277052,588284,153832,157400,277052,588284,1176568,
2790,39465,162321,88895,290681,39465,162321,88895,290681,581362,
5398,2531,4155,5530,12216,2531,4155,5530,12216,24432,
5906,14001,15273,22547,51821,14001,15273,22547,51821,103642,
6083,15579,8868,40651,65098,15579,8868,40651,65098,130196,
1953,19932,611,10762,31305,19932,611,10762,31305,62610,
6233,3498,2568,1890,7956,3498,2568,1890,7956,15912,
2095,9516,2765,2758,15039,9516,2765,2758,15039,30078,
1380,1348,2682,2192,6222,1348,2682,2192,6222,12444,
1004,43072,86119,93391,222582,43072,86119,93391,222582,445164,48243.9609
1074,20537,12670,5575,38782,20537,12670,5575,38782,77564,
2584,35034,89178,87817,212029,35034,89178,87817,212029,424058,
8608,407,77,0,484,407,77,0,484,968,
1624,25871,4071,9957,39899,25871,4071,9957,39899,79798,
7367,28057,39078,18374,85509,28057,39078,18374,85509,171018,
9457,10797,11107,5980,27884,10797,11107,5980,27884,55768,
7017,77126,106518,191953,375597,77126,106518,191953,375597,751194,5392.1599
2215,21111,1408,16746,39265,21111,1408,16746,39265,78530,
8610,27008,37608,1410,66026,27008,37608,1410,66026,132052,13.5628
3265,4295,4080,758,9133,4295,4080,758,9133,18266,
3200,30085,3076,11160,44321,30085,3076,11160,44321,88642,
5714,20725,108684,10393,139802,20725,108684,10393,139802,279604,
1492,164231,164348,201680,530259,164231,164348,201680,530259,1060518,2637.9577
1090,7786,9783,18996,36565,7786,9783,18996,36565,73130,
5162,16418,13978,19066,49462,16418,13978,19066,49462,98924,
5197,10299,15496,9883,35678,10299,15496,9883,35678,71356,
9463,267898,302668,191143,761709,267898,302668,191143,761709,1523418,41716.046
2187,82089,5537,8272,95898,82089,5537,8272,95898,191796,
4186,4548,2056,3215,9819,4548,2056,3215,9819,19638,
5681,30349,21612,22743,74704,30349,21612,22743,74704,149408,
8552,40514,34072,35562,110148,40514,34072,35562,110148,220296,
9763,20454,16992,17132,54578,20454,16992,17132,54578,109156,
5492,11279,20760,28952,60991,11279,20760,28952,60991,121982,
6084,75459,83452,99607,258518,75459,83452,99607,258518,517036,
5399,646276,821093,1764622,3231991,646276,821093,1764622,3231991,6463982,383629.5324
9862,80005,105822,90629,276456,80005,105822,90629,276456,552912,
9013,48,19,90,157,48,19,90,157,314,
2561,27779,6248,7412,41439,27779,6248,7412,41439,82878,
2820,6176,5816,533,12525,6176,5816,533,12525,25050,
8839,1674,990,0,2664,1674,990,0,2664,5328,
4502,229809,455129,286257,971195,229809,455129,286257,971195,1942390,316954.2332
2471,100544,209097,28788,338429,100544,209097,28788,338429,676858,1486.54
2238,25827,38804,22709,87340,25827,38804,22709,87340,174680,
5348,19363,11446,33265,64074,19363,11446,33265,64074,128148,
9466,24792,20966,25496,71254,24792,20966,25496,71254,142508,
7563,1490,1720,1328,4538,1490,1720,1328,4538,9076,
2690,49503,5273,15824,70600,49503,5273,15824,70600,141200,
9764,15121,14203,20380,49704,15121,14203,20380,49704,99408,
4011,56984,7585,20928,85497,56984,7585,20928,85497,170994,
7492,963009,1389319,1361423,3713751,963009,1389319,1361423,3713751,7427502,406718.5729
5133,14640,17140,31712,63492,14640,17140,31712,63492,126984,
4445,50933,24547,11401,86881,50933,24547,11401,86881,173762,
5089,112047,149267,533698,795012,112047,149267,533698,795012,1590024,
5551,227729,228730,501790,958249,227729,228730,501790,958249,1916498,17188.2478
5580,99328,84603,129073,313004,99328,84603,129073,313004,626008,
6406,6848,22723,4747,34318,6848,22723,4747,34318,68636,3100.2665
5252,83024,169496,243125,495645,83024,169496,243125,495645,991290,865441.2746
9973,13849,11025,5558,30432,13849,11025,5558,30432,60864,
6774,198691,287449,237819,723959,198691,287449,237819,723959,1447918,17824.306
5725,10438,167358,8423,186219,10438,167358,8423,186219,372438,
1096,43040,29045,55970,128055,43040,29045,55970,128055,256110,31950.9536
9674,105037,85663,133623,324323,105037,85663,133623,324323,648646,
9467,1543,878,224,2645,1543,878,224,2645,5290,
6212,674,194,20,888,674,194,20,888,1776,
1954,142858,88524,49966,281348,142858,88524,49966,281348,562696,17118.8521
1903,10412,12333,14930,37675,10412,12333,14930,37675,75350,
3805,163934,12437,76765,253136,163934,12437,76765,253136,506272,
3806,65959,3059,19158,88176,65959,3059,19158,88176,176352,
3807,173090,25175,110341,308606,173090,25175,110341,308606,617212,
9020,42,1,0,43,42,1,0,43,86,
6207,19422,2852,1575,23849,19422,2852,1575,23849,47698,
7494,387340,343480,579939,1310759,387340,343480,579939,1310759,2621518,
5520,561710,1023422,1007333,2592465,561710,1023422,1007333,2592465,5184930,823836.480500001
5090,9761,11678,16408,37847,9761,11678,16408,37847,75694,
3271,525279,1769915,545412,2840606,525279,1769915,545412,2840606,5681212,178949.2159
9311,167793,152198,115510,435501,167793,152198,115510,435501,871002,
8484,39046,43216,56120,138382,39046,43216,56120,138382,276764,
7909,631,121,0,752,631,121,0,752,1504,
5420,208239,275512,751202,1234953,208239,275512,751202,1234953,2469906,95771.3734
5215,47886,110622,57196,215704,47886,110622,57196,215704,431408,
6870,1650,1596,2677,5923,1650,1596,2677,5923,11846,
6006,6717,5938,6997,19652,6717,5938,6997,19652,39304,
3047,199747,158888,328566,687201,199747,158888,328566,687201,1374402,
2420,289,181,10,480,289,181,10,480,960,
9966,101692,81492,84043,267227,101692,81492,84043,267227,534454,
5091,24599,60545,112834,197978,24599,60545,112834,197978,395956,
8822,129,59,0,188,129,59,0,188,376,
5890,1370,3016,511,4897,1370,3016,511,4897,9794,
8877,13472,12866,930,27268,13472,12866,930,27268,54536,
2188,233644,219143,155181,607968,233644,219143,155181,607968,1215936,
7258,13502,25071,838,39411,13502,25071,838,39411,78822,
5076,28850,31095,81619,141564,28850,31095,81619,141564,283128,
5046,235473,262934,814415,1312822,235473,262934,814415,1312822,2625644,79788.3577
1512,224425,719850,713165,1657440,224425,719850,713165,1657440,3314880,53766.9102000001
1510,1011,1863,2196,5070,1011,1863,2196,5070,10140,
5538,22017,18777,83812,124606,22017,18777,83812,124606,249212,
3245,16238,10439,11531,38208,16238,10439,11531,38208,76416,
1165,22684,2915,4966,30565,22684,2915,4966,30565,61130,
3070,6906,30142,16303,53351,6906,30142,16303,53351,106702,
1625,141378,81331,47860,270569,141378,81331,47860,270569,541138,73306.86
5198,4017,7502,7680,19199,4017,7502,7680,19199,38398,
2785,1315,6918,1758,9991,1315,6918,1758,9991,19982,
9895,102010,87747,62411,252168,102010,87747,62411,252168,504336,21634.0992
5062,53909,51234,219166,324309,53909,51234,219166,324309,648618,
9714,110531,101662,124183,336376,110531,101662,124183,336376,672752,45256.4032
5350,19094,10789,43951,73834,19094,10789,43951,73834,147668,
1679,28719,41590,16447,86756,28719,41590,16447,86756,173512,
5227,2097,1460,2826,6383,2097,1460,2826,6383,12766,
5092,77447,94578,194206,366231,77447,94578,194206,366231,732462,
8047,2742,1802,933,5477,2742,1802,933,5477,10954,
8564,30888,39180,20691,90759,30888,39180,20691,90759,181518,
7439,400868,354469,1018277,1773614,400868,354469,1018277,1773614,3547228,
2676,9819,1985,703,12507,9819,1985,703,12507,25014,
5624,15940,12700,40056,68696,15940,12700,40056,68696,137392,
8352,30231,12775,37751,80757,30231,12775,37751,80757,161514,
3549,1751,12523,8122,22396,1751,12523,8122,22396,44792,
3550,568,4797,2141,7506,568,4797,2141,7506,15012,
1390,213134,243678,315107,771919,213134,243678,315107,771919,1543838,
1045,24002,34831,59088,117921,24002,34831,59088,117921,235842,
7330,515,203,0,718,515,203,0,718,1436,
8431,4267,5483,3944,13694,4267,5483,3944,13694,27388,
5581,40666,43099,103267,187032,40666,43099,103267,187032,374064,
5323,6815,19875,11746,38436,6815,19875,11746,38436,76872,
7791,13024,199459,27541,240024,13024,199459,27541,240024,480048,1035.359
2351,660,1050,46,1756,660,1050,46,1756,3512,
1003,9808,27463,29194,66465,9808,27463,29194,66465,132930,
5472,2425,2795,4717,9937,2425,2795,4717,9937,19874,
6961,65944,83451,183664,333059,65944,83451,183664,333059,666118,
2449,10124,8797,255,19176,10124,8797,255,19176,38352,
8048,55742,138642,111341,305725,55742,138642,111341,305725,611450,9.8917
5211,90757,240913,492488,824158,90757,240913,492488,824158,1648316,
5093,102960,121893,362415,587268,102960,121893,362415,587268,1174536,
5094,235249,246243,973687,1455179,235249,246243,973687,1455179,2910358,
3048,130943,327375,219536,677854,130943,327375,219536,677854,1355708,
3104,12310,79016,15286,106612,12310,79016,15286,106612,213224,
5063,83200,79064,230943,393207,83200,79064,230943,393207,786414,1774.7115
2136,50799,55861,31198,137858,50799,55861,31198,137858,275716,102228.5549
6170,91916,129483,172661,394060,91916,129483,172661,394060,788120,
4618,16669,15268,32377,64314,16669,15268,32377,64314,128628,
6871,217141,251388,935337,1403866,217141,251388,935337,1403866,2807732,
7910,20731,9594,5339,35664,20731,9594,5339,35664,71328,
5464,36018,75602,107409,219029,36018,75602,107409,219029,438058,
6235,6801,9321,2289,18411,6801,9321,2289,18411,36822,
8553,166471,208668,230688,605827,166471,208668,230688,605827,1211654,
3907,5384,332,4998,10714,5384,332,4998,10714,21428,
5163,14297,33110,87690,135097,14297,33110,87690,135097,270194,
2304,115381,83976,78212,277569,115381,83976,78212,277569,555138,
5401,11648,8085,14587,34320,11648,8085,14587,34320,68640,
2352,90816,173826,102833,367475,90816,173826,102833,367475,734950,
2217,181691,206385,114530,502606,181691,206385,114530,502606,1005212,
2219,462293,440107,359587,1261987,462293,440107,359587,1261987,2523974,313190.0376
2145,173837,175015,102757,451609,173837,175015,102757,451609,903218,75630.4584
2220,203229,198386,152504,554119,203229,198386,152504,554119,1108238,
4513,586,5558,923,7067,586,5558,923,7067,14134,
1215,593219,967661,613498,2174378,593219,967661,613498,2174378,4348756,78446.8383
4515,548955,1274640,1109366,2932961,548955,1274640,1109366,2932961,5865922,420544.5789
1127,2835392,6376916,6405511,15617819,2835392,6376916,6405511,15617819,31235638,5104384.14190003
1006,344410,765360,1155495,2265265,344410,765360,1155495,2265265,4530530,182278.3937
7835,34879,12578,2948,50405,34879,12578,2948,50405,100810,
9940,106549,196006,100276,402831,106549,196006,100276,402831,805662,
6800,303823,343122,683125,1330070,303823,343122,683125,1330070,2660140,73065.5943
5402,3871,9697,3711,17279,3871,9697,3711,17279,34558,
9620,84458,62235,93186,239879,84458,62235,93186,239879,479758,
5945,18655,11760,12945,43360,18655,11760,12945,43360,86720,
2737,357139,197646,130515,685300,357139,197646,130515,685300,1370600,91698.6436
5112,1041237,1031328,4331583,6404148,1041237,1031328,4331583,6404148,12808296,1062387.9078
5095,315817,349392,773867,1439076,315817,349392,773867,1439076,2878152,14705.2617
7400,126110,181043,27374,334527,126110,181043,27374,334527,669054,
2739,344847,471842,45964,862653,344847,471842,45964,862653,1725306,5979.3107
2738,19812,27082,592,47486,19812,27082,592,47486,94972,
2740,38196,27740,6248,72184,38196,27740,6248,72184,144368,
991,7866,8241,5524,21631,7866,8241,5524,21631,43262,
2732,16737,21762,189728,228227,16737,21762,189728,228227,456454,
5625,45236,107139,64479,216854,45236,107139,64479,216854,433708,
2450,11016,12868,21,23905,11016,12868,21,23905,47810,
8750,2164,3846,294,6304,2164,3846,294,6304,12608,
9760,65463,64241,154305,284009,65463,64241,154305,284009,568018,
1176,45302,44279,67305,156886,45302,44279,67305,156886,313772,
4574,10838,4062,26757,41657,10838,4062,26757,41657,83314,
9716,84819,84830,93901,263550,84819,84830,93901,263550,527100,
7503,598,210,1302,2110,598,210,1302,2110,4220,
6204,1530,268,231,2029,1530,268,231,2029,4058,
1360,53727,149783,221172,424682,53727,149783,221172,424682,849364,74673.4573
1141,7954,11456,175,19585,7954,11456,175,19585,39170,
1018,10071,12543,108,22722,10071,12543,108,22722,45444,
2123,186433,431309,203994,821736,186433,431309,203994,821736,1643472,
1282,15967,11332,4701,32000,15967,11332,4701,32000,64000,
3501,6900,105614,11769,124283,6900,105614,11769,124283,248566,
2435,2453,874,876,4203,2453,874,876,4203,8406,
5253,106537,306517,197077,610131,106537,306517,197077,610131,1220262,
9668,9507,17737,4252,31496,9507,17737,4252,31496,62992,
2599,293358,808321,529542,1631221,293358,808321,529542,1631221,3262442,617715.232399999
8536,9016,13932,7046,29994,9016,13932,7046,29994,59988,
5626,45748,45982,55724,147454,45748,45982,55724,147454,294908,
1993,4374,262,1762,6398,4374,262,1762,6398,12796,
2195,147267,196663,112005,455935,147267,196663,112005,455935,911870,2.627
2239,98868,74485,82229,255582,98868,74485,82229,255582,511164,
5130,30714,71540,112783,215037,30714,71540,112783,215037,430074,
4304,20255,7694,446,28395,20255,7694,446,28395,56790,
5254,13737,18428,19760,51925,13737,18428,19760,51925,103850,
6216,37643,58295,12471,108409,37643,58295,12471,108409,216818,
5894,21628,19511,26593,67732,21628,19511,26593,67732,135464,
6237,11437,8466,8841,28744,11437,8466,8841,28744,57488,
3018,28599,39769,51567,119935,28599,39769,51567,119935,239870,59686.3351
5876,318033,736111,247937,1302081,318033,736111,247937,1302081,2604162,65654.5136
1112,98825,191907,201343,492075,98825,191907,201343,492075,984150,
1381,2131,3993,10695,16819,2131,3993,10695,16819,33638,
6027,43957,38103,325232,407292,43957,38103,325232,407292,814584,
9968,6663,4674,4914,16251,6663,4674,4914,16251,32502,
5403,8729,16249,15585,40563,8729,16249,15585,40563,81126,
5693,362615,313077,323610,999302,362615,313077,323610,999302,1998604,
8346,303327,349708,427106,1080141,303327,349708,427106,1080141,2160282,36180.3868
8345,310936,537012,590410,1438358,310936,537012,590410,1438358,2876716,59279.2522
3341,83785,95696,48176,227657,83785,95696,48176,227657,455314,4216.5527
5530,26761,2674,4482,33917,26761,2674,4482,33917,67834,
6801,60811,99876,249062,409749,60811,99876,249062,409749,819498,
2053,8516,13066,6386,27968,8516,13066,6386,27968,55936,
2944,23242,46457,53627,123326,23242,46457,53627,123326,246652,
5500,28199,57746,40437,126382,28199,57746,40437,126382,252764,
8496,46520,33667,88082,168269,46520,33667,88082,168269,336538,
7565,2638,2518,792,5948,2638,2518,792,5948,11896,
7259,1111,1771,144,3026,1111,1771,144,3026,6052,
9938,17983,18058,13305,49346,17983,18058,13305,49346,98692,
7200,21354,18633,4832,44819,21354,18633,4832,44819,89638,
5875,38672,42916,33756,115344,38672,42916,33756,115344,230688,
2045,439,44,0,483,439,44,0,483,966,
2779,16503,51257,26328,94088,16503,51257,26328,94088,188176,
9251,38,7,0,45,38,7,0,45,90,
5552,215963,149290,327855,693108,215963,149290,327855,693108,1386216,
6872,301804,225733,720203,1247740,301804,225733,720203,1247740,2495480,
1560,9386,7323,7418,24127,9386,7323,7418,24127,48254,
9889,51363,40529,29843,121735,51363,40529,29843,121735,243470,
8823,2165,780,0,2945,2165,780,0,2945,5890,
3809,275941,288992,224450,789383,275941,288992,224450,789383,1578766,39658.5335
9789,90308,78614,75741,244663,90308,78614,75741,244663,489326,
3449,41029,88082,14232,143343,41029,88082,14232,143343,286686,
8049,78980,106771,29401,215152,78980,106771,29401,215152,430304,125.5953
2554,10150,1989,2052,14191,10150,1989,2052,14191,28382,
6464,328,18,0,346,328,18,0,346,692,
8514,41433,57976,34101,133510,41433,57976,34101,133510,267020,
5268,1161584,4469247,2395429,8026260,1161584,4469247,2395429,8026260,16052520,1860659.4995
6810,52847,67691,133670,254208,52847,67691,133670,254208,508416,
2603,7101,23934,8606,39641,7101,23934,8606,39641,79282,
3230,308347,599433,223220,1131000,308347,599433,223220,1131000,2262000,741421.6784
3231,1127278,2400919,914116,4442313,1127278,2400919,914116,4442313,8884626,1327179.47190001
4012,4379,191,912,5482,4379,191,912,5482,10964,
7932,240,2,169,411,240,2,169,411,822,
4187,10137,2713,3396,16246,10137,2713,3396,16246,32492,
5081,98430,104348,219115,421893,98430,104348,219115,421893,843786,
2240,70831,210038,49860,330729,70831,210038,49860,330729,661458,
2892,14047,33459,18952,66458,14047,33459,18952,66458,132916,
5006,41344,150465,93729,285538,41344,150465,93729,285538,571076,
5886,97002,185733,315234,597969,97002,185733,315234,597969,1195938,245114.9932
8429,7824,10413,8831,27068,7824,10413,8831,27068,54136,
5404,337600,540304,768324,1646228,337600,540304,768324,1646228,3292456,
2190,147343,212110,79199,438652,147343,212110,79199,438652,877304,
2191,73298,90240,40243,203781,73298,90240,40243,203781,407562,
2697,48975,64826,85584,199385,48975,64826,85584,199385,398770,
5096,46741,38968,237941,323650,46741,38968,237941,323650,647300,
5064,645301,848311,1439942,2933554,645301,848311,1439942,2933554,5867108,706866.3772
4715,86502,42174,132842,261518,86502,42174,132842,261518,523036,
1437,158397,264557,468303,891257,158397,264557,468303,891257,1782514,
1438,95600,116570,344471,556641,95600,116570,344471,556641,1113282,
6074,30472,21383,52685,104540,30472,21383,52685,104540,209080,
5687,115645,92634,258905,467184,115645,92634,258905,467184,934368,60012.5049
4175,372,118,246,736,372,118,246,736,1472,
8050,435,108,238,781,435,108,238,781,1562,
8618,2072,510,0,2582,2072,510,0,2582,5164,
8051,41798,90139,39296,171233,41798,90139,39296,171233,342466,2775.3131
9023,2261,1407,976,4644,2261,1407,976,4644,9288,
6812,173783,193466,348472,715721,173783,193466,348472,715721,1431442,266488.7316
6958,34097,57850,130106,222053,34097,57850,130106,222053,444106,
7289,17293,19804,7396,44493,17293,19804,7396,44493,88986,589.9643
7006,2398,2350,734,5482,2398,2350,734,5482,10964,
8807,31852,16872,17679,66403,31852,16872,17679,66403,132806,
3623,178782,192324,132831,503937,178782,192324,132831,503937,1007874,
5702,4015,8535,1132,13682,4015,8535,1132,13682,27364,
2222,24073,50125,14385,88583,24073,50125,14385,88583,177166,
7290,18,32,0,50,18,32,0,50,100,
2422,22658,2127,1417,26202,22658,2127,1417,26202,52404,
4182,1411,577,255,2243,1411,577,255,2243,4486,
7501,16799,11692,17324,45815,16799,11692,17324,45815,91630,
3502,91,2561,299,2951,91,2561,299,2951,5902,
4317,3226,1288,0,4514,3226,1288,0,4514,9028,
1865,12420,5820,8178,26418,12420,5820,8178,26418,52836,
7085,5521,7686,13764,26971,5521,7686,13764,26971,53942,
5483,124759,295132,440819,860710,124759,295132,440819,860710,1721420,
8500,113318,98404,114766,326488,113318,98404,114766,326488,652976,
8565,65921,80574,76227,222722,65921,80574,76227,222722,445444,
2945,24915,55106,28079,108100,24915,55106,28079,108100,216200,
1975,4430,2308,1903,8641,4430,2308,1903,8641,17282,
3176,126205,185427,246900,558532,126205,185427,246900,558532,1117064,
6873,22073,29300,75553,126926,22073,29300,75553,126926,253852,
2743,6343,1312,938,8593,6343,1312,938,8593,17186,
2550,53412,13100,8682,75194,53412,13100,8682,75194,150388,35.5606
2549,73053,26659,16490,116202,73053,26659,16490,116202,232404,41.2452
9767,57507,49033,61988,168528,57507,49033,61988,168528,337056,
9107,23183,45980,31618,100781,23183,45980,31618,100781,201562,
2279,28086,59250,22267,109603,28086,59250,22267,109603,219206,
2280,6980,9980,1730,18690,6980,9980,1730,18690,37380,
5927,11085,10353,8209,29647,11085,10353,8209,29647,59294,
6200,1918,980,495,3393,1918,980,495,3393,6786,
1658,103724,178640,69372,351736,103724,178640,69372,351736,703472,6368.7867
7008,92081,134278,18718,245077,92081,134278,18718,245077,490154,225.3304
9791,27115,21065,24956,73136,27115,21065,24956,73136,146272,
6913,73312,92556,164732,330600,73312,92556,164732,330600,661200,
1395,174861,193010,114434,482305,174861,193010,114434,482305,964610,
1179,22118,34122,38219,94459,22118,34122,38219,94459,188918,
4409,883,647,0,1530,883,647,0,1530,3060,
5324,16746,21927,45377,84050,16746,21927,45377,84050,168100,
2946,28983,102681,17500,149164,28983,102681,17500,149164,298328,
5689,65484,44830,90223,200537,65484,44830,90223,200537,401074,
4124,470,245,0,715,470,245,0,715,1430,
3811,87353,3406,36264,127023,87353,3406,36264,127023,254046,
2536,9329,927,687,10943,9329,927,687,10943,21886,
3812,200825,29940,108425,339190,200825,29940,108425,339190,678380,
4412,13089,9347,0,22436,13089,9347,0,22436,44872,
992,17631,17834,10031,45496,17631,17834,10031,45496,90992,
3680,22986,11909,7818,42713,22986,11909,7818,42713,85426,
1439,99717,142715,246790,489222,99717,142715,246790,489222,978444,
3562,759,13778,1688,16225,759,13778,1688,16225,32450,
3238,26005,41976,13515,81496,26005,41976,13515,81496,162992,
5682,85477,94940,50371,230788,85477,94940,50371,230788,461576,
3504,14496,94245,28979,137720,14496,94245,28979,137720,275440,
7022,1055750,2097604,1258264,4411618,1055750,2097604,1258264,4411618,8823236,732469.290799999
6962,33929,41451,58039,133419,33929,41451,58039,133419,266838,
9768,124962,108560,145264,378786,124962,108560,145264,378786,757572,7703.2361
1440,331224,472352,739134,1542710,331224,472352,739134,1542710,3085420,24126.0314
9878,17969,18992,15262,52223,17969,18992,15262,52223,104446,
1659,897322,1544027,282,2441631,897322,1544027,282,2441631,4883262,
1129,22620,43206,44894,110720,22620,43206,44894,110720,221440,
1016,39280,71305,16360,126945,39280,71305,16360,126945,253890,
5142,937090,983908,8190356,10111354,937090,983908,8190356,10111354,20222708,440052.6619
1441,194970,308040,389311,892321,194970,308040,389311,892321,1784642,72866.7198
5164,126189,270318,191038,587545,126189,270318,191038,587545,1175090,22550.0585
5007,188878,571104,306033,1066015,188878,571104,306033,1066015,2132030,102762.1028
7292,3465,3397,1225,8087,3465,3397,1225,8087,16174,
2186,47747,2382,6528,56657,47747,2382,6528,56657,113314,
3542,684,102210,475,103369,684,102210,475,103369,206738,
9112,11173,15113,4599,30885,11173,15113,4599,30885,61770,
3815,213278,33956,149457,396691,213278,33956,149457,396691,793382,
3899,2283783,2168482,1301534,5753799,2283783,2168482,1301534,5753799,11507598,1447924.4145
3900,723843,72445,448172,1244460,723843,72445,448172,1244460,2488920,657148.3899
9624,26085,19764,30132,75981,26085,19764,30132,75981,151962,
9969,27695,22806,64751,115252,27695,22806,64751,115252,230504,
9877,14667,16117,15583,46367,14667,16117,15583,46367,92734,
1964,14718,8052,3075,25845,14718,8052,3075,25845,51690,
2118,278562,561074,55063,894699,278562,561074,55063,894699,1789398,325849.5242
6201,4926,3499,2761,11186,4926,3499,2761,11186,22372,
9702,54820,49230,60084,164134,54820,49230,60084,164134,328268,
4068,112643,66279,31792,210714,112643,66279,31792,210714,421428,8223.8796
9769,27286,19487,20923,67696,27286,19487,20923,67696,135392,
2640,49793,31444,14416,95653,49793,31444,14416,95653,191306,9919.6925
9028,23939,16519,9891,50349,23939,16519,9891,50349,100698,
9897,46446,40191,37563,124200,46446,40191,37563,124200,248400,
1442,129240,187098,59119,375457,129240,187098,59119,375457,750914,
8621,1797,895,126,2818,1797,895,126,2818,5636,
5405,140042,143545,336405,619992,140042,143545,336405,619992,1239984,
5406,101053,100002,223495,424550,101053,100002,223495,424550,849100,
9704,3221,975,2577,6773,3221,975,2577,6773,13546,3113.1601
9680,21167,18343,16533,56043,21167,18343,16533,56043,112086,
3098,15201,17225,29755,62181,15201,17225,29755,62181,124362,
5703,13302,96568,28286,138156,13302,96568,28286,138156,276312,29768.8794
8359,62714,87942,57720,208376,62714,87942,57720,208376,416752,11101.3762
2919,14112,42608,19785,76505,14112,42608,19785,76505,153010,
7914,2130,385,0,2515,2130,385,0,2515,5030,
5351,105198,101945,304843,511986,105198,101945,304843,511986,1023972,
5077,85836,75420,317056,478312,85836,75420,317056,478312,956624,65977.9151
5047,150344,192679,564779,907802,150344,192679,564779,907802,1815604,38403.286
3820,212355,40819,124530,377704,212355,40819,124530,377704,755408,
9795,85256,66339,111668,263263,85256,66339,111668,263263,526526,1490.9283
8232,9735,11010,5531,26276,9735,11010,5531,26276,52552,
3568,215,1440,28,1683,215,1440,28,1683,3366,
2425,4045,317,87,4449,4045,317,87,4449,8898,
6874,212005,253376,648950,1114331,212005,253376,648950,1114331,2228662,
7447,331137,468751,241383,1041271,331137,468751,241383,1041271,2082542,
539,145870,150273,62995,359138,145870,150273,62995,359138,718276,
7469,189384,129988,451523,770895,189384,129988,451523,770895,1541790,
5836,41524,34879,44354,120757,41524,34879,44354,120757,241514,
2762,4913,15193,1907,22013,4913,15193,1907,22013,44026,
5820,31,64,0,95,31,64,0,95,190,
6664,55066,38760,61273,155099,55066,38760,61273,155099,310198,
7051,2237,8079,8772,19088,2237,8079,8772,19088,38176,
5097,8517,10965,20228,39710,8517,10965,20228,39710,79420,
5143,2842713,5434878,10779182,19056773,2842713,5434878,10779182,19056773,38113546,1959288.7683
9911,327256,228667,467421,1023344,327256,228667,467421,1023344,2046688,
3004,26258,60757,39586,126601,26258,60757,39586,126601,253202,
5144,143001,197966,501857,842824,143001,197966,501857,842824,1685648,254427.225
5008,10281,13084,8998,32363,10281,13084,8998,32363,64726,
2947,4558,3733,11179,19470,4558,3733,11179,19470,38940,
9707,10019,8534,11213,29766,10019,8534,11213,29766,59532,
5199,261619,464953,704091,1430663,261619,464953,704091,1430663,2861326,711.0197
7792,624,90,1911,2625,624,90,1911,2625,5250,
2870,85502,144999,118730,349231,85502,144999,118730,349231,698462,3721.3262
5352,120978,118622,297186,536786,120978,118622,297186,536786,1073572,
1372,7998,10436,15016,33450,7998,10436,15016,33450,66900,
2764,6149,7630,1865,15644,6149,7630,1865,15644,31288,
6836,715287,835564,2387492,3938343,715287,835564,2387492,3938343,7876686,53886.101
5098,63369,40851,347901,452121,63369,40851,347901,452121,904242,
4731,249067,548669,110274,908010,249067,548669,110274,908010,1816020,211535.2015
3774,51295,35931,14512,101738,51295,35931,14512,101738,203476,
2573,14854,3361,2158,20373,14854,3361,2158,20373,40746,
5553,94683,61961,141892,298536,94683,61961,141892,298536,597072,
6814,211545,203526,443401,858472,211545,203526,443401,858472,1716944,146874.4575
5582,53304,71756,158177,283237,53304,71756,158177,283237,566474,
5554,68905,54565,135848,259318,68905,54565,135848,259318,518636,
2412,603743,700121,174859,1478723,603743,700121,174859,1478723,2957446,817924.557899999
1130,74605,114046,186406,375057,74605,114046,186406,375057,750114,
6615,210357,409926,125025,745308,210357,409926,125025,745308,1490616,183777.9578
7736,22144,38543,34043,94730,22144,38543,34043,94730,189460,
5200,9590,16170,50010,75770,9590,16170,50010,75770,151540,
5840,460,643,0,1103,460,643,0,1103,2206,
5255,326462,684691,583961,1595114,326462,684691,583961,1595114,3190228,29790.0721
5009,3788,8789,7697,20274,3788,8789,7697,20274,40548,
5296,3174,2983,3494,9651,3174,2983,3494,9651,19302,
6914,146156,180352,369380,695888,146156,180352,369380,695888,1391776,
2823,18764,15249,17564,51577,18764,15249,17564,51577,103154,1564.628
3267,150949,467344,259511,877804,150949,467344,259511,877804,1755608,2124.3102
5353,19687,19268,37670,76625,19687,19268,37670,76625,153250,
4449,19513,9804,3682,32999,19513,9804,3682,32999,65998,
5099,120202,128351,309498,558051,120202,128351,309498,558051,1116102,
5583,145017,123604,193790,462411,145017,123604,193790,462411,924822,
3031,16781,44448,40575,101804,16781,44448,40575,101804,203608,
2745,180698,119722,117827,418247,180698,119722,117827,418247,836494,
546,94073,112460,100109,306642,94073,112460,100109,306642,613284,
5879,68464,99281,54727,222472,68464,99281,54727,222472,444944,
5319,11802,27506,38460,77768,11802,27506,38460,77768,155536,
2556,15002,2629,3349,20980,15002,2629,3349,20980,41960,
8233,21997,1526,12930,36453,21997,1526,12930,36453,72906,753.167
4365,30823,13791,15013,59627,30823,13791,15013,59627,119254,
3785,578,337,0,915,578,337,0,915,1830,
5121,459520,555956,1787540,2803016,459520,555956,1787540,2803016,5606032,70.4091
6850,66154,159016,151163,376333,66154,159016,151163,376333,752666,
5555,26166,22319,44780,93265,26166,22319,44780,93265,186530,
2653,3031,663,0,3694,3031,663,0,3694,7388,
5301,40515,33274,84447,158236,40515,33274,84447,158236,316472,
5595,2728312,3192517,5037734,10958563,2728312,3192517,5037734,10958563,21917126,21539544.9243999
6926,107494,180935,292133,580562,107494,180935,292133,580562,1161124,2.2319
4069,2996,1225,10,4231,2996,1225,10,4231,8462,
9792,91821,73438,110164,275423,91821,73438,110164,275423,550846,
4593,696,516,73,1285,696,516,73,1285,2570,
5556,69113,73090,170302,312505,69113,73090,170302,312505,625010,
6274,37926,91562,2855,132343,37926,91562,2855,132343,264686,
9718,15455,16100,11850,43405,15455,16100,11850,43405,86810,
2795,19,76,153,248,19,76,153,248,496,
3202,118555,27990,88945,235490,118555,27990,88945,235490,470980,
2574,76505,43225,49632,169362,76505,43225,49632,169362,338724,
5048,116061,117556,318017,551634,116061,117556,318017,551634,1103268,
4070,8612,3779,0,12391,8612,3779,0,12391,24782,
9855,70763,64741,62644,198148,70763,64741,62644,198148,396296,
9747,11946,8903,6389,27238,11946,8903,6389,27238,54476,
9752,99510,95200,126579,321289,99510,95200,126579,321289,642578,
9762,52095,50145,69446,171686,52095,50145,69446,171686,343372,
5557,84283,90858,120415,295556,84283,90858,120415,295556,591112,
4616,17011,18845,24859,60715,17011,18845,24859,60715,121430,
3828,80750,3136,34775,118661,80750,3136,34775,118661,237322,
6861,317456,721792,1252807,2292055,317456,721792,1252807,2292055,4584110,379006.677
6853,44861,80171,107167,232199,44861,80171,107167,232199,464398,
9882,47080,7710,30386,85176,47080,7710,30386,85176,170352,
6349,21118,1972,6779,29869,21118,1972,6779,29869,59738,
5457,18442,28379,43671,90492,18442,28379,43671,90492,180984,
2562,34917,8789,5305,49011,34917,8789,5305,49011,98022,
4876,10528,10858,11669,33055,10528,10858,11669,33055,66110,80.4323
2451,68410,67693,18594,154697,68410,67693,18594,154697,309394,4462.226
3005,876,129,414,1419,876,129,414,1419,2838,
7515,1604,235,661,2500,1604,235,661,2500,5000,
1227,43723,55925,32075,131723,43723,55925,32075,131723,263446,
6488,12916,15292,15606,43814,12916,15292,15606,43814,87628,
8708,1385,773,0,2158,1385,773,0,2158,4316,
8470,28034,11069,36848,75951,28034,11069,36848,75951,151902,
3624,278115,402076,178706,858897,278115,402076,178706,858897,1717794,
2486,8382,6745,3938,19065,8382,6745,3938,19065,38130,
5458,8726,33576,18482,60784,8726,33576,18482,60784,121568,
3019,22544,35003,45978,103525,22544,35003,45978,103525,207050,
5336,2972,2538,14089,19599,2972,2538,14089,19599,39198,
3570,8,22,0,30,8,22,0,30,60,
5821,880,5027,434,6341,880,5027,434,6341,12682,
7504,9162,25028,3285,37475,9162,25028,3285,37475,74950,
1847,20242,63427,24823,108492,20242,63427,24823,108492,216984,710.2719
9627,48347,28439,41493,118279,48347,28439,41493,118279,236558,
2049,9901,312,4434,14647,9901,312,4434,14647,29294,
8824,892,438,0,1330,892,438,0,1330,2660,
8825,4473,1638,0,6111,4473,1638,0,6111,12222,
3905,84056,2894,52565,139515,84056,2894,52565,139515,279030,
1143,30784,68076,85064,183924,30784,68076,85064,183924,367848,
4617,9973,15606,5110,30689,9973,15606,5110,30689,61378,
5896,171375,193018,90254,454647,171375,193018,90254,454647,909294,
8056,22237,37814,40441,100492,22237,37814,40441,100492,200984,
8505,17247,8634,22767,48648,17247,8634,22767,48648,97296,
5408,166972,186292,428695,781959,166972,186292,428695,781959,1563918,
5382,24261,34349,91876,150486,24261,34349,91876,150486,300972,
1030,637340,1359830,730660,2727830,637340,1359830,730660,2727830,5455660,275514.2057
5409,3964,6833,12081,22878,3964,6833,12081,22878,45756,
9185,22846,38888,13942,75676,22846,38888,13942,75676,151352,
4639,71644,138712,125715,336071,71644,138712,125715,336071,672142,
9970,21635,22158,53968,97761,21635,22158,53968,97761,195522,
7579,16299,9126,15441,40866,16299,9126,15441,40866,81732,
3634,26268,14690,9211,50169,26268,14690,9211,50169,100338,4755.7822
5484,207103,423722,397399,1028224,207103,423722,397399,1028224,2056448,5386.3331
5100,118231,136539,457215,711985,118231,136539,457215,711985,1423970,
5754,3715,18932,1842,24489,3715,18932,1842,24489,48978,
6837,2540,2320,8637,13497,2540,2320,8637,13497,26994,
2225,62778,88924,62038,213740,62778,88924,62038,213740,427480,
1874,8847,11313,2270,22430,8847,11313,2270,22430,44860,
1243,397926,594067,189838,1181831,397926,594067,189838,1181831,2363662,1197148.6237
5832,10449,48665,3247,62361,10449,48665,3247,62361,124722,
6007,11733,74165,14305,100203,11733,74165,14305,100203,200406,
8826,3831,4502,0,8333,3831,4502,0,8333,16666,1319.3135
4312,7046,3457,1787,12290,7046,3457,1787,12290,24580,
1519,96623,116165,320868,533656,96623,116165,320868,533656,1067312,
9778,28759,30225,35610,94594,28759,30225,35610,94594,189188,
5078,64732,58938,161716,285386,64732,58938,161716,285386,570772,
7295,32835,53756,6048,92639,32835,53756,6048,92639,185278,
1822,6699,9174,1331,17204,6699,9174,1331,17204,34408,
9628,24224,19078,19985,63287,24224,19078,19985,63287,126574,
8473,75684,70527,103524,249735,75684,70527,103524,249735,499470,
8554,55408,46133,75182,176723,55408,46133,75182,176723,353446,
9814,48479,39645,61110,149234,48479,39645,61110,149234,298468,
9902,37760,4456,16465,58681,37760,4456,16465,58681,117362,
9796,93589,73653,98053,265295,93589,73653,98053,265295,530590,
2313,8997,11880,1524,22401,8997,11880,1524,22401,44802,
7406,64198,86248,98539,248985,64198,86248,98539,248985,497970,
5325,32365,48453,120336,201154,32365,48453,120336,201154,402308,
5233,3466,8091,5127,16684,3466,8091,5127,16684,33368,
6524,3963,10039,2930,16932,3963,10039,2930,16932,33864,
5628,33288,55021,52307,140616,33288,55021,52307,140616,281232,
9943,148006,261192,180349,589547,148006,261192,180349,589547,1179094,
5356,253731,350374,459276,1063381,253731,350374,459276,1063381,2126762,574886.6984
2305,11361,16348,1779,29488,11361,16348,1779,29488,58976,
6008,80958,75150,173074,329182,80958,75150,173074,329182,658364,
3107,5163,3918,15293,24374,5163,3918,15293,24374,48748,
8625,214,49,0,263,214,49,0,263,526,
9721,39258,45798,27789,112845,39258,45798,27789,112845,225690,2442.8213
9121,34530,46405,17418,98353,34530,46405,17418,98353,196706,
9218,11697,8441,6312,26450,11697,8441,6312,26450,52900,
5201,7596,7190,6958,21744,7596,7190,6958,21744,43488,
3981,7725,493,845,9063,7725,493,845,9063,18126,
3738,104037,28191,31623,163851,104037,28191,31623,163851,327702,
4147,433,150,0,583,433,150,0,583,1166,
7440,31083,29826,114809,175718,31083,29826,114809,175718,351436,
2777,19369,44036,66349,129754,19369,44036,66349,129754,259508,
9135,40591,43058,48434,132083,40591,43058,48434,132083,264166,
8711,1475,328,-1,1802,1475,328,-1,1802,3604,
9790,13991,14405,11383,39779,13991,14405,11383,39779,79558,
9415,43743,57141,76922,177806,43743,57141,76922,177806,355612,
9992,131335,97165,172475,400975,131335,97165,172475,400975,801950,69026.4978999999
9864,38243,36081,86791,161115,38243,36081,86791,161115,322230,
9483,27847,25780,29750,83377,27847,25780,29750,83377,166754,
2077,8169,1098,5115,14382,8169,1098,5115,14382,28764,
1429,342911,662240,1003116,2008267,342911,662240,1003116,2008267,4016534,
1443,270014,563812,313726,1147552,270014,563812,313726,1147552,2295104,0.907
1957,9887,7469,2514,19870,9887,7469,2514,19870,39740,
8628,519,473,0,992,519,473,0,992,1984,
7915,3663,837,1311,5811,3663,837,1311,5811,11622,
3797,21352,838,10762,32952,21352,838,10762,32952,65904,
4519,1457,1218,780,3455,1457,1218,780,3455,6910,
7877,292089,693872,144934,1130895,292089,693872,144934,1130895,2261790,354549.122799999
6729,2592,1168,2395,6155,2592,1168,2395,6155,12310,
7211,5193,16520,548,22261,5193,16520,548,22261,44522,
5101,276184,424746,832523,1533453,276184,424746,832523,1533453,3066906,382296.0015
8420,21499,24804,30006,76309,21499,24804,30006,76309,152618,
2576,60941,52562,29805,143308,60941,52562,29805,143308,286616,
5668,54895,52702,54445,162042,54895,52702,54445,162042,324084,
2770,23085,42716,42382,108183,23085,42716,42382,108183,216366,
3408,30645,169211,40389,240245,30645,169211,40389,240245,480490,
3409,3685,62642,4195,70522,3685,62642,4195,70522,141044,
5011,38931,99450,128501,266882,38931,99450,128501,266882,533764,
5942,2947,5434,5016,13397,2947,5434,5016,13397,26794,
2963,31085.5920921484,99077.0895638117,43357.4468782472,173520.128534207,31085.5920921484,99077.0895638117,43357.4468782472,173520.128534207,347040.257068414,
5412,50010,77177,42041,169228,50010,77177,42041,169228,338456,161855.4608
2480,4222,1690,995,6907,4222,1690,995,6907,13814,
8441,10810,7214,9063,27087,10810,7214,9063,27087,54174,
2306,4577,14003,478,19058,4577,14003,478,19058,38116,
8432,27612,26051,16636,70299,27612,26051,16636,70299,140598,
3052,46788,35726,62697,145211,46788,35726,62697,145211,290422,
3060,3005,1389,5096,9490,3005,1389,5096,9490,18980,
5421,388847,403173,1066387,1858407,388847,403173,1066387,1858407,3716814,73084.7285
2103,4368,1058,0,5426,4368,1058,0,5426,10852,
2855,5,10,0,15,5,10,0,15,30,
5145,91666,154517,239811,485994,91666,154517,239811,485994,971988,
1823,494737,923570,260358,1678665,494737,923570,260358,1678665,3357330,550143.0877
7212,8607,10120,2881,21608,8607,10120,2881,21608,43216,
3579,2255,4915,6706,13876,2255,4915,6706,13876,27752,
8326,161451,267585,312674,741710,161451,267585,312674,741710,1483420,
3030,242327,567302,582690,1392319,242327,567302,582690,1392319,2784638,497977.862299999
5753,43629,91144,52471,187244,43629,91144,52471,187244,374488,
5502,2531,2135,3667,8333,2531,2135,3667,8333,16666,
3901,25156,1058,2472,28686,25156,1058,2472,28686,57372,
3830,29786,2375,8934,41095,29786,2375,8934,41095,82190,
3861,10134,543,2215,12892,10134,543,2215,12892,25784,
8632,30922,15194,4749,50865,30922,15194,4749,50865,101730,660.3286
7897,9438,1562,3188,14188,9438,1562,3188,14188,28376,
2893,9926,24692,25224,59842,9926,24692,25224,59842,119684,
2765,11567,30752,25405,67724,11567,30752,25405,67724,135448,
7348,64783,153922,92159,310864,64783,153922,92159,310864,621728,
3588,536,1843,1479,3858,536,1843,1479,3858,7716,
6781,6769,5631,4378,16778,6769,5631,4378,16778,33556,
4188,408,310,111,829,408,310,111,829,1658,
5036,245,92,18996,19333,245,92,18996,19333,38666,
2538,203,103,0,306,203,103,0,306,612,
2452,1499,1164,0,2663,1499,1164,0,2663,5326,
6417,515044,907787,525350,1948181,515044,907787,525350,1948181,3896362,1283634.6618
5961,78403,162320,26085,266808,78403,162320,26085,266808,533616,304.2467
5962,10788,18991,2681,32460,10788,18991,2681,32460,64920,
6690,25757,16091,11262,53110,25757,16091,11262,53110,106220,
5357,136461,213383,302784,652628,136461,213383,302784,652628,1305256,104879.5453
5297,2,6,0,8,2,6,0,8,16,
5413,9838,12279,35827,57944,9838,12279,35827,57944,115888,
4525,58587,131702,98376,288665,58587,131702,98376,288665,577330,
2766,764,2354,5,3123,764,2354,5,3123,6246,
5033,114950,227309,115198,457457,114950,227309,115198,457457,914914,195316.9013
6901,15232,23979,29383,68594,15232,23979,29383,68594,137188,
4436,421,223,0,644,421,223,0,644,1288,1217.689
7055,54509,98901,62597,216007,54509,98901,62597,216007,432014,
3099,15347,14025,24063,53435,15347,14025,24063,53435,106870,
6000,69126,38114,145376,252616,69126,38114,145376,252616,505232,
9317,20129,15041,17655,52825,20129,15041,17655,52825,105650,
8057,30122,56901,39813,126836,30122,56901,39813,126836,253672,
1994,3972,274,1795,6041,3972,274,1795,6041,12082,
4878,143775,44247,56663,244685,143775,44247,56663,244685,489370,52012.8462
6616,37092,24660,14644,76396,37092,24660,14644,76396,152792,
9994,69517,58490,65507,193514,69517,58490,65507,193514,387028,
9967,9642,10546,7441,27629,9642,10546,7441,27629,55258,
9757,42725,40583,51277,134585,42725,40583,51277,134585,269170,
9993,43408,42135,36444,121987,43408,42135,36444,121987,243974,
1040,21107,17052,51893,90052,21107,17052,51893,90052,180104,
1212,31725,65238,94468,191431,31725,65238,94468,191431,382862,
1691,12371,8432,5869,26672,12371,8432,5869,26672,53344,
8681,331,20,0,351,331,20,0,351,702,
9906,17789,14784,10200,42773,17789,14784,10200,42773,85546,
7027,3233,2398,8101,13732,3233,2398,8101,13732,27464,
9866,110640,95779,161582,368001,110640,95779,161582,368001,736002,132560.163
9868,65383,68581,47128,181092,65383,68581,47128,181092,362184,
9622,23011,19482,14598,57091,23011,19482,14598,57091,114182,
9490,26797,156958,3266,187021,26797,156958,3266,187021,374042,81.8102
5034,2967,4651,9133,16751,2967,4651,9133,16751,33502,
9397,12079,101287,68060,181426,12079,101287,68060,181426,362852,
8713,70366,130209,46877,247452,70366,130209,46877,247452,494904,
5944,4242,5394,3787,13423,4242,5394,3787,13423,26846,
8682,329,32,0,361,329,32,0,361,722,
9039,245845,502889,112775,861509,245845,502889,112775,861509,1723018,59228.5565
9186,77514,125527,100711,303752,77514,125527,100711,303752,607504,
9187,31195,36854,37193,105242,31195,36854,37193,105242,210484,
8763,5903,7156,194,13253,5903,7156,194,13253,26506,
9492,19413,15127,14683,49223,19413,15127,14683,49223,98446,
8642,246,68,0,314,246,68,0,314,628,
7744,95,111,1126,1332,95,111,1126,1332,2664,
5102,6229,5712,54616,66557,6229,5712,54616,66557,133114,
7745,203215,786338,152692,1142245,203215,786338,152692,1142245,2284490,3827.7308
5282,70830,138262,140567,349659,70830,138262,140567,349659,699318,
8905,204344,62295,72291,338930,204344,62295,72291,338930,677860,
4455,6364,2655,1371,10390,6364,2655,1371,10390,20780,
7916,33194,25133,9616,67943,33194,25133,9616,67943,135886,
3190,622957,933612,979076,2535645,622957,933612,979076,2535645,5071290,81145.9764
2292,56477,115904,49897,222278,56477,115904,49897,222278,444556,16533.1489
5694,84621,87540,96435,268596,84621,87540,96435,268596,537192,
5584,541598,573486,1671958,2787042,541598,573486,1671958,2787042,5574084,
5414,31955,28686,161095,221736,31955,28686,161095,221736,443472,
4520,3655,12685,2006,18346,3655,12685,2006,18346,36692,
5355,1966974,2790697,5520191,10277862,1966974,2790697,5520191,10277862,20555724,6317256.91050001
2949,40405,72655,58444,171504,40405,72655,58444,171504,343008,
5358,210269,246926,585749,1042944,210269,246926,585749,1042944,2085888,
5234,3938,3893,6144,13975,3938,3893,6144,13975,27950,
8472,28764,31007,78343,138114,28764,31007,78343,138114,276228,
5486,116312,198970,381415,696697,116312,198970,381415,696697,1393394,
9793,156797,129867,206063,492727,156797,129867,206063,492727,985454,
5134,6721,9568,34319,50608,6721,9568,34319,50608,101216,
1901,38682,79840,13789,132311,38682,79840,13789,132311,264622,24895.7385
7471,53985,45928,54047,153960,53985,45928,54047,153960,307920,
5283,30113,47371,88299,165783,30113,47371,88299,165783,331566,
5448,198686,861788,736804,1797278,198686,861788,736804,1797278,3594556,38613.637
3795,56005,1510,24995,82510,56005,1510,24995,82510,165020,
9894,64154,52788,106456,223398,64154,52788,106456,223398,446796,
2128,92957,103676,51949,248582,92957,103676,51949,248582,497164,
5899,207915,257308,283298,748521,207915,257308,283298,748521,1497042,131968.5502
8114,159,84,359,602,159,84,359,602,1204,
5566,125120,179650,155198,459968,125120,179650,155198,459968,919936,47247.9675
9915,84342,21200,17509,123051,84342,21200,17509,123051,246102,
2950,18305,32025,24350,74680,18305,32025,24350,74680,149360,
7370,246,91,284,621,246,91,284,621,1242,
2227,14015,54679,13345,82039,14015,54679,13345,82039,164078,
2824,12806,22811,763,36380,12806,22811,763,36380,72760,
5056,60818,65096,133989,259903,60818,65096,133989,259903,519806,
5473,15877,32845,47540,96262,15877,32845,47540,96262,192524,22169.2035
5359,24712,45387,100891,170990,24712,45387,100891,170990,341980,7286.1996
2169,23704,38908,8444,71056,23704,38908,8444,71056,142112,12456.5445
9328,2195805,5081207,1719158,8996170,2195805,5081207,1719158,8996170,17992340,1143730.6164
9395,138394,76729,107886,323009,138394,76729,107886,323009,646018,
6941,140707,265532,640994,1047233,140707,265532,640994,1047233,2094466,18998.6318
5642,40893,41031,60773,142697,40893,41031,60773,142697,285394,16328.3062
5822,708,11587,1156,13451,708,11587,1156,13451,26902,
5669,338081,384196,348614,1070891,338081,384196,348614,1070891,2141782,
7918,1402,406,3473,5281,1402,406,3473,5281,10562,
5246,165856,262013,864766,1292635,165856,262013,864766,1292635,2585270,23908.1006
8977,53129,85716,14637,153482,53129,85716,14637,153482,306964,
2121,110403,8205,18790,137398,110403,8205,18790,137398,274796,1628.9641
5049,98134,92444,333970,524548,98134,92444,333970,524548,1049096,
5135,113703,97274,388929,599906,113703,97274,388929,599906,1199812,
7349,15220,12456,6729,34405,15220,12456,6729,34405,68810,
6667,22519,22694,20310,65523,22519,22694,20310,65523,131046,
6832,20151,15790,52170,88111,20151,15790,52170,88111,176222,
1542,304784,465316,786313,1556413,304784,465316,786313,1556413,3112826,
5103,252845,240221,587957,1081023,252845,240221,587957,1081023,2162046,
6238,25,11,0,36,25,11,0,36,72,
7068,190334,336716,384968,912018,190334,336716,384968,912018,1824036,323639.6581
7473,19253,9874,18245,47372,19253,9874,18245,47372,94744,
5257,48327,86902,66268,201497,48327,86902,66268,201497,402994,6182.9608
6010,125188,134866,364735,624789,125188,134866,364735,624789,1249578,11444.6858
6815,85253,124222,217989,427464,85253,124222,217989,427464,854928,
6959,137353,195267,450009,782629,137353,195267,450009,782629,1565258,
2747,2135,4161,1433,7729,2135,4161,1433,7729,15458,
5360,495583,502403,818535,1816521,495583,502403,818535,1816521,3633042,190727.9312
5361,16299,8267,15161,39727,16299,8267,15161,39727,79454,
1041,76538,124641,207187,408366,76538,124641,207187,408366,816732,
5459,11492,16522,40853,68867,11492,16522,40853,68867,137734,
5104,71832,104829,202171,378832,71832,104829,202171,378832,757664,
5558,127820,127039,288952,543811,127820,127039,288952,543811,1087622,
6004,70966,39183,131232,241381,70966,39183,131232,241381,482762,
5217,14744,32902,64970,112616,14744,32902,64970,112616,225232,
1444,2700253,9803405,5756614,18260272,2700253,9803405,5756614,18260272,36520544,3734263.4076
2080,16841,8217,5613,30671,16841,8217,5613,30671,61342,
4740,21950,73073,15013,110036,21950,73073,15013,110036,220072,121.3701
5415,78766,47944,97950,224660,78766,47944,97950,224660,449320,
5586,152466,158380,271227,582073,152466,158380,271227,582073,1164146,
5755,132199,635363,144660,912222,132199,635363,144660,912222,1824444,58089.0246
3410,171006,943379,85312,1199697,171006,943379,85312,1199697,2399394,785336.107599998
3414,11928,44089,12652,68669,11928,44089,12652,68669,137338,
9914,203901,269956,185027,658884,203901,269956,185027,658884,1317768,
5756,49058,317169,46643,412870,49058,317169,46643,412870,825740,
5760,2125,6907,1056,10088,2125,6907,1056,10088,20176,
5065,13407,15693,47552,76652,13407,15693,47552,76652,153304,
4416,15131,7139,1327,23597,15131,7139,1327,23597,47194,
2780,2233,4872,3512,10617,2233,4872,3512,10617,21234,
9452,8218,6624,5433,20275,8218,6624,5433,20275,40550,
3873,10133,366,5051,15550,10133,366,5051,15550,31100,
5137,119237,90373,301186,510796,119237,90373,301186,510796,1021592,
9930,75315,109275,66598,251188,75315,109275,66598,251188,502376,27110.4127
9931,129227,207829,159041,496097,129227,207829,159041,496097,992194,4102.9904
8726,83,46,0,129,83,46,0,129,258,
5337,128643,385271,111055,624969,128643,385271,111055,624969,1249938,
3508,2316,42075,7813,52204,2316,42075,7813,52204,104408,
3591,8318,67378,21226,96922,8318,67378,21226,96922,193844,
6875,6653,5552,25816,38021,6653,5552,25816,38021,76042,
5900,254715,317827,231507,804049,254715,317827,231507,804049,1608098,156675.6233
5521,404356,448619,657350,1510325,404356,448619,657350,1510325,3020650,3557.0457
5688,31972,44751,87221,163944,31972,44751,87221,163944,327888,
5643,111258,104923,197129,413310,111258,104923,197129,413310,826620,
5545,213822,233418,340291,787531,213822,233418,340291,787531,1575062,261.6443
5105,13983,23374,62772,100129,13983,23374,62772,100129,200258,
2811,3882,12008,6466,22356,3882,12008,6466,22356,44712,
577,295882,222195,1953967,2472044,295882,222195,1953967,2472044,4944088,150504.037
9245,9861,8804,3447,22112,9861,8804,3447,22112,44224,
5167,108417,230295,397324,736036,108417,230295,397324,736036,1472072,32103.867
5493,1176,401,2275,3852,1176,401,2275,3852,7704,
2126,142642,165263,122622,430527,142642,165263,122622,430527,861054,
8637,1752,1345,812,3909,1752,1345,812,3909,7818,
8544,17615,18762,4192,40569,17615,18762,4192,40569,81138,
7214,27976,59480,10810,98266,27976,59480,10810,98266,196532,
5559,503042,512875,833606,1849523,503042,512875,833606,1849523,3699046,
7490,1921342,1525164,5021770,8468276,1921342,1525164,5021770,8468276,16936552,344775.829
5808,9113,19702,5419,34234,9113,19702,5419,34234,68468,
1377,1883,4431,4340,10654,1883,4431,4340,10654,21308,
3862,8989,442,557,9988,8989,442,557,9988,19976,
8061,13136,3022,8475,24633,13136,3022,8475,24633,49266,
4074,4946,2250,2722,9918,4946,2250,2722,9918,19836,
4066,814,431,0,1245,814,431,0,1245,2490,
8062,33926,23326,4484,61736,33926,23326,4484,61736,123472,
3235,157214,62985,165473,385672,157214,62985,165473,385672,771344,
1445,138758,182306,354979,676043,138758,182306,354979,676043,1352086,
6119,620761,927978,1675567,3224306,620761,927978,1675567,3224306,6448612,1239891.2208
3012,624,85,282,991,624,85,282,991,1982,
5261,8859,11080,15831,35770,8859,11080,15831,35770,71540,
5284,14830,22383,15836,53049,14830,22383,15836,53049,106098,
4076,3515,15899,0,19414,3515,15899,0,19414,38828,
6351,3747,518,1374,5639,3747,518,1374,5639,11278,
8583,33831,36316,30577,100724,33831,36316,30577,100724,201448,173.1972
4503,165589,197880,309658,673127,165589,197880,309658,673127,1346254,
5522,182960,250862,439137,872959,182960,250862,439137,872959,1745918,10979.8326
2026,3904,1329,2639,7872,3904,1329,2639,7872,15744,
2513,71662,47309,20910,139881,71662,47309,20910,139881,279762,
1532,89983,187550,345181,622714,89983,187550,345181,622714,1245428,
2935,9903,16324,15083,41310,9903,16324,15083,41310,82620,
2786,15681,45666,42915,104262,15681,45666,42915,104262,208524,
5035,95548,225606,219996,541150,95548,225606,219996,541150,1082300,1438.4649
5027,26168,60780,69641,156589,26168,60780,69641,156589,313178,
5258,13479,25637,19837,58953,13479,25637,19837,58953,117906,99775.9065
6876,161005,297477,644071,1102553,161005,297477,644071,1102553,2205106,
5362,407595,575045,1109116,2091756,407595,575045,1109116,2091756,4183512,
2354,173827,395621,187324,756772,173827,395621,187324,756772,1513544,
8638,19442,32747,4799,56988,19442,32747,4799,56988,113976,
8639,702,283,0,985,702,283,0,985,1970,
9675,20401,22712,17949,61062,20401,22712,17949,61062,122124,
8827,24437,45010,-12,69435,24437,45010,-12,69435,138870,414.3737
1042,58585,106036,126106,290727,58585,106036,126106,290727,581454,
2046,12296,347,1206,13849,12296,347,1206,13849,27698,
7029,9631,10075,21976,41682,9631,10075,21976,41682,83364,
5218,6162,13972,40156,60290,6162,13972,40156,60290,120580,
5509,276959,402574,111262,790795,276959,402574,111262,790795,1581590,68516.0309
2355,98816,182551,98801,380168,98816,182551,98801,380168,760336,
3344,8094,6457,4089,18640,8094,6457,4089,18640,37280,
5683,49284,34400,26287,109971,49284,34400,26287,109971,219942,
6854,16404,37390,34148,87942,16404,37390,34148,87942,175884,
8556,67227,41873,85810,194910,67227,41873,85810,194910,389820,
2284,27474,24424,9244,61142,27474,24424,9244,61142,122284,
5707,23525,41698,7564,72787,23525,41698,7564,72787,145574,42.4889
5587,53496,50413,117282,221191,53496,50413,117282,221191,442382,
2952,2330,5636,2185,10151,2330,5636,2185,10151,20302,
3144,17158,18205,41043,76406,17158,18205,41043,76406,152812,
6465,666,2,6,674,666,2,6,674,1348,3.1859
6424,31777,33288,12459,77524,31777,33288,12459,77524,155048,31.3
9971,1530,974,57,2561,1530,974,57,2561,5122,
8474,104902,98335,135099,338336,104902,98335,135099,338336,676672,
2654,9629,1141,175,10945,9629,1141,175,10945,21890,
9904,72844,71980,131712,276536,72844,71980,131712,276536,553072,
9979,42194,40738,39652,122584,42194,40738,39652,122584,245168,
2104,6005,1421,0,7426,6005,1421,0,7426,14852,
1559,14029,9201,23247,46477,14029,9201,23247,46477,92954,
2335,40777,80134,44517,165428,40777,80134,44517,165428,330856,
9723,24218,28329,19336,71883,24218,28329,19336,71883,143766,
3961,7658,503,757,8918,7658,503,757,8918,17836,
4148,335,304,0,639,335,304,0,639,1278,
8640,1922,597,0,2519,1922,597,0,2519,5038,
2397,13777,18499,13284,45560,13777,18499,13284,45560,91120,
2953,34694,61340,43275,139309,34694,61340,43275,139309,278618,
5416,4687511,1981778,710516,7379805,4687511,1981778,710516,7379805,14759610,1119423.7372
8641,643,198,0,841,643,198,0,841,1682,
3051,183131,144196,247136,574463,183131,144196,247136,574463,1148926,10003.7678
6877,215303,227281,819640,1262224,215303,227281,819640,1262224,2524448,8521.2765
9794,61009,49564,63786,174359,61009,49564,63786,174359,348718,
2655,5062,512,224,5798,5062,512,224,5798,11596,
8117,9237,9689,6484,25410,9237,9689,6484,25410,50820,404.0537
4022,1075,113,903,2091,1075,113,903,2091,4182,
5796,45985,123945,41816,211746,45985,123945,41816,211746,423492,
5169,249450,442444,524775,1216669,249450,442444,524775,1216669,2433338,322474.5843
9956,13260,15858,15623,44741,13260,15858,15623,44741,89482,
5363,185803,206779,564942,957524,185803,206779,564942,957524,1915048,
9501,29625,21827,10700,62152,29625,21827,10700,62152,124304,
7921,1844,426,7012,9282,1844,426,7012,9282,18564,
2454,917,539,443,1899,917,539,443,1899,3798,
9813,3855727,4662295,4786986,13305008,3855727,4662295,4786986,13305008,26610016,2997019.08940001
9950,2075276,3899917,2210787,8185980,2075276,3899917,2210787,8185980,16371960,1547607.2516
8360,24171,41480,4072,69723,24171,41480,4072,69723,139446,
2301,5361,6429,12006,23796,5361,6429,12006,23796,47592,
8715,8121,10086,1578,19785,8121,10086,1578,19785,39570,
8828,1975,1611,0,3586,1975,1611,0,3586,7172,
9503,46195,40677,60362,147234,46195,40677,60362,147234,294468,
9301,10658,13296,4814,28768,10658,13296,4814,28768,57536,
2895,55543,179822,147407,382772,55543,179822,147407,382772,765544,
4760,171468,389562,64809,625839,171468,389562,64809,625839,1251678,61136.4548
5338,7323,15334,10131,32788,7323,15334,10131,32788,65576,
4457,53328,39663,9374,102365,53328,39663,9374,102365,204730,
5629,174828,156694,320371,651893,174828,156694,320371,651893,1303786,
2948,5791,19671,9901,35363,5791,19671,9901,35363,70726,
5474,8014,14061,16121,38196,8014,14061,16121,38196,76392,
8284,8605,12328,7822,28755,8605,12328,7822,28755,57510,
9096,88,2,16,106,88,2,16,106,212,
8643,2332,1094,0,3426,2332,1094,0,3426,6852,
5298,5961,10385,9022,25368,5961,10385,9022,25368,50736,
6878,193442,264962,694822,1153226,193442,264962,694822,1153226,2306452,
8025,48404,76750,21688,146842,48404,76750,21688,146842,293684,1240.6829
1220,7368,7869,3842,19079,7368,7869,3842,19079,38158,
6028,106690,107800,329564,544054,106690,107800,329564,544054,1088108,
3033,26697,87561,74520,188778,26697,87561,74520,188778,377556,
5272,55831,105061,108029,268921,55831,105061,108029,268921,537842,
2962,11070,39243,17198,67511,11070,39243,17198,67511,135022,
1409,233626,313731,552202,1099559,233626,313731,552202,1099559,2199118,749459.1157
9635,95065,66672,69647,231384,95065,66672,69647,231384,462768,
4131,12034,7593,19299,38926,12034,7593,19299,38926,77852,
6206,7959,930,1021,9910,7959,930,1021,9910,19820,
6029,36297,38455,84477,159229,36297,38455,84477,159229,318458,
1965,31501,26375,9683,67559,31501,26375,9683,67559,135118,
3839,57214,3329,18486,79029,57214,3329,18486,79029,158058,
6469,91420,315551,159399,566370,91420,315551,159399,566370,1132740,213653.0245
5514,19805,31398,67804,119007,19805,31398,67804,119007,238014,
1132,57164,83131,177986,318281,57164,83131,177986,318281,636562,
5172,223212,461883,668310,1353405,223212,461883,668310,1353405,2706810,63596.624
7443,433670,421473,630657,1485800,433670,421473,630657,1485800,2971600,75052.9588
7922,3062,390,0,3452,3062,390,0,3452,6904,
6855,7177,7935,17603,32715,7177,7935,17603,32715,65430,
7032,12942,8988,37398,59328,12942,8988,37398,59328,118656,
6275,3888,366,265,4519,3888,366,265,4519,9038,
4892,90640,84962,75632,251234,90640,84962,75632,251234,502468,328.6452
1463,76068,74919,129486,280473,76068,74919,129486,280473,560946,
7328,48591,157727,14410,220728,48591,157727,14410,220728,441456,147.8858
2218,134175,120480,96531,351186,134175,120480,96531,351186,702372,
1996,2694,131,1129,3954,2694,131,1129,3954,7908,
2325,25431,24439,8555,58425,25431,24439,8555,58425,116850,
9725,21930,28952,15424,66306,21930,28952,15424,66306,132612,
2900,25318,84991,42904,153213,25318,84991,42904,153213,306426,
3136,27738,37876,21320,86934,27738,37876,21320,86934,173868,
5138,87457,145121,361999,594577,87457,145121,361999,594577,1189154,
9681,62025,61464,72176,195665,62025,61464,72176,195665,391330,916.6936
9682,85739,74094,112227,272060,85739,74094,112227,272060,544120,
5146,346728,486385,907428,1740541,346728,486385,907428,1740541,3481082,
9610,4173,13881,260,18314,4173,13881,260,18314,36628,
6276,1542,250,242,2034,1542,250,242,2034,4068,
6280,70802,140743,12495,224040,70802,140743,12495,224040,448080,7976.4971
2825,12708,13929,1038,27675,12708,13929,1038,27675,55350,
8155,5776,812,5243,11831,5776,812,5243,11831,23662,
5139,177067,231273,557991,966331,177067,231273,557991,966331,1932662,861014.0435
2955,25199,55914,56524,137637,25199,55914,56524,137637,275274,3722.5571
5631,1070153,1592282,1328668,3991103,1070153,1592282,1328668,3991103,7982206,994634.930499999
8567,159396,189841,131688,480925,159396,189841,131688,480925,961850,
5588,268642,206822,419333,894797,268642,206822,419333,894797,1789594,
3563,1200,22713,2142,26055,1200,22713,2142,26055,52110,
7299,3602,3372,1396,8370,3602,3372,1396,8370,16740,
4300,16384,906,472,17762,16384,906,472,17762,35524,
7930,9611,855,880,11346,9611,855,880,11346,22692,
6281,7696,6622,2308,16626,7696,6622,2308,16626,33252,115.4091
5364,81677,78876,285424,445977,81677,78876,285424,445977,891954,
6977,335991,556395,787448,1679834,335991,556395,787448,1679834,3359668,
6867,159827,223424,507718,890969,159827,223424,507718,890969,1781938,178564.4784
6978,114233,192535,179695,486463,114233,192535,179695,486463,972926,876.054
3053,76139,76610,153565,306314,76139,76610,153565,306314,612628,
7300,2208,2007,547,4762,2208,2007,547,4762,9524,
2896,27332,82741,60635,170708,27332,82741,60635,170708,341416,
6075,39100,47236,82427,168763,39100,47236,82427,168763,337526,
2585,6329,16051,10231,32611,6329,16051,10231,32611,65222,
1022,162005,271261,153024,586290,162005,271261,153024,586290,1172580,
4577,34415,23858,173289,231562,34415,23858,173289,231562,463124,
9810,98138,79695,93877,271710,98138,79695,93877,271710,543420,
2845,17511,34224,18628,70363,17511,34224,18628,70363,140726,
7266,13910,23096,1389,38395,13910,23096,1389,38395,76790,
2295,10156,31285,11212,52653,10156,31285,11212,52653,105306,
8411,225818,365358,338281,929457,225818,365358,338281,929457,1858914,39117.1882000001
4521,38980,57849,74051,170880,38980,57849,74051,170880,341760,
2572,15941,21504,17379,54824,15941,21504,17379,54824,109648,
2229,27782,74301,25921,128004,27782,74301,25921,128004,256008,
5173,7436,7876,6251,21563,7436,7876,6251,21563,43126,
7568,9965,22602,5409,37976,9965,22602,5409,37976,75952,
5037,6001,13540,23886,43427,6001,13540,23886,43427,86854,
5947,18200,11222,26222,55644,18200,11222,26222,55644,111288,
9726,156252,141152,139187,436591,156252,141152,139187,436591,873182,3812.7863
9727,140019,130936,152110,423065,140019,130936,152110,423065,846130,
8241,4572,4780,3280,12632,4572,4780,3280,12632,25264,
5450,56100,135992,97472,289564,56100,135992,97472,289564,579128,69852.6321
1413,250190,364610,463173,1077973,250190,364610,463173,1077973,2155946,
5560,131383,130703,321267,583353,131383,130703,321267,583353,1166706,
5561,247392,317653,530250,1095295,247392,317653,530250,1095295,2190590,
5589,104912,119225,197698,421835,104912,119225,197698,421835,843670,
1033,14320,17711,25769,57800,14320,17711,25769,57800,115600,
1145,22698,35984,60835,119517,22698,35984,60835,119517,239034,
5940,28576,32747,18780,80103,28576,32747,18780,80103,160206,
3007,18532,22166,28029,68727,18532,22166,28029,68727,137454,
2767,43221,42080,33105,118406,43221,42080,33105,118406,236812,
3191,48582,52537,96805,197924,48582,52537,96805,197924,395848,
2557,7248,1658,1126,10032,7248,1658,1126,10032,20064,
4458,20930,5680,37022,63632,20930,5680,37022,63632,127264,
1521,72918,109690,219097,401705,72918,109690,219097,401705,803410,
7374,745,186,1181,2112,745,186,1181,2112,4224,
1533,28045,53888,71824,153757,28045,53888,71824,153757,307514,
6804,26841,17974,49288,94103,26841,17974,49288,94103,188206,
6827,247886,263695,287673,799254,247886,263695,287673,799254,1598508,
6879,227612,266829,795699,1290140,227612,266829,795699,1290140,2580280,
1543,206727,479931,813232,1499890,206727,479931,813232,1499890,2999780,878.2856
5140,7812,8702,21493,38007,7812,8702,21493,38007,76014,
6012,91110,107365,332542,531017,91110,107365,332542,531017,1062034,
7401,85716,137298,158212,381226,85716,137298,158212,381226,762452,
2027,6094,1995,3492,11581,6094,1995,3492,11581,23162,
8213,210091,348053,127685,685829,210091,348053,127685,685829,1371658,293.5234
1397,347998,624624,372073,1344695,347998,624624,372073,1344695,2689390,328052.6643
598,314908,332161,75125,722194,314908,332161,75125,722194,1444388,
2230,33971,59895,11504,105370,33971,59895,11504,105370,210740,
4579,2884,206,7746,10836,2884,206,7746,10836,21672,
8009,119157,104696,38133,261986,119157,104696,38133,261986,523972,477.2938
9246,2720,2797,2842,8359,2720,2797,2842,8359,16718,
6902,18746,20180,7581,46507,18746,20180,7581,46507,93014,
6905,13339,23391,51698,88428,13339,23391,51698,88428,176856,
5633,141979,270238,438078,850295,141979,270238,438078,850295,1700590,100471.8237
5489,80058,193073,350481,623612,80058,193073,350481,623612,1247224,
5219,149482,494130,363009,1006621,149482,494130,363009,1006621,2013242,36797.6599
1398,74994,201192,97583,373769,74994,201192,97583,373769,747538,
6070,328729,412407,305844,1046980,328729,412407,305844,1046980,2093960,
6528,16031,22170,16519,54720,16031,22170,16519,54720,109440,2884.2539
6845,22263,26963,145416,194642,22263,26963,145416,194642,389284,
2826,12989,14274,961,28224,12989,14274,961,28224,56448,
2604,4097,14918,5449,24464,4097,14918,5449,24464,48928,
4594,5458,2979,13532,21969,5458,2979,13532,21969,43938,
5532,288647,427056,307044,1022747,288647,427056,307044,1022747,2045494,331254.2955
6260,60,6,0,66,60,6,0,66,132,
4079,37067,34730,1051,72848,37067,34730,1051,72848,145696,
2428,15992,1790,1788,19570,15992,1790,1788,19570,39140,
2146,1274,713,249,2236,1274,713,249,2236,4472,
9634,25208,23307,24215,72730,25208,23307,24215,72730,145460,
7569,6385,6914,2237,15536,6385,6914,2237,15536,31072,
5289,44399,32415,151389,228203,44399,32415,151389,228203,456406,
3186,312158,475277,421377,1208812,312158,475277,421377,1208812,2417624,103523.8702
5050,100052,107802,363475,571329,100052,107802,363475,571329,1142658,
3513,4000,34113,6760,44873,4000,34113,6760,44873,89746,
9419,404323,449444,182097,1035864,404323,449444,182097,1035864,2071728,537046.456
5490,295584,701087,1139077,2135748,295584,701087,1139077,2135748,4271496,578114.9625
2768,56595,125101,123421,305117,56595,125101,123421,305117,610234,3347.4705
5220,38804,97138,162776,298718,38804,97138,162776,298718,597436,
8498,61497,52705,82734,196936,61497,52705,82734,196936,393872,
1434,38625,75854,100248,214727,38625,75854,100248,214727,429454,
2860,44461,94141,70062,208664,44461,94141,70062,208664,417328,4266.4257
6283,4817,626,284,5727,4817,626,284,5727,11454,
3845,108188,3952,57885,170025,108188,3952,57885,170025,340050,
3908,14691,491,3670,18852,14691,491,3670,18852,37704,
2861,66179,133077,110778,310034,66179,133077,110778,310034,620068,
8524,106386,161799,112704,380889,106386,161799,112704,380889,761778,23988.2579
6220,17146,8462,6733,32341,17146,8462,6733,32341,64682,
5893,58370,63270,114325,235965,58370,63270,114325,235965,471930,
1148,22831,45707,20581,89119,22831,45707,20581,89119,178238,
7887,4344,356,1029,5729,4344,356,1029,5729,11458,
9981,144545,161677,299094,605316,144545,161677,299094,605316,1210632,37.4029
9982,2895,1658,2549,7102,2895,1658,2549,7102,14204,
2656,12307,1029,312,13648,12307,1029,312,13648,27296,111.6308
8647,2090,603,350,3043,2090,603,350,3043,6086,
2149,18004,13972,11333,43309,18004,13972,11333,43309,86618,4764.6672
1391,240914,366417,288210,895541,240914,366417,288210,895541,1791082,30169.5608
1522,84202,89482,281205,454889,84202,89482,281205,454889,909778,
4028,36170,4103,23915,64188,36170,4103,23915,64188,128376,
4524,16660,12915,24901,54476,16660,12915,24901,54476,108952,
3146,68372,148958,129241,346571,68372,148958,129241,346571,693142,
8129,92,0,0,92,92,0,0,92,184,
3607,119215,266626,155154,540995,119215,266626,155154,540995,1081990,46979.947
5174,46466,108743,242201,397410,46466,108743,242201,397410,794820,
5066,284541,312194,793247,1389982,284541,312194,793247,1389982,2779964,1207336.3995
5590,92312,72641,179306,344259,92312,72641,179306,344259,688518,
6818,79886,89215,164174,333275,79886,89215,164174,333275,666550,
6085,133650,150259,362436,646345,133650,150259,362436,646345,1292690,667.8828
8067,9227,2971,3312,15510,9227,2971,3312,15510,31020,
2138,14047,9478,3789,27314,14047,9478,3789,27314,54628,
5417,2473,8033,6282,16788,2473,8033,6282,16788,33576,
7766,3378,2211,2817,8406,3378,2211,2817,8406,16812,353.841
7506,59085,97451,33513,190049,59085,97451,33513,190049,380098,2665.3122
3194,3145,6394,4227,13766,3145,6394,4227,13766,27532,
2691,2071,1770,0,3841,2071,1770,0,3841,7682,
5235,86161,149870,317334,553365,86161,149870,317334,553365,1106730,
9909,101136,73496,67146,241778,101136,73496,67146,241778,483556,
3054,381385,332459,408281,1122125,381385,332459,408281,1122125,2244250,76324.0873999999
5202,13759,19751,62207,95717,13759,19751,62207,95717,191434,
6919,152206,182120,488839,823165,152206,182120,488839,823165,1646330,
3314,26174,49328,8096,83598,26174,49328,8096,83598,167196,
6009,1412801,2397340,2090233,5900374,1412801,2397340,2090233,5900374,11800748,1962668.6546
2356,52530,109962,41789,204281,52530,109962,41789,204281,408562,
5236,38540,54984,194938,288462,38540,54984,194938,288462,576924,
9983,61242,43273,49833,154348,61242,43273,49833,154348,308696,
9676,29015,19839,52198,101052,29015,19839,52198,101052,202104,
9630,43491,22332,61887,127710,43491,22332,61887,127710,255420,
2231,69703,140149,79917,289769,69703,140149,79917,289769,579538,
5539,62643,29834,49378,141855,62643,29834,49378,141855,283710,7416.299
5591,35717,36958,94642,167317,35717,36958,94642,167317,334634,
1870,35356,55937,48811,140104,35356,55937,48811,140104,280208,
2398,33206,98686,30567,162459,33206,98686,30567,162459,324918,8756.0938
5880,24006,25288,30318,79612,24006,25288,30318,79612,159224,
6086,343642,394382,582717,1320741,343642,394382,582717,1320741,2641482,161041.2092
5107,237593,265029,901117,1403739,237593,265029,901117,1403739,2807478,381737.8293
6880,69180,108156,84355,261691,69180,108156,84355,261691,523382,
5141,3484,6204,7747,17435,3484,6204,7747,17435,34870,
1221,33946,26165,17176,77287,33946,26165,17176,77287,154574,
5308,6970,6821,13109,26900,6970,6821,13109,26900,53800,
5941,11272,3242,6663,21177,11272,3242,6663,21177,42354,
2437,32363,82875,6147,121385,32363,82875,6147,121385,242770,451.7563
9738,16352,20035,19956,56343,16352,20035,19956,56343,112686,26023.2109
6979,272346,428982,809022,1510350,272346,428982,809022,1510350,3020700,
4794,4307,14021,2589,20917,4307,14021,2589,20917,41834,
5717,32050,118846,25706,176602,32050,118846,25706,176602,353204,5279.84189999999
8436,10490,7657,10667,28814,10490,7657,10667,28814,57628,
5418,246371,327567,534724,1108662,246371,327567,534724,1108662,2217324,
5523,86813,116344,157348,360505,86813,116344,157348,360505,721010,
2193,220508,9683,37122,267313,220508,9683,37122,267313,534626,58762.2813
2432,10688,1080,993,12761,10688,1080,993,12761,25522,
2828,11138,13647,1435,26220,11138,13647,1435,26220,52440,
4189,460,175,142,777,460,175,142,777,1554,
5365,123692,185040,158641,467373,123692,185040,158641,467373,934746,
8212,55360,39546,39905,134811,55360,39546,39905,134811,269622,
6015,109315,113570,341938,564823,109315,113570,341938,564823,1129646,
8499,162865,140019,177833,480717,162865,140019,177833,480717,961434,151.3344
5309,232330,442242,614886,1289458,232330,442242,614886,1289458,2578916,122937.5245
5562,50371,54746,97711,202828,50371,54746,97711,202828,405656,
2105,7826,1656,23,9505,7826,1656,23,9505,19010,
8720,81732,119129,92716,293577,81732,119129,92716,293577,587154,
2399,265,315,46,626,265,315,46,626,1252,
2303,34586,49021,9802,93409,34586,49021,9802,93409,186818,
5563,142450,139927,326900,609277,142450,139927,326900,609277,1218554,3144.0764
5273,186007,487863,522177,1196047,186007,487863,522177,1196047,2392094,494981.225000001
7327,18444,32939,5565,56948,18444,32939,5565,56948,113896,
1563,7795,5517,5613,18925,7795,5517,5613,18925,37850,
8071,13960,15427,17933,47320,13960,15427,17933,47320,94640,
1734,9800,6495,7669,23964,9800,6495,7669,23964,47928,
1023,144798,272145,104486,521429,144798,272145,104486,521429,1042858,
2194,93515,133991,68776,296282,93515,133991,68776,296282,592564,
6221,207,16,123,346,207,16,123,346,692,
1862,45197,22658,14823,82678,45197,22658,14823,82678,165356,
8437,474929,862368,763145,2100442,474929,862368,763145,2100442,4200884,367555.7957
8126,230854,673601,204541,1108996,230854,673601,204541,1108996,2217992,62003.3658
2937,3512,3940,7868,15320,3512,3940,7868,15320,30640,
2558,7337,668,1482,9487,7337,668,1482,9487,18974,
3072,25278,53503,67477,146258,25278,53503,67477,146258,292516,
8098,6438,2949,1712,11099,6438,2949,1712,11099,22198,
6108,186955,321402,328243,836600,186955,321402,328243,836600,1673200,7.1772
8921,22834,14439,9625,46898,22834,14439,9625,46898,93796,
2235,165849,262529,151991,580369,165849,262529,151991,580369,1160738,56188.026
5463,44604,64088,202222,310914,44604,64088,202222,310914,621828,118216.3271
8099,4440,9083,5559,19082,4440,9083,5559,19082,38164,
2160,88214,445953,82902,617069,88214,445953,82902,617069,1234138,21849.7183
2829,7231,17560,7784,32575,7231,17560,7784,32575,65150,
2959,3935,8762,8969,21666,3935,8762,8969,21666,43332,
6310,9755,3966,3563,17284,9755,3966,3563,17284,34568,
9845,281896,224956,230687,737539,281896,224956,230687,737539,1475078,853202.8531
6851,10975,8452,30787,50214,10975,8452,30787,50214,100428,
9618,4261,1112,58541,63914,4261,1112,58541,63914,127828,
5495,31088,40832,96620,168540,31088,40832,96620,168540,337080,
6881,489621,831837,2039290,3360748,489621,831837,2039290,3360748,6721496,14452.8446
8568,135519,301216,250403,687138,135519,301216,250403,687138,1374276,
9586,226362,251384,138076,615822,226362,251384,138076,615822,1231644,
2236,2754,5672,2377,10803,2754,5672,2377,10803,21606,
2122,184,9,0,193,184,9,0,193,386,
6882,67961,54428,224988,347377,67961,54428,224988,347377,694754,
8922,23358,9541,13957,46856,23358,9541,13957,46856,93712,
8648,11412,2821,3049,17282,11412,2821,3049,17282,34564,
8778,433,74,662,1169,433,74,662,1169,2338,
9136,146203,288537,127386,562126,146203,288537,127386,562126,1124252,49579.8086
9646,9659,8044,11927,29630,9659,8044,11927,29630,59260,
8649,210643,359987,19450,590080,210643,359987,19450,590080,1180160,74315.4402
8614,160,33,0,193,160,33,0,193,386,
8924,79917,60398,61660,201975,79917,60398,61660,201975,403950,
7217,339601,689679,550394,1579674,339601,689679,550394,1579674,3159348,518609.4211
2817,30130,46214,36272,112616,30130,46214,36272,112616,225232,
9508,132820,153037,171066,456923,132820,153037,171066,456923,913846,
5592,141707,124899,265924,532530,141707,124899,265924,532530,1065060,
3110,4719,6768,3078,14565,4719,6768,3078,14565,29130,
3170,18511,16904,42798,78213,18511,16904,42798,78213,156426,
3555,5319,29342,8474,43135,5319,29342,8474,43135,86270,
1097,44864,51895,74542,171301,44864,51895,74542,171301,342602,
4081,2130,1108,0,3238,2130,1108,0,3238,6476,
9648,209782,149515,271708,631005,209782,149515,271708,631005,1262010,
9995,70924,62431,61952,195307,70924,62431,61952,195307,390614,
2605,4303,9197,4092,17592,4303,9197,4092,17592,35184,
5038,4735,6843,3552,15130,4735,6843,3552,15130,30260,
8468,276803,309624,254866,841293,276803,309624,254866,841293,1682586,2297.2098
8925,19823,22691,4654,47168,19823,22691,4654,47168,94336,
6838,39275,57777,316627,413679,39275,57777,316627,413679,827358,
1655,14705,13482,19039,47226,14705,13482,19039,47226,94452,
3325,23733,109426,47625,180784,23733,109426,47625,180784,361568,
1384,901,1102,1655,3658,901,1102,1655,3658,7316,
5678,7689,19537,1644,28870,7689,19537,1644,28870,57740,
5079,2072,2321,5176,9569,2072,2321,5176,9569,19138,
5205,24119,12855,31250,68224,24119,12855,31250,68224,136448,
1976,31685,46394,30591,108670,31685,46394,30591,108670,217340,
5419,46271,45364,149782,241417,46271,45364,149782,241417,482834,
7011,3515,1710,4894,10119,3515,1710,4894,10119,20238,
9816,12818,12904,7785,33507,12818,12904,7785,33507,67014,
1447,82695,150249,236476,469420,82695,150249,236476,469420,938840,
1448,181709,248758,442680,873147,181709,248758,442680,873147,1746294,
3092,343613,487403,1782302,2613318,343613,487403,1782302,2613318,5226636,38888.6396
5080,86474,84346,229281,400101,86474,84346,229281,400101,800202,350.9985
1553,253512,225228,274319,753059,253512,225228,274319,753059,1506118,
1449,145784,186693,285084,617561,145784,186693,285084,617561,1235122,
1399,99258,195716,201515,496489,99258,195716,201515,496489,992978,
1966,6227,2857,1245,10329,6227,2857,1245,10329,20658,
1857,86185,203556,208030,497771,86185,203556,208030,497771,995542,75658.2711
5593,132834,96900,263422,493156,132834,96900,263422,493156,986312,
5594,127558,167343,156036,450937,127558,167343,156036,450937,901874,
3571,739,1677,1434,3850,739,1677,1434,3850,7700,
3237,62270,53317,37551,153138,62270,53317,37551,153138,306276,
5108,87056,69001,295518,451575,87056,69001,295518,451575,903150,
4581,140027,235435,350507,725969,140027,235435,350507,725969,1451938,
1229,38315,27315,13610,79240,38315,27315,13610,79240,158480,8308.0715
4132,5374,3346,3054,11774,5374,3346,3054,11774,23548,
1415,87657,188793,552452,828902,87657,188793,552452,828902,1657804,
7516,854,155,0,1009,854,155,0,1009,2018,
8652,106,14,0,120,106,14,0,120,240,
4083,5734,1999,129,7862,5734,1999,129,7862,15724,
9512,95469,121119,77390,293978,95469,121119,77390,293978,587956,10851.9548
9516,13810,16570,20691,51071,13810,16570,20691,51071,102142,
9960,16512,14417,28774,59703,16512,14417,28774,59703,119406,
9517,151025,146145,208658,505828,151025,146145,208658,505828,1011656,98549.4892
8653,338,51,0,389,338,51,0,389,778,
3008,13118,45734,19482,78334,13118,45734,19482,78334,156668,
9142,14127,19705,12050,45882,14127,19705,12050,45882,91764,
6121,2232198,7852150,3835894,13920242,2232198,7852150,3835894,13920242,27840484,3157047.15180001
1392,87232,89287,138419,314938,87232,89287,138419,314938,629876,
7115,105993,255382,73128,434503,105993,255382,73128,434503,869006,5.9185
1109,106463,155046,290296,551805,106463,155046,290296,551805,1103610,
5823,96,1175,232,1503,96,1175,232,1503,3006,
9817,31080,30572,30846,92498,31080,30572,30846,92498,184996,
4508,5834,7110,9015,21959,5834,7110,9015,21959,43918,
9217,3998,2975,1765,8738,3998,2975,1765,8738,17476,
5565,687642,830115,1291441,2809198,687642,830115,1291441,2809198,5618396,
5366,47131,30293,73727,151151,47131,30293,73727,151151,302302,
8655,11630,8047,472,20149,11630,8047,472,20149,40298,
3073,5431,14507,11181,31119,5431,14507,11181,31119,62238,
6862,4570,5345,11218,21133,4570,5345,11218,21133,42266,
6527,25237,17485,43312,86034,25237,17485,43312,86034,172068,
2124,190521,547864,207606,945991,190521,547864,207606,945991,1891982,93592.3105
1867,32782,40749,14479,88010,32782,40749,14479,88010,176020,
2057,11047,3995,998,16040,11047,3995,998,16040,32080,
1959,4518,203,3039,7760,4518,203,3039,7760,15520,
9145,139074,253587,101583,494244,139074,253587,101583,494244,988488,20064.5699
9518,3164,5725,242,9131,3164,5725,242,9131,18262,
2245,171183,227446,143474,542103,171183,227446,143474,542103,1084206,37547.8564
2668,68333,28753,23194,120280,68333,28753,23194,120280,240560,1452.0394
9771,18378,16375,11162,45915,18378,16375,11162,45915,91830,
9230,9297,6388,3558,19243,9297,6388,3558,19243,38486,
9766,21745,26692,26700,75137,21745,26692,26700,75137,150274,
6466,102,3,0,105,102,3,0,105,210,
6401,15095,7300,10856,33251,15095,7300,10856,33251,66502,
6565,12264,4582,7666,24512,12264,4582,7666,24512,49024,
8214,54192,76039,32705,162936,54192,76039,32705,162936,325872,
6088,73359,57776,132398,263533,73359,57776,132398,263533,527066,
4206,8128,3869,551,12548,8128,3869,551,12548,25096,
5109,29396,32745,99558,161699,29396,32745,99558,161699,323398,
8546,26303,31685,24962,82950,26303,31685,24962,82950,165900,
4228,1884,613,0,2497,1884,613,0,2497,4994,
2848,56022,74513,68936,199471,56022,74513,68936,199471,398942,
8657,14933,18203,0,33136,14933,18203,0,33136,66272,
9149,13144,14423,4335,31902,13144,14423,4335,31902,63804,3125.7634
5057,99310,110505,261372,471187,99310,110505,261372,471187,942374,
7445,292578,188588,462134,943300,292578,188588,462134,943300,1886600,
8658,2395,770,0,3165,2395,770,0,3165,6330,
5504,30220,2782,5884,38886,30220,2782,5884,38886,77772,
7201,95,100,0,195,95,100,0,195,390,
4084,1396,845,0,2241,1396,845,0,2241,4482,
9710,60163,57925,56919,175007,60163,57925,56919,175007,350014,
2685,413712,390337,113682,917731,413712,390337,113682,917731,1835462,300337.0296
5275,103758,225572,146661,475991,103758,225572,146661,475991,951982,
1017,18279,32483,7591,58353,18279,32483,7591,58353,116706,
9652,11890,8851,11381,32122,11890,8851,11381,32122,64244,
2735,11822,4678,3688,20188,11822,4678,3688,20188,40376,
3171,78967,105592,169915,354474,78967,105592,169915,354474,708948,
4607,20449,23504,36795,80748,20449,23504,36795,80748,161496,
1761,29422,10546,6955,46923,29422,10546,6955,46923,93846,
9818,41355,30524,37195,109074,41355,30524,37195,109074,218148,
2058,8483,2865,1973,13321,8483,2865,1973,13321,26642,
1871,5332,6243,1196,12771,5332,6243,1196,12771,25542,
5824,111,551,369,1031,111,551,369,1031,2062,
4595,5222,3621,9145,17988,5222,3621,9145,17988,35976,
9876,92075,159222,122453,373750,92075,159222,122453,373750,747500,
9521,88055,89022,58934,236011,88055,89022,58934,236011,472022,
9728,58586,73578,31368,163532,58586,73578,31368,163532,327064,
8931,13148,12884,17037,43069,13148,12884,17037,43069,86138,
3225,29472,9978,12032,51482,29472,9978,12032,51482,102964,
2669,19460,4700,7438,31598,19460,4700,7438,31598,63196,
2059,5338,690,3288,9316,5338,690,3288,9316,18632,
2339,38870,167555,43202,249627,38870,167555,43202,249627,499254,
1133,37277,62906,127262,227445,37277,62906,127262,227445,454890,
1534,112991,329882,400389,843262,112991,329882,400389,843262,1686524,
7925,1403,363,8239,10005,1403,363,8239,10005,20010,
4597,287405,423763,296287,1007455,287405,423763,296287,1007455,2014910,133027.9014
2237,155753,189445,128165,473363,155753,189445,128165,473363,946726,
5368,293313,254355,474400,1022068,293313,254355,474400,1022068,2044136,58979.0319
4784,26262,45762,24952,96976,26262,45762,24952,96976,193952,22.5883
5110,133374,132916,491014,757304,133374,132916,491014,757304,1514608,
8487,2973727,5175014,4376977,12525718,2973727,5175014,4376977,12525718,25051436,2640462.2522
1947,503781,1408648,535580,2448009,503781,1408648,535580,2448009,4896018,465578.820099999
5294,4587,7176,9675,21438,4587,7176,9675,21438,42876,
7446,250258,228015,505669,983942,250258,228015,505669,983942,1967884,
1373,105482,254097,434907,794486,105482,254097,434907,794486,1588972,
3539,57,1397,0,1454,57,1397,0,1454,2908,
3498,195,50447,0,50642,195,50447,0,50642,101284,
5111,14157,16498,31991,62646,14157,16498,31991,62646,125292,
9955,110175,185003,116089,411267,110175,185003,116089,411267,822534,
3620,37712,49041,45566,132319,37712,49041,45566,132319,264638,2.5695
6089,210023,249802,296821,756646,210023,249802,296821,756646,1513292,
9188,66315,162052,12627,240994,66315,162052,12627,240994,481988,
2862,35700,127925,53568,217193,35700,127925,53568,217193,434386,
5329,221725,613506,538716,1373947,221725,613506,538716,1373947,2747894,631977.815399999
5051,654828,816145,2222738,3693711,654828,816145,2222738,3693711,7387422,1630808.2331
2710,110707,40974,49300,200981,110707,40974,49300,200981,401962,
7402,75577,106250,192916,374743,75577,106250,192916,374743,749486,
7403,61955,92875,138710,293540,61955,92875,138710,293540,587080,
1177,120941,123360,66641,310942,120941,123360,66641,310942,621884,
1291,54605,125726,271650,451981,54605,125726,271650,451981,903962,61683.9022
1579,1420,6306,5600,13326,1420,6306,5600,13326,26652,
7491,489684,226542,962777,1679003,489684,226542,962777,1679003,3358006,
6340,306414,393599,128361,828374,306414,393599,128361,828374,1656748,25446.6308
5369,41912,73459,121048,236419,41912,73459,121048,236419,472838,
7305,9606,10682,3838,24126,9606,10682,3838,24126,48252,
9438,172869,239453,148847,561169,172869,239453,148847,561169,1122338,
5634,51724,80243,108513,240480,51724,80243,108513,240480,480960,
3573,13160,120544,38583,172287,13160,120544,38583,172287,344574,67789.4099
5635,29193,43622,43443,116258,29193,43622,43443,116258,232516,
3853,53242,3201,25350,81793,53242,3201,25350,81793,163586,
3066,2027,540,2362,4929,2027,540,2362,4929,9858,
2156,52035,1817,3594,57446,52035,1817,3594,57446,114892,
2661,25308,90650,76459,192417,25308,90650,76459,192417,384834,
5260,70614,237095,202330,510039,70614,237095,202330,510039,1020078,3632.5352
5498,34529,53159,81877,169565,34529,53159,81877,169565,339130,
7072,23328,28308,48266,99902,23328,28308,48266,99902,199804,
2242,2037273.1,3663165.42,1411635.02,7112073.54,2037273.1,3663165.42,1411635.02,7112073.54,14224147.08,411938.736000001
2244,428899.6,771192.72,297186.32,1497278.64,428899.6,771192.72,297186.32,1497278.64,2994557.28,
2246,1983660.65,3566766.33,1374486.73,6924913.71,1983660.65,3566766.33,1374486.73,6924913.71,13849827.42,753918.3504
9709,195168,106455,65226,366849,195168,106455,65226,366849,733698,417145.6185
6965,4866790,6558765,17127145,28552700,4866790,6558765,17127145,28552700,57105400,2373401.4294
9371,156518,141461,114778,412757,156518,141461,114778,412757,825514,
9372,55287,46570,40839,142696,55287,46570,40839,142696,285392,
4327,705,265,278,1248,705,265,278,1248,2496,
4356,3738,1601,391,5730,3738,1601,391,5730,11460,
4226,587,190,0,777,587,190,0,777,1554,
4018,37229,3563,26694,67486,37229,3563,26694,67486,134972,
3844,125355,5393,68038,198786,125355,5393,68038,198786,397572,
4460,2050,767,0,2817,2050,767,0,2817,5634,
4334,621,88,0,709,621,88,0,709,1418,
4248,4163,3506,0,7669,4163,3506,0,7669,15338,
4059,6528,3479,40,10047,6528,3479,40,10047,20094,
4227,12927,10490,174,23591,12927,10490,174,23591,47182,
2484,77915,76366,10516,164797,77915,76366,10516,164797,329594,
2485,81217,79540,17603,178360,81217,79540,17603,178360,356720,72437.5997
4247,2427,1422,0,3849,2427,1422,0,3849,7698,
4133,91771,58364,51511,201646,91771,58364,51511,201646,403292,6206.7473
2488,3188,3054,526,6768,3188,3054,526,6768,13536,
2467,3749,3929,1235,8913,3749,3929,1235,8913,17826,
4060,1778,978,0,2756,1778,978,0,2756,5512,
4162,1060,439,0,1499,1060,439,0,1499,2998,
4138,623,203,176,1002,623,203,176,1002,2004,
4207,290,233,0,523,290,233,0,523,1046,
9925,27128,20267,19923,67318,27128,20267,19923,67318,134636,
9916,29039,4551,4410,38000,29039,4551,4410,38000,76000,
3847,62793,2715,37331,102839,62793,2715,37331,102839,205678,
2457,4972,3195,226,8393,4972,3195,226,8393,16786,
4223,9740,3598,2937,16275,9740,3598,2937,16275,32550,
9699,76004,42072,23428,141504,76004,42072,23428,141504,283008,
4061,556,485,0,1041,556,485,0,1041,2082,
4163,2763,1640,0,4403,2763,1640,0,4403,8806,
4421,8140,3122,8606,19868,8140,3122,8606,19868,39736,
3852,20478,1009,2987,24474,20478,1009,2987,24474,48948,
8712,1035,237,0,1272,1035,237,0,1272,2544,
8846,278,83,0,361,278,83,0,361,722,
8829,1117,298,0,1415,1117,298,0,1415,2830,
8830,135,59,0,194,135,59,0,194,388,
9156,10340,14636,6391,31367,10340,14636,6391,31367,62734,
8660,96,125,0,221,96,125,0,221,442,
9655,18549,13166,14440,46155,18549,13166,14440,46155,92310,
9614,16194,64679,2590,83463,16194,64679,2590,83463,166926,
8443,7866,5114,7887,20867,7866,5114,7887,20867,41734,
5148,4182536,5754821,16364222,26301579,4182536,5754821,16364222,26301579,52603158,8609746.09779996
6966,65414,77132,86764,229310,65414,77132,86764,229310,458620,
5281,53426,120442,62557,236425,53426,120442,62557,236425,472850,
5632,66925,47941,134970,249836,66925,47941,134970,249836,499672,
1067,19932,47151,50655,117738,19932,47151,50655,117738,235476,
1829,172436,53050,68102,293588,172436,53050,68102,293588,587176,3013.538
2657,5668,993,26,6687,5668,993,26,6687,13374,15.7707
7978,14046,3578,2695,20319,14046,3578,2695,20319,40638,
1110,91845,130411,154070,376326,91845,130411,154070,376326,752652,
5674,5175,302,685,6162,5175,302,685,6162,12324,
5114,38381,83150,128810,250341,38381,83150,128810,250341,500682,
9354,32428,28700,20577,81705,32428,28700,20577,81705,163410,
1305,10693,4690,3403,18786,10693,4690,3403,18786,37572,
1306,17996,7959,4297,30252,17996,7959,4297,30252,60504,
3574,1963,53964,3890,59817,1963,53964,3890,59817,119634,
2307,6757,4844,1463,13064,6757,4844,1463,13064,26128,
2689,12683,2218,3595,18496,12683,2218,3595,18496,36992,
2598,24254,38919,58908,122081,24254,38919,58908,122081,244162,
3517,4098,23112,11301,38511,4098,23112,11301,38511,77022,
1897,168859,343973,113211,626043,168859,343973,113211,626043,1252086,10174.5595
5082,100011,113489,349546,563046,100011,113489,349546,563046,1126092,
6202,15221,3237,2372,20830,15221,3237,2372,20830,41660,
5053,51783,55514,116242,223539,51783,55514,116242,223539,447078,
7268,62266,140916,3810,206992,62266,140916,3810,206992,413984,3561.8241
3635,49993,56582,39792,146367,49993,56582,39792,146367,292734,3655.6344
1536,258419,919574,542156,1720149,258419,919574,542156,1720149,3440298,123999.858
3645,620887,370025,223879,1214791,620887,370025,223879,1214791,2429582,108962.909
3518,70,838,10,918,70,838,10,918,1836,
4826,46376,22397,9551,78324,46376,22397,9551,78324,156648,
4640,10178,14965,18429,43572,10178,14965,18429,43572,87144,
5892,14198,37375,19395,70968,14198,37375,19395,70968,141936,
5887,33792,61483,18515,113790,33792,61483,18515,113790,227580,
5762,2885,16104,306,19295,2885,16104,306,19295,38590,
5761,5720,34061,3958,43739,5720,34061,3958,43739,87478,
2670,25766,13258,3721,42745,25766,13258,3721,42745,85490,
2871,156418,406873,100446,663737,156418,406873,100446,663737,1327474,8249.9418
4422,36783,29004,294,66081,36783,29004,294,66081,132162,76554.3586
3963,68661,9671,17210,95542,68661,9671,17210,95542,191084,
3962,2018,107,53,2178,2018,107,53,2178,4356,
2155,195344,492687,243518,931549,195344,492687,243518,931549,1863098,
5853,3999,5038,789,9826,3999,5038,789,9826,19652,
3147,398919,739147,843872,1981938,398919,739147,843872,1981938,3963876,455798.0464
5237,20156,24298,14600,59054,20156,24298,14600,59054,118108,21338.3306
5115,150504,324306,427940,902750,150504,324306,427940,902750,1805500,19600.6483
5222,75807,86938,85203,247948,75807,86938,85203,247948,495896,38464.9195
5599,44193,46511,212408,303112,44193,46511,212408,303112,606224,
8831,10416,32273,0,42689,10416,32273,0,42689,85378,
8164,41119,63171,41816,146106,41119,63171,41816,146106,292212,
4884,54787,41170,37804,133761,54787,41170,37804,133761,267522,23291.3396
2961,353028,1044242,185920,1583190,353028,1044242,185920,1583190,3166380,13960.4491
2966,633889.05267832,2020353.42481357,884133.42254287,3538375.90003476,633889.05267832,2020353.42481357,884133.42254287,3538375.90003476,7076751.80006953,557714.6823
2968,2053508.09357392,6545013.03060028,2864184.40469952,11462705.5288737,2053508.09357392,6545013.03060028,2864184.40469952,11462705.5288737,22925411.0577474,3671178.82190001
2970,607507.261655608,1936268.45502234,847336.725879364,3391112.44255731,607507.261655608,1936268.45502234,847336.725879364,3391112.44255731,6782224.88511462,367116.6369
7165,923,34,568,1525,923,34,568,1525,3050,
6856,75933,159611,255983,491527,75933,159611,255983,491527,983054,320495.2432
6883,119399,197280,479995,796674,119399,197280,479995,796674,1593348,
2253,62245,77878,40272,180395,62245,77878,40272,180395,360790,
4094,2693,1180,0,3873,2693,1180,0,3873,7746,
7603,1209,201,650,2060,1209,201,650,2060,4120,
1727,69996,94040,19593,183629,69996,94040,19593,183629,367258,
1728,28006,31374,20790,80170,28006,31374,20790,80170,160340,
7166,46465,73621,48034,168120,46465,73621,48034,168120,336240,127.4981
5223,23404,49260,127341,200005,23404,49260,127341,200005,400010,
5018,47248,181096,95810,324154,47248,181096,95810,324154,648308,1929.7687
1909,63178,175142,137734,376054,63178,175142,137734,376054,752108,
6318,8353,19082,2285,29720,8353,19082,2285,29720,59440,
9160,38057,67711,18498,124266,38057,67711,18498,124266,248532,
6863,30273,38032,150198,218503,30273,38032,150198,218503,437006,344701.1185
3021,36902,57049,44725,138676,36902,57049,44725,138676,277352,
2830,40352,89884,80741,210977,40352,89884,80741,210977,421954,
8445,24681,35485,34232,94398,24681,35485,34232,94398,188796,
7928,23697,7014,7739,38450,23697,7014,7739,38450,76900,
1034,45114,96115,146713,287942,45114,96115,146713,287942,575884,
5040,3439,5805,5674,14918,3439,5805,5674,14918,29836,
5692,74914,85873,99919,260706,74914,85873,99919,260706,521412,
7947,4183,351,31,4565,4183,351,31,4565,9130,
9957,14586,13075,12464,40125,14586,13075,12464,40125,80250,
6970,70251,105896,94824,270971,70251,105896,94824,270971,541942,
1475,1397864,2718479,2592328,6708671,1397864,2718479,2592328,6708671,13417342,468994.882999999
1988,27158,10285,14873,52316,27158,10285,14873,52316,104632,
1581,22208,59943,6969,89120,22208,59943,6969,89120,178240,
1582,4829,22127,1072,28028,4829,22127,1072,28028,56056,
2867,29324,102891,29334,161549,29324,102891,29334,161549,323098,
9802,31687,22723,23024,77434,31687,22723,23024,77434,154868,
9529,12638,10245,5282,28165,12638,10245,5282,28165,56330,
5149,112709,133195,212867,458771,112709,133195,212867,458771,917542,
6663,244878,580213,203323,1028414,244878,580213,203323,1028414,2056828,36875.0186
7036,29079,30835,42377,102291,29079,30835,42377,102291,204582,
3346,1927,1204,2532,5663,1927,1204,2532,5663,11326,
7221,8624,13958,5197,27779,8624,13958,5197,27779,55558,
1851,37506,57857,21697,117060,37506,57857,21697,117060,234120,
3576,114,348,740,1202,114,348,740,1202,2404,
8574,73979,98716,79889,252584,73979,98716,79889,252584,505168,
2254,98752,143234,66938,308924,98752,143234,66938,308924,617848,
2357,11385,12165,8814,32364,11385,12165,8814,32364,64728,
5116,23334,44905,80073,148312,23334,44905,80073,148312,296624,
9705,18057,21800,13299,53156,18057,21800,13299,53156,106312,
5475,56466,79641,202423,338530,56466,79641,202423,338530,677060,
3855,155522,19175,51656,226353,155522,19175,51656,226353,452706,
3857,18902,1035,901,20838,18902,1035,901,20838,41676,
6297,26223,4448,24124,54795,26223,4448,24124,54795,109590,
7725,45189,128492,4701,178382,45189,128492,4701,178382,356764,
6707,33787,59409,70155,163351,33787,59409,70155,163351,326702,
5908,12793,17020,44229,74042,12793,17020,44229,74042,148084,
8477,28212,25065,43367,96644,28212,25065,43367,96644,193288,2920.5839
7929,364362,249692,97513,711567,364362,249692,97513,711567,1423134,47461.8767
2971,1316,6935,1680,9931,1316,6935,1680,9931,19862,
3159,3124,6403,4089,13616,3124,6403,4089,13616,27232,
5644,30517,27612,62910,121039,30517,27612,62910,121039,242078,
4095,16850,13970,200,31020,16850,13970,200,31020,62040,
2750,25104,6737,3328,35169,25104,6737,3328,35169,70338,
1527,198697,169515,622311,990523,198697,169515,622311,990523,1981046,
1537,1125,3249,3607,7981,1125,3249,3607,7981,15962,
5909,6689,2973,6019,15681,6689,2973,6019,15681,31362,
9658,25488,24621,25474,75583,25488,24621,25474,75583,151166,
1997,68340,4630,34141,107111,68340,4630,34141,107111,214222,
2920,26320,102042,42329,170691,26320,102042,42329,170691,341382,
9985,187594,124903,140237,452734,187594,124903,140237,452734,905468,
1378,472801,1342692,963442,2778935,472801,1342692,963442,2778935,5557870,323716.3689
4469,2668,899,2493,6060,2668,899,2493,6060,12120,
5019,7722,12242,15932,35896,7722,12242,15932,35896,71792,3775.7371
8518,48036,56553,62238,166827,48036,56553,62238,166827,333654,22168.934
6906,4066,5147,22472,31685,4066,5147,22472,31685,63370,
5069,94456,95321,121611,311388,94456,95321,121611,311388,622776,
5427,49218,45587,98796,193601,49218,45587,98796,193601,387202,634.4479
2849,3484,4189,1029,8702,3484,4189,1029,8702,17404,
9060,199,32,968,1199,199,32,968,1199,2398,
3067,3247,1048,7490,11785,3247,1048,7490,11785,23570,
3203,29565,15428,16113,61106,29565,15428,16113,61106,122212,
9080,71564,81821,39915,193300,71564,81821,39915,193300,386600,
2226,911411.65,1638784.53,631520.93,3181717.11,911411.65,1638784.53,631520.93,3181717.11,6363434.22,625016.3973
6005,655073,578899,2574280,3808252,655073,578899,2574280,3808252,7616504,619961.4398
2799,5692,9321,8741,23754,5692,9321,8741,23754,47508,
8539,28739,38066,33321,100126,28739,38066,33321,100126,200252,
8833,1372,1041,0,2413,1372,1041,0,2413,4826,
5825,820,3613,1295,5728,820,3613,1295,5728,11456,
5291,8582,7315,26722,42619,8582,7315,26722,42619,85238,
2695,75826,23002,11320,110148,75826,23002,11320,110148,220296,
5957,10453,18951,3500,32904,10453,18951,3500,32904,65808,
2151,123945,145496,96232,365673,123945,145496,96232,365673,731346,
4814,16710,71987,12844,101541,16710,71987,12844,101541,203082,
4470,3161,1445,201,4807,3161,1445,201,4807,9614,
8504,51250,34432,88127,173809,51250,34432,88127,173809,347618,
7680,49838,56413,27828,134079,49838,56413,27828,134079,268158,130.6234
5501,17860,41904,35880,95644,17860,41904,35880,95644,191288,
5600,225364,200477,589691,1015532,225364,200477,589691,1015532,2031064,
2606,3090,5990,2510,11590,3090,5990,2510,11590,23180,
2675,1046,196,5,1247,1046,196,5,1247,2494,
2903,28492,65396,61268,155156,28492,65396,61268,155156,310312,
2171,35722,90247,25059,151028,35722,90247,25059,151028,302056,
9632,21404,20600,16819,58823,21404,20600,16819,58823,117646,
2973,10049,42886,16878,69813,10049,42886,16878,69813,139626,
9691,221751,175108,253720,650579,221751,175108,253720,650579,1301158,109483.1712
5645,124780,125175,373310,623265,124780,125175,373310,623265,1246530,27131.865
5118,118696,119714,325662,564072,118696,119714,325662,564072,1128144,
2158,6454,8717,603,15774,6454,8717,603,15774,31548,
5312,46549,95130,45572,187251,46549,95130,45572,187251,374502,
9819,176410,181477,173198,531085,176410,181477,173198,531085,1062170,6460.8541
3859,39126,2855,5083,47064,39126,2855,5083,47064,94128,
9779,11840,7917,8622,28379,11840,7917,8622,28379,56758,
8665,21126,12978,3127,37231,21126,12978,3127,37231,74462,
9608,60864,43635,73434,177933,60864,43635,73434,177933,355866,
9304,89961,59917,43491,193369,89961,59917,43491,193369,386738,
8526,29210,26503,23559,79272,29210,26503,23559,79272,158544,
8107,4267,7310,3457,15034,4267,7310,3457,15034,30068,
3389,70274,76697,58060,205031,70274,76697,58060,205031,410062,
8666,16536,34379,4959,55874,16536,34379,4959,55874,111748,
1247,28877,18486,16250,63613,28877,18486,16250,63613,127226,
4098,6477,2779,16,9272,6477,2779,16,9272,18544,
1881,30855,24161,126626,181642,30855,24161,126626,181642,363284,
2940,10850,14899,16504,42253,10850,14899,16504,42253,84506,
4216,187183,153807,64020,405010,187183,153807,64020,405010,810020,
7354,17801,13475,7501,38777,17801,13475,7501,38777,77554,
9773,49831,42056,133758,225645,49831,42056,133758,225645,451290,
2565,43719,10216,10848,64783,43719,10216,10848,64783,129566,
2139,17103,4341,1829,23273,17103,4341,1829,23273,46546,
6241,2076,324,1305,3705,2076,324,1305,3705,7410,
2047,203,11,0,214,203,11,0,214,428,
5911,16662,15412,20935,53009,16662,15412,20935,53009,106018,
6018,120239,108298,320474,549011,120239,108298,320474,549011,1098022,
5058,95857,87830,231304,414991,95857,87830,231304,414991,829982,59.6937
2152,168712,220031,126649,515392,168712,220031,126649,515392,1030784,
6289,137,30,0,167,137,30,0,167,334,
5150,247808,396499,528320,1172627,247808,396499,528320,1172627,2345254,1585096.2225
5345,421419,789583,793602,2004604,421419,789583,793602,2004604,4009208,1487604.9853
9533,6004,5313,2687,14004,6004,5313,2687,14004,28008,
5119,213882,191461,759339,1164682,213882,191461,759339,1164682,2329364,
6209,9158,1234,454,10846,9158,1234,454,10846,21692,
5238,14991,13787,17313,46091,14991,13787,17313,46091,92182,
2358,879,718,43,1640,879,718,43,1640,3280,
5567,343557,370258,948820,1662635,343557,370258,948820,1662635,3325270,41424.6535
2974,15580,31007,31537,78124,15580,31007,31537,78124,156248,924.7886
2769,14656,26811,58092,99559,14656,26811,58092,99559,199118,
5881,83906,145166,83242,312314,83906,145166,83242,312314,624628,
8506,118179,102605,177533,398317,118179,102605,177533,398317,796634,
6019,75737,60120,163055,298912,75737,60120,163055,298912,597824,
6498,79684,64921,23594,168199,79684,64921,23594,168199,336398,46575.5908
6499,111387,332394,104326,548107,111387,332394,104326,548107,1096214,194244.6043
9919,46820,7506,11159,65485,46820,7506,11159,65485,130970,
3074,153304,312327,313256,778887,153304,312327,313256,778887,1557774,44073.7198
3071,6773,24350,7459,38582,6773,24350,7459,38582,77164,
7728,715325,2640492,506099,3861916,715325,2640492,506099,3861916,7723832,394558.629099999
8808,39763,36916,18837,95516,39763,36916,18837,95516,191032,
5330,5514,7546,9361,22421,5514,7546,9361,22421,44842,
5331,39862,70772,48772,159406,39862,70772,48772,159406,318812,
5175,12700,14548,40676,67924,12700,14548,40676,67924,135848,
7038,33925,45091,37601,116617,33925,45091,37601,116617,233234,
7039,19031,16605,69787,105423,19031,16605,69787,105423,210846,
3674,344627,552589,240465,1137681,344627,552589,240465,1137681,2275362,562688.375799998
3523,1411,55947,319,57677,1411,55947,319,57677,115354,
1863,8634,5356,3385,17375,8634,5356,3385,17375,34750,
9774,70098,68551,119228,257877,70098,68551,119228,257877,515754,56103.4696000001
3426,73356,397090,73799,544245,73356,397090,73799,544245,1088490,307320.002799999
7834,22516,6292,2988,31796,22516,6292,2988,31796,63592,
2789,18300,39139,33063,90502,18300,39139,33063,90502,181004,
5828,552,658,396,1606,552,658,396,1606,3212,
2257,78960,143335,100279,322574,78960,143335,100279,322574,645148,65381.9519
8668,2914,1683,106,4703,2914,1683,106,4703,9406,
9571,10594,6233,3850,20677,10594,6233,3850,20677,41354,
4426,40162,21873,1020,63055,40162,21873,1020,63055,126110,
3895,23104,2120,9743,34967,23104,2120,9743,34967,69934,
9609,15226,13411,14773,43410,15226,13411,14773,43410,86820,
5568,273384,311182,629004,1213570,273384,311182,629004,1213570,2427140,
5428,252716,332855,966156,1551727,252716,332855,966156,1551727,3103454,
5460,1388,3038,1401,5827,1388,3038,1401,5827,11654,
8528,34940,38729,31271,104940,34940,38729,31271,104940,209880,
9358,65096,117322,52623,235041,65096,117322,52623,235041,470082,
5636,47574,79293,59118,185985,47574,79293,59118,185985,371970,
5429,114164,106842,204636,425642,114164,106842,204636,425642,851284,
2455,249,387,0,636,249,387,0,636,1272,
9189,17354,37458,11512,66324,17354,37458,11512,66324,132648,
7895,9570,1915,5022,16507,9570,1915,5022,16507,33014,
5601,50254,39247,106415,195916,50254,39247,106415,195916,391832,
7308,38232,62526,10395,111153,38232,62526,10395,111153,222306,
1422,75775,139207,87104,302086,75775,139207,87104,302086,604172,
7996,52969,192783,41117,286869,52969,192783,41117,286869,573738,
1069,212283,720174,424415,1356872,212283,720174,424415,1356872,2713744,5894.4057
1111,75200,124719,172333,372252,75200,124719,172333,372252,744504,
5120,9775,10609,14869,35253,9775,10609,14869,35253,70506,
1478,27027,21411,36774,85212,27027,21411,36774,85212,170424,
6971,18696,46467,41566,106729,18696,46467,41566,106729,213458,
2326,36842,46147,12015,95004,36842,46147,12015,95004,190008,
7309,425495,1314804,215455,1955754,425495,1314804,215455,1955754,3911508,438795.7186
5376,306486,423838,962270,1692594,306486,423838,962270,1692594,3385188,1169184.4408
1826,881914,1863686,479600,3225200,881914,1863686,479600,3225200,6450400,454982.608599999
1077,187196,205748,108487,501431,187196,205748,108487,501431,1002862,277274.8818
5068,97241,104492,326689,528422,97241,104492,326689,528422,1056844,
7946,9025,1089,1037,11151,9025,1089,1037,11151,22302,
5262,6651,6839,16922,30412,6651,6839,16922,30412,60824,
5476,10564,13555,30112,54231,10564,13555,30112,54231,108462,
4689,7769,11075,7261,26105,7769,11075,7261,26105,52210,
1904,29442,55585,14599,99626,29442,55585,14599,99626,199252,4939.9645
6020,106829,84630,290936,482395,106829,84630,290936,482395,964790,
8725,31600,31350,0,62950,31600,31350,0,62950,125900,
7451,119056,95272,103997,318325,119056,95272,103997,318325,636650,
5310,6287,4313,11141,21741,6287,4313,11141,21741,43482,
5786,0,1763,0,1763,0,1763,0,1763,3526,
4641,23466,28168,34191,85825,23466,28168,34191,85825,171650,
2258,107311,191734,108807,407852,107311,191734,108807,407852,815704,
6003,191396,189399,287566,668361,191396,189399,287566,668361,1336722,
3219,45608,29936,50923,126467,45608,29936,50923,126467,252934,
4533,46166,62704,70268,179138,46166,62704,70268,179138,358276,
5021,10797,10731,34702,56230,10797,10731,34702,56230,112460,
2281,198529,40985,118231,357745,198529,40985,118231,357745,715490,41907.9452
5122,402388,686129,1464047,2552564,402388,686129,1464047,2552564,5105128,892230.4369
2259,15490,27323,13190,56003,15490,27323,13190,56003,112006,
2247,196490,227496,169119,593105,196490,227496,169119,593105,1186210,
5071,35902,65235,91331,192468,35902,65235,91331,192468,384936,37809.8194
7273,17990,33115,8381,59486,17990,33115,8381,59486,118972,
7274,6000,4853,45,10898,6000,4853,45,10898,21796,
8309,60021,34221,86425,180667,60021,34221,86425,180667,361334,
2157,55863,1335,2084,59282,55863,1335,2084,59282,118564,
5526,15163,18655,50209,84027,15163,18655,50209,84027,168054,
2090,39702,170991,7690,218383,39702,170991,7690,218383,436766,193138.5493
3115,427136,1974897,711206,3113239,427136,1974897,711206,3113239,6226478,271027.795599999
5602,60437,62825,110635,233897,60437,62825,110635,233897,467794,
5377,113422,217118,444282,774822,113422,217118,444282,774822,1549644,
3087,2710483,8657729,5486424,16854636,2710483,8657729,5486424,16854636,33709272,2806719.3719
5224,94213,170416,300883,565512,94213,170416,300883,565512,1131024,110279.598
2387,22015,12253,11566,45834,22015,12253,11566,45834,91668,
3427,27534,220759,29357,277650,27534,220759,29357,277650,555300,
9657,47734,35678,33003,116415,47734,35678,33003,116415,232830,
9683,587596,434174,798510,1820280,587596,434174,798510,1820280,3640560,112625.8591
9664,8271,9126,7817,25214,8271,9126,7817,25214,50428,
6021,152365,180704,497937,831006,152365,180704,497937,831006,1662012,
3036,45214,72664,88885,206763,45214,72664,88885,206763,413526,
8479,25846,20500,18463,64809,25846,20500,18463,64809,129618,
4250,1074,869,0,1943,1074,869,0,1943,3886,
3524,8455,63212,21352,93019,8455,63212,21352,93019,186038,92486.4528
2402,14682,32058,11095,57835,14682,32058,11095,57835,115670,
1561,6383,4073,6822,17278,6383,4073,6822,17278,34556,
5882,30462,38350,26152,94964,30462,38350,26152,94964,189928,
3246,14421,14664,9775,38860,14421,14664,9775,38860,77720,
9917,429793,371634,445688,1247115,429793,371634,445688,1247115,2494230,435054.315
2032,1883,549,936,3368,1883,549,936,3368,6736,
3213,18321,5331,10059,33711,18321,5331,10059,33711,67422,
2916,4893,10294,7184,22371,4893,10294,7184,22371,44742,
9775,42509,36331,122235,201075,42509,36331,122235,201075,402150,
1687,983,51,344,1378,983,51,344,1378,2756,
5423,352468,440354,843273,1636095,352468,440354,843273,1636095,3272190,693247.691899999
7685,257,23,670,950,257,23,670,950,1900,
2403,6610,16694,6125,29429,6610,16694,6125,29429,58858,
4140,31652,15814,18592,66058,31652,15814,18592,66058,132116,
4101,10379,5379,31,15789,10379,5379,31,15789,31578,
4102,16641,7237,428,24306,16641,7237,428,24306,48612,
4129,2007,720,16,2743,2007,720,16,2743,5486,
3863,177217,16227,101226,294670,177217,16227,101226,294670,589340,
3851,62658,25625,27123,115406,62658,25625,27123,115406,230812,
4021,124514,14221,93497,232232,124514,14221,93497,232232,464464,
5072,128727,169081,347192,645000,128727,169081,347192,645000,1290000,36.7458
5378,52643,80443,98054,231140,52643,80443,98054,231140,462280,
4335,3721,1306,0,5027,3721,1306,0,5027,10054,
6634,23168,26910,15877,65955,23168,26910,15877,65955,131910,
1195,48755,15947,32792,97494,48755,15947,32792,97494,194988,
2494,3379,2357,649,6385,3379,2357,649,6385,12770,
3499,10405,54738,20648,85791,10405,54738,20648,85791,171582,
3992,23714,1142,2837,27693,23714,1142,2837,27693,55386,
4473,7664,1993,20797,30454,7664,1993,20797,30454,60908,
2102,34091,156746,19289,210126,34091,156746,19289,210126,420252,25894.52
3525,12473,72095,21024,105592,12473,72095,21024,105592,211184,
4463,596,412,0,1008,596,412,0,1008,2016,
5477,3699,6008,12843,22550,3699,6008,12843,22550,45100,
3944,8683,465,728,9876,8683,465,728,9876,19752,
4254,343,483,0,826,343,483,0,826,1652,
2433,9745,788,395,10928,9745,788,395,10928,21856,
3526,17454,242096,30569,290119,17454,242096,30569,290119,580238,117.4082
3528,2317,7647,3551,13515,2317,7647,3551,13515,27030,
1128,53244,111070,158984,323298,53244,111070,158984,323298,646596,
4887,8539,20555,7406,36500,8539,20555,7406,36500,73000,
8805,144603,279100,55952,479655,144603,279100,55952,479655,959310,95340.7224999999
6133,369063,1183378,551642,2104083,369063,1183378,551642,2104083,4208166,868182.4129
5657,135175,236311,278692,650178,135175,236311,278692,650178,1300356,11320.4766
5123,195238,183398,663348,1041984,195238,183398,663348,1041984,2083968,
5461,13497,25505,41898,80900,13497,25505,41898,80900,161800,
5462,160,408,1249,1817,160,408,1249,1817,3634,
3062,9549,47628,48245,105422,9549,47628,48245,105422,210844,
3214,12,61,0,73,12,61,0,73,146,
5757,9198,9456,5006,23660,9198,9456,5006,23660,47320,
8801,7162,37728,419,45309,7162,37728,419,45309,90618,
7452,172580,157282,202805,532667,172580,157282,202805,532667,1065334,155189.485
2752,4009,1238,230,5477,4009,1238,230,5477,10954,
8670,4725,1794,0,6519,4725,1794,0,6519,13038,
5225,7790,14700,28465,50955,7790,14700,28465,50955,101910,
2308,3473,5883,1390,10746,3473,5883,1390,10746,21492,
5332,10780,24018,33542,68340,10780,24018,33542,68340,136680,
5208,132470,195412,375182,703064,132470,195412,375182,703064,1406128,
3580,130028,1044483,125203,1299714,130028,1044483,125203,1299714,2599428,104762.6049
5885,56485,65175,34512,156172,56485,65175,34512,156172,312344,
5455,55410,246357,169457,471224,55410,246357,169457,471224,942448,
1078,144,11,532,687,144,11,532,687,1374,
9820,46317,35644,69063,151024,46317,35644,69063,151024,302048,
9804,21494,23164,15134,59792,21494,23164,15134,59792,119584,
9821,60804,58679,39134,158617,60804,58679,39134,158617,317234,
9623,32307,30025,25813,88145,32307,30025,25813,88145,176290,
9936,86991,143707,113138,343836,86991,143707,113138,343836,687672,
3422,7888,36849,4899,49636,7888,36849,4899,49636,99272,
6819,31830,45658,75462,152950,31830,45658,75462,152950,305900,
4251,1348,783,5,2136,1348,783,5,2136,4272,
8540,1291,1107,186,2584,1291,1107,186,2584,5168,
8548,33309,38689,23562,95560,33309,38689,23562,95560,191120,2411.8345
8541,10934,8791,4634,24359,10934,8791,4634,24359,48718,365.5398
4023,7181,737,1294,9212,7181,737,1294,9212,18424,
3850,42320,41964,36015,120299,42320,41964,36015,120299,240598,
2459,409,304,0,713,409,304,0,713,1426,
3744,15210,3170,6210,24590,15210,3170,6210,24590,49180,
3904,279645,25217,131953,436815,279645,25217,131953,436815,873630,97143.4434
5883,170682,312303,142333,625318,170682,312303,142333,625318,1250636,6209.8385
8254,13194,10711,7102,31007,13194,10711,7102,31007,62014,
9667,68141,66008,93940,228089,68141,66008,93940,228089,456178,5358.9538
2198,137172,116371,94506,348049,137172,116371,94506,348049,696098,
4181,96140,104609,38484,239233,96140,104609,38484,239233,478466,
5928,70046,69917,46669,186632,70046,69917,46669,186632,373264,
3870,88721,8395,52013,149129,88721,8395,52013,149129,298258,
4313,24261,12033,4153,40447,24261,12033,4153,40447,80894,
8860,4907,1266,3365,9538,4907,1266,3365,9538,19076,
5276,95701,192098,229118,516917,95701,192098,229118,516917,1033834,
5537,260005,631452,315492,1206949,260005,631452,315492,1206949,2413898,25100.9786
5829,61,376,5,442,61,376,5,442,884,
5540,212992,493083,220018,926093,212992,493083,220018,926093,1852186,186274.7296
9958,21223,15138,19654,56015,21223,15138,19654,56015,112030,
6022,211764,250010,361282,823056,211764,250010,361282,823056,1646112,
2671,105083,86892,32865,224840,105083,86892,32865,224840,449680,
2874,33380,46129,18382,97891,33380,46129,18382,97891,195782,
1346,1231,1538,1565,4334,1231,1538,1565,4334,8668,
2337,35225,172059,43999,251283,35225,172059,43999,251283,502566,
2521,98357,58599,24145,181101,98357,58599,24145,181101,362202,
2875,9272,9748,3412,22432,9272,9748,3412,22432,44864,
2753,966252,938662,290890,2195804,966252,938662,290890,2195804,4391608,1255016.98080001
5285,46856,77139,62988,186983,46856,77139,62988,186983,373966,
9366,41239,26209,37871,105319,41239,26209,37871,105319,210638,
9543,58483,60731,40822,160036,58483,60731,40822,160036,320072,
9544,98948,12721,56821,168490,98948,12721,56821,168490,336980,
9808,19452,17400,21131,57983,19452,17400,21131,57983,115966,
3055,69297,63934,114198,247429,69297,63934,114198,247429,494858,88144.7577000001
7419,22029,15075,25421,62525,22029,15075,25421,62525,125050,
7509,22126,37954,15886,75966,22126,37954,15886,75966,151932,
5468,46706,77002,85521,209229,46706,77002,85521,209229,418458,
7453,97846,79547,52252,229645,97846,79547,52252,229645,459290,
5379,259946,384604,733355,1377905,259946,384604,733355,1377905,2755810,592504.1703
5430,59334,65237,175897,300468,59334,65237,175897,300468,600936,
5603,845338,903667,3649826,5398831,845338,903667,3649826,5398831,10797662,
4314,9436,12137,9722,31295,9436,12137,9722,31295,62590,
4185,15470,10843,17512,43825,15470,10843,17512,43825,87650,
3994,28329,1842,2203,32374,28329,1842,2203,32374,64748,
5176,26427,20693,23780,70900,26427,20693,23780,70900,141800,
9822,98077,92415,82425,272917,98077,92415,82425,272917,545834,
1419,339968,603242,1085408,2028618,339968,603242,1085408,2028618,4057236,
5424,103676,146547,262075,512298,103676,146547,262075,512298,1024596,
5596,136044,125367,417857,679268,136044,125367,417857,679268,1358536,
3531,4,648,0,652,4,648,0,652,1304,
6242,3140,692,140,3972,3140,692,140,3972,7944,
1546,106626,156938,279354,542918,106626,156938,279354,542918,1085836,
3118,11972,18618,18833,49423,11972,18618,18833,49423,98846,
3874,129740,5970,88811,224521,129740,5970,88811,224521,449042,76512.0013
2404,9863,10031,6250,26144,9863,10031,6250,26144,52288,
7454,160354,163019,481200,804573,160354,163019,481200,804573,1609146,
5177,125024,232506,493583,851113,125024,232506,493583,851113,1702226,
2296,38882,160217,36436,235535,38882,160217,36436,235535,471070,
5023,72882,228651,252567,554100,72882,228651,252567,554100,1108200,162803.6848
2734,24782,15048,14332,54162,24782,15048,14332,54162,108324,
8834,3042,1523,0,4565,3042,1523,0,4565,9130,
6361,808,76,30,914,808,76,30,914,1828,
1999,14427,1536,2226,18189,14427,1536,2226,18189,36378,
5083,19559,13977,43828,77364,19559,13977,43828,77364,154728,
8519,4435,2818,4639,11892,4435,2818,4639,11892,23784,
8031,125,5,0,130,125,5,0,130,260,
6884,121029,194449,152186,467664,121029,194449,152186,467664,935328,
5569,436664,481366,1181960,2099990,436664,481366,1181960,2099990,4199980,279002.7917
3149,1528280,3417547,2615057,7560884,1528280,3417547,2615057,7560884,15121768,3803679.89710002
3160,68188,92264,119193,279645,68188,92264,119193,279645,559290,7477.5404
6967,81335,108903,161089,351327,81335,108903,161089,351327,702654,
5912,6237,3619,5372,15228,6237,3619,5372,15228,30456,343.9806
7950,120264,45515,22733,188512,120264,45515,22733,188512,377024,
7974,41914,11973,16126,70013,41914,11973,16126,70013,140026,
2979,14753,42501,18378,75632,14753,42501,18378,75632,151264,
2857,22,6,0,28,22,6,0,28,56,
1208,147546,206202,124141,477889,147546,206202,124141,477889,955778,
5478,348698,651252,791008,1790958,348698,651252,791008,1790958,3581916,1103546.463
3247,20773,14219,13460,48452,20773,14219,13460,48452,96904,
3530,15498,121710,30369,167577,15498,121710,30369,167577,335154,
5431,21808,22217,89247,133272,21808,22217,89247,133272,266544,
7316,7112,10004,4818,21934,7112,10004,4818,21934,43868,480.6722
5480,125853,177937,414186,717976,125853,177937,414186,717976,1435952,
9867,16369,17228,19341,52938,16369,17228,19341,52938,105876,
6511,75005,92917,36782,204704,75005,92917,36782,204704,409408,206351.4293
3906,9377,1033,3984,14394,9377,1033,3984,14394,28788,
3876,51501,20075,18204,89780,51501,20075,18204,89780,179560,
2544,4691,2018,1182,7891,4691,2018,1182,7891,15782,
2461,155355,115233,46262,316850,155355,115233,46262,316850,633700,
4027,56548,6720,31688,94956,56548,6720,31688,94956,189912,
2106,8838,1609,0,10447,8838,1609,0,10447,20894,
2131,42183,57138,45663,144984,42183,57138,45663,144984,289968,
5570,1170934,1309159,1720943,4201036,1170934,1309159,1720943,4201036,8402072,1386911.7819
687,152040,166758,48758,367556,152040,166758,48758,367556,735112,
5432,27014,34399,118618,180031,27014,34399,118618,180031,360062,
1538,2306,2557,7302,12165,2306,2557,7302,12165,24330,
7510,5079,6325,3258,14662,5079,6325,3258,14662,29324,
9920,36499,5558,9828,51885,36499,5558,9828,51885,103770,
2580,23988,5809,3059,32856,23988,5809,3059,32856,65712,
5226,17089,39413,71231,127733,17089,39413,71231,127733,255466,
2261,22577,122328,21071,165976,22577,122328,21071,165976,331952,
2924,91370,299838,162507,553715,91370,299838,162507,553715,1107430,5472.2005
3532,60,1180,120,1360,60,1180,120,1360,2720,
5203,101234,264790,203559,569583,101234,264790,203559,569583,1139166,25901.4126
6885,60686,81905,62140,204731,60686,81905,62140,204731,409462,
2189,184842,209836,115748,510426,184842,209836,115748,510426,1020852,
8671,677,191,0,868,677,191,0,868,1736,
9921,34219,4020,11039,49278,34219,4020,11039,49278,98556,
6353,1429,607,111,2147,1429,607,111,2147,4294,
2444,204,186,0,390,204,186,0,390,780,
6886,672410,967631,1859395,3499436,672410,967631,1859395,3499436,6998872,422416.5243
2833,26512,66967,46099,139578,26512,66967,46099,139578,279156,13126.0445
5943,72381,91020,61436,224837,72381,91020,61436,224837,449674,
1962,7946,3418,3717,15081,7946,3418,3717,15081,30162,
2722,15753,1762,2560,20075,15753,1762,2560,20075,40150,1.0156
2873,15427,29035,14800,59262,15427,29035,14800,59262,118524,
9190,37320,30713,62156,130189,37320,30713,62156,130189,260378,
6676,91989,91344,144202,327535,91989,91344,144202,327535,655070,1469.3615
1039,119602,202491,167456,489549,119602,202491,167456,489549,979098,
7297,4126,2249,449,6824,4126,2249,449,6824,13648,
5658,13660,16543,19724,49927,13660,16543,19724,49927,99854,
4606,91558,135858,174212,401628,91558,135858,174212,401628,803256,
8835,1563,479,0,2042,1563,479,0,2042,4084,
6829,15779,13352,28452,57583,15779,13352,28452,57583,115166,
6090,147257,189473,272027,608757,147257,189473,272027,608757,1217514,22181.4684
4477,23205,14726,3124,41055,23205,14726,3124,41055,82110,
2315,2996,4784,1259,9039,2996,4784,1259,9039,18078,
1087,177007,389408,308973,875388,177007,389408,308973,875388,1750776,171846.1462
1135,20718,43437,11489,75644,20718,43437,11489,75644,151288,0.0064
1084,15368,24881,16748,56997,15368,24881,16748,56997,113994,30163.4638
2291,92065,221297,20646,334008,92065,221297,20646,334008,668016,10831.1506
2294,46185,14403,15820,76408,46185,14403,15820,76408,152816,
6327,27216,3086,15614,45916,27216,3086,15614,45916,91832,
8174,1115,372,0,1487,1115,372,0,1487,2974,
9787,147329,145444,154443,447216,147329,145444,154443,447216,894432,
5542,103350,38680,40434,182464,103350,38680,40434,182464,364928,
5541,66265,28424,17248,111937,66265,28424,17248,111937,223874,199386.0469
5543,62669,8425,54750,125844,62669,8425,54750,125844,251688,
2977,2022,8662,3549,14233,2022,8662,3549,14233,28466,
5024,39096,97070,52022,188188,39096,97070,52022,188188,376376,
6820,41624,33691,93473,168788,41624,33691,93473,168788,337576,
2798,32778,34869,64854,132501,32778,34869,64854,132501,265002,
2794,135026,321911,209702,666639,135026,321911,209702,666639,1333278,212489.4553
5380,21203,12602,30557,64362,21203,12602,30557,64362,128724,
7318,2015,764,346,3125,2015,764,346,3125,6250,
5663,228497,479354,228409,936260,228497,479354,228409,936260,1872520,212393.7216
8561,109773,123241,110175,343189,109773,123241,110175,343189,686378,
3587,4635,21788,11555,37978,4635,21788,11555,37978,75956,
7951,82109,30377,16849,129335,82109,30377,16849,129335,258670,
9547,61495,71597,58810,191902,61495,71597,58810,191902,383804,
8033,1105,677,453,2235,1105,677,453,2235,4470,
2673,705,39,287,1031,705,39,287,1031,2062,
8724,-1,69,0,68,-1,69,0,68,136,
8358,30677,24321,36734,91732,30677,24321,36734,91732,183464,
1261,41654,22295,15610,79559,41654,22295,15610,79559,159118,
5433,76800,120393,323781,520974,76800,120393,323781,520974,1041948,
2249,132575,62999,55150,250724,132575,62999,55150,250724,501448,162583.2042
5646,16416,28401,26292,71109,16416,28401,26292,71109,142218,
5025,9057,22554,22245,53856,9057,22554,22245,53856,107712,
5525,103572,9973,35321,148866,103572,9973,35321,148866,297732,
3584,38,673,0,711,38,673,0,711,1422,
1149,65473,147745,137432,350650,65473,147745,137432,350650,701300,
5026,35123,56677,87693,179493,35123,56677,87693,179493,358986,
6172,58473,83257,89212,230942,58473,83257,89212,230942,461884,
2388,23098,25666,11295,60059,23098,25666,11295,60059,120118,
9549,4939,8746,532,14217,4939,8746,532,14217,28434,
4270,16320,1047,5399,22766,16320,1047,5399,22766,45532,
4108,2324,1524,0,3848,2324,1524,0,3848,7696,
3056,9867,3585,14323,27775,9867,3585,14323,27775,55550,
6806,56962,54549,129864,241375,56962,54549,129864,241375,482750,
6328,21138,4148,4229,29515,21138,4148,4229,29515,59030,
7224,18934,41199,1380,61513,18934,41199,1380,61513,123026,
8185,120461,289464,43347,453272,120461,289464,43347,453272,906544,2043.0562
8672,70,37,0,107,70,37,0,107,214,
9996,70380,67090,63882,201352,70380,67090,63882,201352,402704,
6456,48860,126893,22087,197840,48860,126893,22087,197840,395680,5555.6009
3254,12959,3073,9967,25999,12959,3073,9967,25999,51998,
5333,58090,151621,178843,388554,58090,151621,178843,388554,777108,
2250,138026,205578,37067,380671,138026,205578,37067,380671,761342,
7814,28591,19253,13076,60920,28591,19253,13076,60920,121840,
8178,13462,23539,8746,45747,13462,23539,8746,45747,91494,23402.4929
2003,13275,1538,3907,18720,13275,1538,3907,18720,37440,
8007,11784,5347,5202,22333,11784,5347,5202,22333,44666,
3061,24261,12807,28266,65334,24261,12807,28266,65334,130668,
8201,53069,99979,89548,242596,53069,99979,89548,242596,485192,40474.1316
5434,121196,154873,399216,675285,121196,154873,399216,675285,1350570,8841.9093
2004,31611,416,78674,110701,31611,416,78674,110701,221402,134.5969
5179,6012,10267,12482,28761,6012,10267,12482,28761,57522,
1105,180806,453990,502275,1137071,180806,453990,502275,1137071,2274142,
2107,60757,7810,777,69344,60757,7810,777,69344,138688,
6893,173855,246061,519916,939832,173855,246061,519916,939832,1879664,
6931,278637,538676,707298,1524611,278637,538676,707298,1524611,3049222,8083.2707
5124,283978,615495,1109114,2008587,283978,615495,1109114,2008587,4017174,387572.0879
3205,23073,1044,46739,70856,23073,1044,46739,70856,141712,
3679,42013,19236,33042,94291,42013,19236,33042,94291,188582,23341.2168
1082,258052,425422,145807,829281,258052,425422,145807,829281,1658562,
5638,12287,12274,25687,50248,12287,12274,25687,50248,100496,
5529,129652,27289,29598,186539,129652,27289,29598,186539,373078,
5929,14463,14783,45436,74682,14463,14783,45436,74682,149364,
9823,23154,22787,30045,75986,23154,22787,30045,75986,151972,
5184,65531,94378,77262,237171,65531,94378,77262,237171,474342,
6691,1176174,2142404,899484,4218062,1176174,2142404,899484,4218062,8436124,919269.496600001
7043,24465,19350,29135,72950,24465,19350,29135,72950,145900,
6888,318853,346181,830516,1495550,318853,346181,830516,1495550,2991100,1769120.2753
1178,21851,10400,47920,80171,21851,10400,47920,80171,160342,
9587,568411,818327,188060,1574798,568411,818327,188060,1574798,3149596,
5186,5574,10084,5965,21623,5574,10084,5965,21623,43246,
8448,10932,13615,8922,33469,10932,13615,8922,33469,66938,
5605,51641,64068,97962,213671,51641,64068,97962,213671,427342,
7044,10117,15999,15095,41211,10117,15999,15095,41211,82422,
5835,17994,74637,9341,101972,17994,74637,9341,101972,203944,
8257,9085,683,6193,15961,9085,683,6193,15961,31922,
7319,33264,59029,2209,94502,33264,59029,2209,94502,189004,
9903,105243,99507,136604,341354,105243,99507,136604,341354,682708,
9552,9701,6944,11747,28392,9701,6944,11747,28392,56784,
4619,22897,22054,16047,60998,22897,22054,16047,60998,121996,
7893,20285,6434,2520,29239,20285,6434,2520,29239,58478,
3150,12159,11644,19661,43464,12159,11644,19661,43464,86928,
8347,223420,255613,286903,765936,223420,255613,286903,765936,1531872,317772.2231
7073,26,2,160,188,26,2,160,188,376,
3009,1021,447,872,2340,1021,447,872,2340,4680,
1595,13640,16611,3083,33334,13640,16611,3083,33334,66668,
3206,13458,3004,5278,21740,13458,3004,5278,21740,43480,
6570,9440,1916,4571,15927,9440,1916,4571,15927,31854,
4526,33666,59201,63846,156713,33666,59201,63846,156713,313426,
7455,84863,88685,162623,336171,84863,88685,162623,336171,672342,
5930,17051,11223,17150,45424,17051,11223,17150,45424,90848,
1024,393661,696917,218234,1308812,393661,696917,218234,1308812,2617624,46135.8267
5074,2724,6425,11516,20665,2724,6425,11516,20665,41330,
5277,135222,353568,231503,720293,135222,353568,231503,720293,1440586,
5084,138834,121820,464599,725253,138834,121820,464599,725253,1450506,1192.8186
2546,82089,30815,10231,123135,82089,30815,10231,123135,246270,18351.021
9739,32144,32585,33675,98404,32144,32585,33675,98404,196808,
4387,311464,406273,148049,865786,311464,406273,148049,865786,1731572,205106.3957
5125,255350,290149,892173,1437672,255350,290149,892173,1437672,2875344,
1902,16460,17229,20074,53763,16460,17229,20074,53763,107526,
2000,3535,251,1399,5185,3535,251,1399,5185,10370,
6782,5959,5805,3587,15351,5959,5805,3587,15351,30702,
6972,69012,100276,165488,334776,69012,100276,165488,334776,669552,
1968,10947,5914,5422,22283,10947,5914,5422,22283,44566,
9988,100842,97858,116113,314813,100842,97858,116113,314813,629626,
5187,195067,346828,467975,1009870,195067,346828,467975,1009870,2019740,591723.4256
6265,42120,128907,7477,178504,42120,128907,7477,178504,357008,
4217,13107,2084,3402,18593,13107,2084,3402,18593,37186,
2728,260211,118955,95460,474626,260211,118955,95460,474626,949252,13842.1938
5154,55178,66763,147743,269684,55178,66763,147743,269684,539368,8069.1087
8450,30991,28250,44833,104074,30991,28250,44833,104074,208148,
9236,6164,4223,1873,12260,6164,4223,1873,12260,24520,
6362,62324,61502,44652,168478,62324,61502,44652,168478,336956,35750.1404
8179,1695,601,0,2296,1695,601,0,2296,4592,
3172,644129,1107878,978409,2730416,644129,1107878,978409,2730416,5460832,1517875.4063
4530,12718,15422,21923,50063,12718,15422,21923,50063,100126,
5494,3615,2124,0,5739,3615,2124,0,5739,11478,
1114,48298,65873,133188,247359,48298,65873,133188,247359,494718,364868.841800001
1150,22961,48035,113591,184587,22961,48035,113591,184587,369174,58.5714
2660,12199,55448,13885,81532,12199,55448,13885,81532,163064,
8036,840,13,16,869,840,13,16,869,1738,
5189,26013,31205,33589,90807,26013,31205,33589,90807,181614,
5185,1306,1619,3634,6559,1306,1619,3634,6559,13118,
5126,3727,7621,19261,30609,3727,7621,19261,30609,61218,
4527,157294,301419,255095,713808,157294,301419,255095,713808,1427616,22074.3911
7320,1735,2745,810,5290,1735,2745,810,5290,10580,
1452,55512,58671,147853,262036,55512,58671,147853,262036,524072,
7953,878,15,434,1327,878,15,434,1327,2654,
5425,86201,92179,173750,352130,86201,92179,173750,352130,704260,
5410,112741,114657,384152,611550,112741,114657,384152,611550,1223100,
8355,49301,87133,45275,181709,49301,87133,45275,181709,363418,
3138,7100,5244,3307,15651,7100,5244,3307,15651,31302,
9318,85939,39857,131098,256894,85939,39857,131098,256894,513788,
1451,46465,78710,165986,291161,46465,78710,165986,291161,582322,
1453,42550,72115,20914,135579,42550,72115,20914,135579,271158,
5292,17250,13685,47567,78502,17250,13685,47567,78502,157004,
8142,18689,14091,21057,53837,18689,14091,21057,53837,107674,
3057,32986,20475,14489,67950,32986,20475,14489,67950,135900,
7404,76349,129770,122683,328802,76349,129770,122683,328802,657604,
1949,8431,7436,13447,29314,8431,7436,13447,29314,58628,
3187,230913,446865,383209,1060987,230913,446865,383209,1060987,2121974,
5922,252037,304609,197176,753822,252037,304609,197176,753822,1507644,170541.4957
5932,767637,1461365,744806,2973808,767637,1461365,744806,2973808,5947616,919538.694999999
5263,26182,40244,45297,111723,26182,40244,45297,111723,223446,
6947,37007,58695,96069,191771,37007,58695,96069,191771,383542,
5339,2057,3222,1629,6908,2057,3222,1629,6908,13816,
4787,10534,12341,5729,28604,10534,12341,5729,28604,57208,
7456,289626,422423,331031,1043080,289626,422423,331031,1043080,2086160,43080.1828
7457,202384,232597,419493,854474,202384,232597,419493,854474,1708948,
7420,200332,374158,1253673,1828163,200332,374158,1253673,1828163,3656326,2464.7871
6890,12225,12824,41020,66069,12225,12824,41020,66069,132138,
2262,339630,760239,237783,1337652,339630,760239,237783,1337652,2675304,31253.1405
5286,42242,90002,50517,182761,42242,90002,50517,182761,365522,
8527,55320,61414,44301,161035,55320,61414,44301,161035,322070,
6388,23430,50040,13075,86545,23430,50040,13075,86545,173090,
8836,2663,823,-6,3480,2663,823,-6,3480,6960,
2199,106371,15030,38091,159492,106371,15030,38091,159492,318984,
1699,4770,207,4937,9914,4770,207,4937,9914,19828,
7379,110,55,4,169,110,55,4,169,338,
4535,20277,30927,25995,77199,20277,30927,25995,77199,154398,
9997,66051,44829,57785,168665,66051,44829,57785,168665,337330,5677.5427
9175,318,44,24,386,318,44,24,386,772,
2666,6834,2842,977,10653,6834,2842,977,10653,21306,
1562,34766,44279,20449,99494,34766,44279,20449,99494,198988,
1548,657260,987956,1609390,3254606,657260,987956,1609390,3254606,6509212,119687.9499
3252,1345,289,1402,3036,1345,289,1402,3036,6072,
2672,36814,22041,5248,64103,36814,22041,5248,64103,128206,
3534,21906,165054,46503,233463,21906,165054,46503,233463,466926,
2002,17703,2749,4969,25421,17703,2749,4969,25421,50842,
3590,331,781,664,1776,331,781,664,1776,3552,
3592,419,2605,866,3890,419,2605,866,3890,7780,
3536,50,846,0,896,50,846,0,896,1792,
5914,46878,37288,39543,123709,46878,37288,39543,123709,247418,48567.4003
3537,3424,90890,6826,101140,3424,90890,6826,101140,202280,179702.6521
3586,2620,13597,9294,25511,2620,13597,9294,25511,51022,
2341,102635,199702,58898,361235,102635,199702,58898,361235,722470,
2340,42607,59315,28248,130170,42607,59315,28248,130170,260340,9216.2774
5290,23105,18809,47194,89108,23105,18809,47194,89108,178216,
3538,2906,283378,2829,289113,2906,283378,2829,289113,578226,
5751,5513,22571,2462,30546,5513,22571,2462,30546,61092,
6973,61795,87042,224928,373765,61795,87042,224928,373765,747530,
5059,66896,79650,201562,348108,66896,79650,201562,348108,696216,
3572,41,490,0,531,41,490,0,531,1062,
5239,71307,180281,81229,332817,71307,180281,81229,332817,665634,239305.1667
5604,195037,170591,462343,827971,195037,170591,462343,827971,1655942,
6821,39666,33649,89165,162480,39666,33649,89165,162480,324960,
5073,141956,160701,419498,722155,141956,160701,419498,722155,1444310,
2248,147874,32769,52721,233364,147874,32769,52721,233364,466728,
6110,116929,174081,278339,569349,116929,174081,278339,569349,1138698,
1555,2004472,4999324,4519142,11522938,2004472,4999324,4519142,11522938,23045876,3595900.43480001
1268,262562,412947,250077,925586,262562,412947,250077,925586,1851172,397361.063199998
5670,440829,489882,518264,1448975,440829,489882,518264,1448975,2897950,368818.1158
6287,4964,506,82,5552,4964,506,82,5552,11104,
2983,84154,264846,210106,559106,84154,264846,210106,559106,1118212,90664.0051
6140,59112,57986,28047,145145,59112,57986,28047,145145,290290,
6968,32851,43472,110416,186739,32851,43472,110416,186739,373478,
7458,154484,106787,214410,475681,154484,106787,214410,475681,951362,
2159,95,5,134,234,95,5,134,234,468,
6834,1561716,260334,39868,1861918,1561716,260334,39868,1861918,3723836,18389.7924
6833,56971,52314,119780,229065,56971,52314,119780,229065,458130,6055.3447
5228,60213,136239,253808,450260,60213,136239,253808,450260,900520,
3250,37971,16765,9936,64672,37971,16765,9936,64672,129344,
8221,31311,31165,18205,80681,31311,31165,18205,80681,161362,
3413,8389,26415,15711,50515,8389,26415,15711,50515,101030,
1977,7402,7152,8170,22724,7402,7152,8170,22724,45448,
1043,30258,47515,103076,180849,30258,47515,103076,180849,361698,
8469,138286,106117,131060,375463,138286,106117,131060,375463,750926,
9842,47894,48402,54828,151124,47894,48402,54828,151124,302248,
6092,609312,817768,708726,2135806,609312,817768,708726,2135806,4271612,255881.5491
9553,20390,20872,13841,55103,20390,20872,13841,55103,110206,
1386,2013,2892,2873,7778,2013,2892,2873,7778,15556,
9554,47213,54569,59305,161087,47213,54569,59305,161087,322174,
9888,319567,617610,193736,1130913,319567,617610,193736,1130913,2261826,233435.7975
2771,347011,943080,374323,1664414,347011,943080,374323,1664414,3328828,881012.1627
7513,9902,10685,9970,30557,9902,10685,9970,30557,61114,
8451,3534,5080,4631,13245,3534,5080,4631,13245,26490,
7975,20109,8039,6682,34830,20109,8039,6682,34830,69660,178.6289
1467,33523,30457,83474,147454,33523,30457,83474,147454,294908,
6934,90804,131340,188797,410941,90804,131340,188797,410941,821882,
1314,403832,675800,145938,1225570,403832,675800,145938,1225570,2451140,176685.9988
1316,24866,12113,5561,42540,24866,12113,5561,42540,85080,
5248,17241,20735,47921,85897,17241,20735,47921,85897,171794,
1454,83166,117713,249412,450291,83166,117713,249412,450291,900582,
5240,10938,25056,36848,72842,10938,25056,36848,72842,145684,
8964,79919,104879,66608,251406,79919,104879,66608,251406,502812,
4770,10297,45614,12641,68552,10297,45614,12641,68552,137104,
5606,117322,130226,334737,582285,117322,130226,334737,582285,1164570,
4646,89869,233196,251638,574703,89869,233196,251638,574703,1149406,405911.1616
4643,38105,85409,112097,235611,38105,85409,112097,235611,471222,
7355,112437,154742,175302,442481,112437,154742,175302,442481,884962,36434.2827
9555,7386,15308,0,22694,7386,15308,0,22694,45388,
6969,2214522,3431043,5253165,10898730,2214522,3431043,5253165,10898730,21797460,2060919.5338
7222,67228,119490,119170,305888,67228,119490,119170,305888,611776,3852.4131
4558,63453,206474,158280,428207,63453,206474,158280,428207,856414,843.5534
8673,4321,1184,0,5505,4321,1184,0,5505,11010,
5607,130626,119901,263453,513980,130626,119901,263453,513980,1027960,21.1931
5383,196391,181255,773204,1150850,196391,181255,773204,1150850,2301700,300103.3138
5384,287409,396539,1122334,1806282,287409,396539,1122334,1806282,3612564,191537.802
5435,258138,311615,772500,1342253,258138,311615,772500,1342253,2684506,
8543,5978,6515,2062,14555,5978,6515,2062,14555,29110,
2834,1130,2918,1797,5845,1130,2918,1797,5845,11690,
8674,945,164,0,1109,945,164,0,1109,2218,
5191,147056,188456,218923,554435,147056,188456,218923,554435,1108870,400756.0642
4771,24072,172242,36535,232849,24072,172242,36535,232849,465698,0.44
5029,6659,11086,12761,30506,6659,11086,12761,30506,61012,
2868,498,744,153,1395,498,744,153,1395,2790,
7098,28748,60041,67966,156755,28748,60041,67966,156755,313510,
1483,3374,1270,4410,9054,3374,1270,4410,9054,18108,
1484,9073,5192,10228,24493,9073,5192,10228,24493,48986,
4157,48,12,0,60,48,12,0,60,120,
9959,24306,31008,14960,70274,24306,31008,14960,70274,140548,
5608,50539,56231,96252,203022,50539,56231,96252,203022,406044,
7640,95525,158875,122455,376855,95525,158875,122455,376855,753710,3010.6172
5155,33808,25922,82300,142030,33808,25922,82300,142030,284060,
5671,121792,120391,99733,341916,121792,120391,99733,341916,683832,
5675,6238,6446,5643,18327,6238,6446,5643,18327,36654,
5571,841145,1278705,2190146,4309996,841145,1278705,2190146,4309996,8619992,845981.2773
1083,206202,400950,297800,904952,206202,400950,297800,904952,1809904,896802.1798
5385,694242,708561,1629449,3032252,694242,708561,1629449,3032252,6064504,620822.9544
1044,126763,221148,342436,690347,126763,221148,342436,690347,1380694,
5436,39621,27674,84470,151765,39621,27674,84470,151765,303530,
1861,28695,25412,16109,70216,28695,25412,16109,70216,140432,
5249,836,503,1659,2998,836,503,1659,2998,5996,
5075,108045,195024,302409,605478,108045,195024,302409,605478,1210956,132040.7058
5156,13477,18825,39832,72134,13477,18825,39832,72134,144268,
4222,399212,519287,155677,1074176,399212,519287,155677,1074176,2148352,106676.4024
5920,101636,87964,119651,309251,101636,87964,119651,309251,618502,
5884,16468,19598,17671,53737,16468,19598,17671,53737,107474,
5933,16692,15137,20044,51873,16692,15137,20044,51873,103746,
6355,3080,392,4935,8407,3080,392,4935,8407,16814,
3333,230834,879684,505771,1616289,230834,879684,505771,1616289,3232578,198381.070999999
6228,763,37,330,1130,763,37,330,1130,2260,
2800,16874,36162,23710,76746,16874,36162,23710,76746,153492,
6686,49987,63428,81273,194688,49987,63428,81273,194688,389376,2722.0231
5437,289876,386947,789475,1466298,289876,386947,789475,1466298,2932596,
5085,55689,59468,170211,285368,55689,59468,170211,285368,570736,
5609,140203,81801,230617,452621,140203,81801,230617,452621,905242,
1900,32431,31931,29239,93601,32431,31931,29239,93601,187202,
3195,2259,5798,9130,17187,2259,5798,9130,17187,34374,
5386,36098,33837,62483,132418,36098,33837,62483,132418,264836,
3880,96655,4124,55050,155829,96655,4124,55050,155829,311658,
8676,10669,4158,1992,16819,10669,4158,1992,16819,33638,
4479,4111,1105,818,6034,4111,1105,818,6034,12068,
4355,6597,3042,347,9986,6597,3042,347,9986,19972,
2463,453,225,0,678,453,225,0,678,1356,
1010,44434,95757,105772,245963,44434,95757,105772,245963,491926,
1322,203742,162027,110550,476319,203742,162027,110550,476319,952638,178721.9152
3151,31682,40302,43040,115024,31682,40302,43040,115024,230048,
5387,37390,31241,70715,139346,37390,31241,70715,139346,278692,
3471,120033,464865,61588,646486,120033,464865,61588,646486,1292972,80361.9145
8727,5078,892,0,5970,5078,892,0,5970,11940,
5572,280400,311811,593914,1186125,280400,311811,593914,1186125,2372250,131808.5195
7521,6,1,0,7,6,1,0,7,14,
3430,34801,195425,52948,283174,34801,195425,52948,283174,566348,
4691,147372,244742,124702,516816,147372,244742,124702,516816,1033632,6399.1186
5837,11862,29851,14466,56179,11862,29851,14466,56179,112358,
4110,35037,20749,366,56152,35037,20749,366,56152,112304,
5193,11250,17318,31904,60472,11250,17318,31904,60472,120944,
5610,95102,94158,232961,422221,95102,94158,232961,422221,844442,
3152,47880,91817,110436,250133,47880,91817,110436,250133,500266,
2264,25682,48092,7057,80831,25682,48092,7057,80831,161662,
4523,37555,84396,71583,193534,37555,84396,71583,193534,387068,
4538,2274,2109,1813,6196,2274,2109,1813,6196,12392,
3153,65926,62340,94098,222364,65926,62340,94098,222364,444728,
6949,21982,23761,62909,108652,21982,23761,62909,108652,217304,
7203,35352,76423,17480,129255,35352,76423,17480,129255,258510,24.8568
8191,29119,52503,12887,94509,29119,52503,12887,94509,189018,
7976,128944,94910,63396,287250,128944,94910,63396,287250,574500,61119.8219
6530,25715,28030,27629,81374,25715,28030,27629,81374,162748,561.4421
6531,19184,28193,22854,70231,19184,28193,22854,70231,140462,
5849,588,828,0,1416,588,828,0,1416,2832,174
9812,33068,28364,41965,103397,33068,28364,41965,103397,206794,
6210,540,135,0,675,540,135,0,675,1350,
5388,252839,374520,796969,1424328,252839,374520,796969,1424328,2848656,
9825,4020,2837,2823,9680,4020,2837,2823,9680,19360,
7460,120204,101553,185352,407109,120204,101553,185352,407109,814218,
6267,151,19,0,170,151,19,0,170,340,
6857,12903,15513,33765,62181,12903,15513,33765,62181,124362,252595.0753
5491,273446,498273,668432,1440151,273446,498273,668432,1440151,2880302,813034.744699999
5028,798,1189,1057,3044,798,1189,1057,3044,6088,
6203,833,87,0,920,833,87,0,920,1840,
8282,9342,15265,8882,33489,9342,15265,8882,33489,66978,
8677,13264,10781,0,24045,13264,10781,0,24045,48090,
7356,10900,9551,6515,26966,10900,9551,6515,26966,53932,
7462,146986,102486,160631,410103,146986,102486,160631,410103,820206,12603.1813
1035,48987,74385,95065,218437,48987,74385,95065,218437,436874,
3154,38871,80102,134298,253271,38871,80102,134298,253271,506542,
1159,23221,53444,49893,126558,23221,53444,49893,126558,253116,
4025,8120,695,2682,11497,8120,695,2682,11497,22994,
5798,25190,55417,32206,112813,25190,55417,32206,112813,225626,
3474,29326,156795,10902,197023,29326,156795,10902,197023,394046,
2677,67290,128320,88825,284435,67290,128320,88825,284435,568870,
5573,60323,62003,143012,265338,60323,62003,143012,265338,530676,
3897,16759,1490,2055,20304,16759,1490,2055,20304,40608,
5229,329130,588439,1170991,2088560,329130,588439,1170991,2088560,4177120,514668.3782
4271,12570,1126,4638,18334,12570,1126,4638,18334,36668,
4432,822,253,0,1075,822,253,0,1075,2150,
3882,31461,2369,5970,39800,31461,2369,5970,39800,79600,
5389,95157,83724,353651,532532,95157,83724,353651,532532,1065064,
5758,17024,78537,15037,110598,17024,78537,15037,110598,221196,
3434,19232,174657,10022,203911,19232,174657,10022,203911,407822,1788.9787
3432,17883,47799,46352,112034,17883,47799,46352,112034,224068,
3558,34162,259874,25936,319972,34162,259874,25936,319972,639944,
6951,753039,507273,746698,2007010,753039,507273,746698,2007010,4014020,246556.4934
5921,43384,37351,58584,139319,43384,37351,58584,139319,278638,
2283,50673,2949,21082,74704,50673,2949,21082,74704,149408,
2969,6223,7543,8493,22259,6223,7543,8493,22259,44518,
3887,295200,33248,127435,455883,295200,33248,127435,455883,911766,
3886,37934,796,13491,52221,37934,796,13491,52221,104442,
3888,12208,860,3577,16645,12208,860,3577,16645,33290,
3889,169913,13687,72691,256291,169913,13687,72691,256291,512582,
3891,25984,2204,5561,33749,25984,2204,5561,33749,67498,
7225,8245,8216,2412,18873,8245,8216,2412,18873,37746,
1393,99782,124676,137777,362235,99782,124676,137777,362235,724470,1007.7944
4276,14540,645,597,15782,14540,645,597,15782,31564,
9562,111047,108670,102701,322418,111047,108670,102701,322418,644836,7544.7989
3348,140169,158702,90719,389590,140169,158702,90719,389590,779180,5362.6987
3540,61742,428691,149240,639673,61742,428691,149240,639673,1279346,193217.3445
8837,821,247,0,1068,821,247,0,1068,2136,
5390,202696,192838,597344,992878,202696,192838,597344,992878,1985756,701618.735500001
5230,250235,604717,910831,1765783,250235,604717,910831,1765783,3531566,26862.144
6952,34006,59570,128206,221782,34006,59570,128206,221782,443564,
1783,13724,11179,3299,28202,13724,11179,3299,28202,56404,
5574,640032,719982,1214541,2574555,640032,719982,1214541,2574555,5149110,484913.4679
3155,135423,247337,266902,649662,135423,247337,266902,649662,1299324,586253.7638
2439,1140,493,226,1859,1140,493,226,1859,3718,
3817,25998,940,28173,55111,25998,940,28173,55111,110222,
4357,600,109,0,709,600,109,0,709,1418,
8728,1525,324,0,1849,1525,324,0,1849,3698,
4518,23537,22075,45143,90755,23537,22075,45143,90755,181510,10078.8357
4433,30946,14516,12714,58176,30946,14516,12714,58176,116352,
5334,32091,52498,138012,222601,32091,52498,138012,222601,445202,8718.2199
9776,131152,112528,141082,384762,131152,112528,141082,384762,769524,
6211,3237,260,478,3975,3237,260,478,3975,7950,
8261,2566,88,502,3156,2566,88,502,3156,6312,
2010,55056,39665,17898,112619,55056,39665,17898,112619,225238,
5826,1392,9814,681,11887,1392,9814,681,11887,23774,
4504,307526,564702,428119,1300347,307526,564702,428119,1300347,2600694,
9373,70105,52734,39735,162574,70105,52734,39735,162574,325148,
2364,6401,3778,2517,12696,6401,3778,2517,12696,25392,
7464,714583,659087,721525,2095195,714583,659087,721525,2095195,4190390,563164.8803
5613,12254,10738,41815,64807,12254,10738,41815,64807,129614,
1524,91351,105340,171463,368154,91351,105340,171463,368154,736308,
8838,1074,662,0,1736,1074,662,0,1736,3472,
5391,77318,103414,199139,379871,77318,103414,199139,379871,759742,4.7656
2141,8285,2022,1752,12059,8285,2022,1752,12059,24118,
5967,11382,12048,1320,24750,11382,12048,1320,24750,49500,30603.3312
2938,24947,76002,37693,138642,24947,76002,37693,138642,277284,
1342,37529,31709,7761,76999,37529,31709,7761,76999,153998,
2440,4804,2272,1762,8838,4804,2272,1762,8838,17676,
5597,1419829,1981067,5683306,9084202,1419829,1981067,5683306,9084202,18168404,
5426,7300086,12727481,18054147,38081714,7300086,12727481,18054147,38081714,76163428,9061260.35099997
5676,95127,103013,84975,283115,95127,103013,84975,283115,566230,84657.4207
5392,65259,68036,180497,313792,65259,68036,180497,313792,627584,
5231,25043,69035,107849,201927,25043,69035,107849,201927,403854,
6268,11463,5165,4162,20790,11463,5165,4162,20790,41580,
8584,79668,88282,56484,224434,79668,88282,56484,224434,448868,110615.7307
8591,283490,492970,367535,1143995,283490,492970,367535,1143995,2287990,108150.8718
2612,39009,63653,49878,152540,39009,63653,49878,152540,305080,
2154,146303,19853,57772,223928,146303,19853,57772,223928,447856,
2265,125765,18058,41796,185619,125765,18058,41796,185619,371238,
5394,207660,211113,560071,978844,207660,211113,560071,978844,1957688,
9365,53858,30676,35887,120421,53858,30676,35887,120421,240842,
5041,24045,33984,54460,112489,24045,33984,54460,112489,224978,
1216,106741,250917,253003,610661,106741,250917,253003,610661,1221322,11188.957
2665,11202,18001,17140,46343,11202,18001,17140,46343,92686,
6823,76134,68460,162584,307178,76134,68460,162584,307178,614356,
6953,197265,326520,845035,1368820,197265,326520,845035,1368820,2737640,
7407,57407,72010,37896,167313,57407,72010,37896,167313,334626,
2251,44496,13925,21271,79692,44496,13925,21271,79692,159384,
6858,10836,30646,20197,61679,10836,30646,20197,61679,123358,
5575,325578,372215,642434,1340227,325578,372215,642434,1340227,2680454,
5639,23595,9356,18285,51236,23595,9356,18285,51236,102472,
5395,187416,186068,514566,888050,187416,186068,514566,888050,1776100,
5372,31881,29246,78496,139623,31881,29246,78496,139623,279246,
5576,333119,329085,1063049,1725253,333119,329085,1063049,1725253,3450506,
7408,54588,81435,116648,252671,54588,81435,116648,252671,505342,1910.9479
1085,152257,281715,106696,540668,152257,281715,106696,540668,1081336,
5264,4489,3892,7221,15602,4489,3892,7221,15602,31204,
6824,109555,104581,221816,435952,109555,104581,221816,435952,871904,
5959,51933,101178,23903,177014,51933,101178,23903,177014,354028,
3158,8738,8453,24959,42150,8738,8453,24959,42150,84300,
5505,50729,96729,28393,175851,50729,96729,28393,175851,351702,11754.1273
5316,2551,1859,3038,7448,2551,1859,3038,7448,14896,
2384,152796,249224,45335,447355,152796,249224,45335,447355,894710,312043.365399999
2390,299960,337263,146780,784003,299960,337263,146780,784003,1568006,84445.217
4600,68116,106310,89290,263716,68116,106310,89290,263716,527432,
8530,64404,135899,44704,245007,64404,135899,44704,245007,490014,
1121,11530,966,9712,22208,11530,966,9712,22208,44416,
7079,46697,47695,61716,156108,46697,47695,61716,156108,312216,
5241,7075,8595,11334,27004,7075,8595,11334,27004,54008,
5598,8058762,13612840,25392039,47063641,8058762,13612840,25392039,47063641,94127282,9493971.80099999
5158,359684,923297,2044909,3327890,359684,923297,2044909,3327890,6655780,1452456.5166
2133,264070,99212,114657,477939,264070,99212,114657,477939,955878,
1455,102049,324860,34309,461218,102049,324860,34309,461218,922436,
1402,721285,1284579,586001,2591865,721285,1284579,586001,2591865,5183730,548027.481
1403,9648,19452,22562,51662,9648,19452,22562,51662,103324,
7057,17168,29200,18205,64573,17168,29200,18205,64573,129146,
6095,17829,12934,29376,60139,17829,12934,29376,60139,120278,
3796,14533,681,8531,23745,14533,681,8531,23745,47490,
8589,71800,79185,32737,183722,71800,79185,32737,183722,367444,
6859,4304,3037,3269,10610,4304,3037,3269,10610,21220,
8509,12294,11061,6832,30187,12294,11061,6832,30187,60374,
6073,30101,19997,35989,86087,30101,19997,35989,86087,172174,
5128,212465,185819,743542,1141826,212465,185819,743542,1141826,2283652,
1940,65454,162160,247316,474930,65454,162160,247316,474930,949860,329.124
4690,113792,78543,87643,279978,113792,78543,87643,279978,559956,
4434,35659,20578,945,57182,35659,20578,945,57182,114364,
6183,363297,374028,501724,1239049,363297,374028,501724,1239049,2478098,124006.1621
6096,63563,74027,117140,254730,63563,74027,117140,254730,509460,
1347,18778,23799,7584,50161,18778,23799,7584,50161,100322,
1423,204300,521288,601874,1327462,204300,521288,601874,1327462,2654924,6838.4562
1509,57701,159658,53944,271303,57701,159658,53944,271303,542606,
9673,49313,29946,19446,98705,49313,29946,19446,98705,197410,
1466,59866,51815,105961,217642,59866,51815,105961,217642,435284,
2681,1228,442,0,1670,1228,442,0,1670,3340,
2266,10945,9949,2384,23278,10945,9949,2384,23278,46556,
8875,356634,495112,200234,1051980,356634,495112,200234,1051980,2103960,
5684,145637,153913,313104,612654,145637,153913,313104,612654,1225308,
9250,24675,19632,12435,56742,24675,19632,12435,56742,113484,
5411,454155,599971,883902,1938028,454155,599971,883902,1938028,3876056,429583.7507
3174,201833,374963,313618,890414,201833,374963,313618,890414,1780828,
5086,110052,119645,245388,475085,110052,119645,245388,475085,950170,
3188,95357,98756,360702,554815,95357,98756,360702,554815,1109630,971.1929
7474,560554,728552,402003,1691109,560554,728552,402003,1691109,3382218,18644.2633
1421,269038,405701,765641,1440380,269038,405701,765641,1440380,2880760,262567.8646
1525,318209,316943,753779,1388931,318209,316943,753779,1388931,2777862,484628.1478
7466,55759,23560,85635,164954,55759,23560,85635,164954,329908,
9564,34764,32918,28983,96665,34764,32918,28983,96665,193330,
2201,169730,110306,97950,377986,169730,110306,97950,377986,755972,
5129,66690,112105,195283,374078,66690,112105,195283,374078,748156,
5438,192268,230635,624258,1047161,192268,230635,624258,1047161,2094322,92434.8114999999
3059,49713,54075,37571,141359,49713,54075,37571,141359,282718,1550.4867
7329,6824,4854,221,11899,6824,4854,221,11899,23798,
5242,9302,14804,16518,40624,9302,14804,16518,40624,81248,
5293,37674,31270,81584,150528,37674,31270,81584,150528,301056,
5054,88098,99326,281749,469173,88098,99326,281749,469173,938346,
5278,54330,157247,123621,335198,54330,157247,123621,335198,670396,
5712,64180,120286,42568,227034,64180,120286,42568,227034,454068,196187.2608
7476,153620,146988,185077,485685,153620,146988,185077,485685,971370,
5151,107497,113791,270227,491515,107497,113791,270227,491515,983030,
5030,5458,11465,14159,31082,5458,11465,14159,31082,62164,
9231,6770,4352,3789,14911,6770,4352,3789,14911,29822,
7226,3370,2206,1820,7396,3370,2206,1820,7396,14792,5114.8586
9998,135592,115537,116586,367715,135592,115537,116586,367715,735430,35524.7563
5195,12752,19551,58056,90359,12752,19551,58056,90359,180718,
2619,18955,59450,26865,105270,18955,59450,26865,105270,210540,
3388,8613,9934,4809,23356,8613,9934,4809,23356,46712,
3391,103192,332446,116539,552177,103192,332446,116539,552177,1104354,8220.1093
7572,4528,3615,574,8717,4528,3615,574,8717,17434,
5577,383019,289000,513366,1185385,383019,289000,513366,1185385,2370770,537169.5517
5965,86625,286449,25507,398581,86625,286449,25507,398581,797162,7476.8474
2772,10422,29810,7190,47422,10422,29810,7190,47422,94844,
2736,22450,12103,8820,43373,22450,12103,8820,43373,86746,
1585,4051,8483,1211,13745,4051,8483,1211,13745,27490,
9753,48288,40012,39083,127383,48288,40012,39083,127383,254766,1475.9445
5759,9758,19168,5270,34196,9758,19168,5270,34196,68392,
9665,7976,8490,3548,20014,7976,8490,3548,20014,40028,
2161,31196,70382,19617,121195,31196,70382,19617,121195,242390,
8184,33736,10409,25934,70079,33736,10409,25934,70079,140158,
5527,20124,29466,78386,127976,20124,29466,78386,127976,255952,
1348,25279,19833,8949,54061,25279,19833,8949,54061,108122,
3896,2070,186,1165,3421,2070,186,1165,3421,6842,
6956,70471,113751,209626,393848,70471,113751,209626,393848,787696,
6846,1855,941,2365,5161,1855,941,2365,5161,10322,
4935,663056,1158219,496,1821771,663056,1158219,496,1821771,3643542,
9777,59030,37248,55927,152205,59030,37248,55927,152205,304410,
2048,78309,33608,14975,126892,78309,33608,14975,126892,253784,
4111,19684,6906,331,26921,19684,6906,331,26921,53842,4200.8457
8130,233,8,249,490,233,8,249,490,980,
4539,16956,16106,7658,40720,16956,16106,7658,40720,81440,
5196,43556,135119,203052,381727,43556,135119,203052,381727,763454,
7187,5059,2680,3530,11269,5059,2680,3530,11269,22538,
7047,38160,45156,88570,171886,38160,45156,88570,171886,343772,
5611,150970,150144,340006,641120,150970,150144,340006,641120,1282240,
6551,5237,5169,1813,12219,5237,5169,1813,12219,24438,
5396,39075,37334,74967,151376,39075,37334,74967,151376,302752,
5439,19243,15916,27676,62835,19243,15916,27676,62835,125670,
8680,7294,5125,0,12419,7294,5125,0,12419,24838,
6891,175084,202758,657657,1035499,175084,202758,657657,1035499,2070998,553143.9591
7227,5741,9298,1533,16572,5741,9298,1533,16572,33144,
7695,1179,49,1406,2634,1179,49,1406,2634,5268,
2391,75116,75362,32337,182815,75116,75362,32337,182815,365630,
4528,32022,45213,79105,156340,32022,45213,79105,156340,312680,
2363,187011,276243,73601,536855,187011,276243,73601,536855,1073710,461137.165899999
2406,141092,446722,262050,849864,141092,446722,262050,849864,1699728,157334.6473
2098,19299,5233,5120,29652,19299,5233,5120,29652,59304,
3965,5056,302,473,5831,5056,302,473,5831,11662,
1457,398641,576798,581264,1556703,398641,576798,581264,1556703,3113406,1854979.6455
9781,41405,26850,53812,122067,41405,26850,53812,122067,244134,
1905,4671,1652,1625,7948,4671,1652,1625,7948,15896,
4568,5988,3029,1475,10492,5988,3029,1475,10492,20984,
2774,163143,252743,121283,537169,163143,252743,121283,537169,1074338,79777.9964
1056,15728,2275,18249,36252,15728,2275,18249,36252,72504,
5578,1921118,2240055,4961715,9122888,1921118,2240055,4961715,9122888,18245776,1586488.3554
5612,32532,28472,128738,189742,32532,28472,128738,189742,379484,
5042,443,1458,538,2439,443,1458,538,2439,4878,
5924,446759,755409,1023372,2225540,446759,755409,1023372,2225540,4451080,90632.6156999999
5528,29575,45419,83936,158930,29575,45419,83936,158930,317860,
6024,151350,138907,421551,711808,151350,138907,421551,711808,1423616,
1978,34383,134299,17199,185881,34383,134299,17199,185881,371762,
3175,170030,513023,232313,915366,170030,513023,232313,915366,1830732,48803.3136
5672,202357,337764,136979,677100,202357,337764,136979,677100,1354200,55927.0385
5697,60660,66669,93021,220350,60660,66669,93021,220350,440700,
5698,61075,37770,76324,175169,61075,37770,76324,175169,350338,
2269,24452,53036,6226,83714,24452,53036,6226,83714,167428,
9694,61924,57970,66713,186607,61924,57970,66713,186607,373214,
6844,159064,238977,727929,1125970,159064,238977,727929,1125970,2251940,129227.128
5640,30000,22900,64211,117111,30000,22900,64211,117111,234222,
1011,20639,62186,50016,132841,20639,62186,50016,132841,265682,
5341,40508,76117,130050,246675,40508,76117,130050,246675,493350,22930.0875
6860,23428,55235,98413,177076,23428,55235,98413,177076,354152,2273.4671
1539,3764,9159,10791,23714,3764,9159,10791,23714,47428,
5685,957354,1101005,1620845,3679204,957354,1101005,1620845,3679204,7358408,1426853.3618
5696,282628,404904,386957,1074489,282628,404904,386957,1074489,2148978,190699.6032
5440,24244,34926,76689,135859,24244,34926,76689,135859,271718,
1218,430217,1108044,563485,2101746,430217,1108044,563485,2101746,4203492,339275.4386
1364,22784,31449,126414,180647,22784,31449,126414,180647,361294,
6688,33353,33864,30962,98179,33353,33864,30962,98179,196358,
4536,2245,1556,2545,6346,2245,1556,2545,6346,12692,
6954,69661,99369,206199,375229,69661,99369,206199,375229,750458,
7228,27618,44585,13035,85238,27618,44585,13035,85238,170476,
7467,52158,77416,112743,242317,52158,77416,112743,242317,484634,
9639,8334,6625,8306,23265,8334,6625,8306,23265,46530,
6892,40846,34847,193107,268800,40846,34847,193107,268800,537600,
6732,5244,3105,5440,13789,5244,3105,5440,13789,27578,
8578,52479,38352,81845,172676,52479,38352,81845,172676,345352,
2835,5511,11020,5937,22468,5511,11020,5937,22468,44936,
5441,31816,36115,117997,185928,31816,36115,117997,185928,371856,
2773,18261,32549,38794,89604,18261,32549,38794,89604,179208,
5960,30195,49785,14961,94941,30195,49785,14961,94941,189882,
5925,26617,15048,28569,70234,26617,15048,28569,70234,140468,
5152,340984,556053,882505,1779542,340984,556053,882505,1779542,3559084,
5153,43946,60807,162726,267479,43946,60807,162726,267479,534958,
4540,2465,976,2477,5918,2465,976,2477,5918,11836,
4893,272476,308683,314746,895905,272476,308683,314746,895905,1791810,155290.0624
5579,245461,264978,831413,1341852,245461,264978,831413,1341852,2683704,
4891,119840,125725,144519,390084,119840,125725,144519,390084,780168,92891.6412999999
2040,53357,21308,12562,87227,53357,21308,12562,87227,174454,
6574,134367,52333,45394,232094,134367,52333,45394,232094,464188,19879.3545
3390,44528,57064,19135,120727,44528,57064,19135,120727,241454,
5686,19724,8850,78594,107168,19724,8850,78594,107168,214336,
7326,5731,3663,1559,10953,5731,3663,1559,10953,21906,
5279,231145,665845,399340,1296330,231145,665845,399340,1296330,2592660,88327.6036
6907,2059,2290,5711,10060,2059,2290,5711,10060,20120,
5673,18646,13416,20411,52473,18646,13416,20411,52473,104946,
1350,4529,1544,435,6508,4529,1544,435,6508,13016,
8123,276,80,297,653,276,80,297,653,1306,
4486,10998,4534,1017,16549,10998,4534,1017,16549,33098,
4487,179480,109783,21970,311233,179480,109783,21970,311233,622466,7040.2633
5031,16385,27927,30404,74716,16385,27927,30404,74716,149432,
7514,14361,29754,11148,55263,14361,29754,11148,55263,110526,
1138,52486,89739,102095,244320,52486,89739,102095,244320,488640,
7383,23948,41955,12527,78430,23948,41955,12527,78430,156860,
4532,7672,10049,9013,26734,7672,10049,9013,26734,53468,
5232,3755,4588,4345,12688,3755,4588,4345,12688,25376,
4537,44402,62729,68955,176086,44402,62729,68955,176086,352172,
7917,25203,33907,7191,66301,25203,33907,7191,66301,132602,
3380,42782,67928,36757,147467,42782,67928,36757,147467,294934,
3392,60788,90063,41410,192261,60788,90063,41410,192261,384522,
5827,1169,5060,853,7082,1169,5060,853,7082,14164,
5838,21358,75663,6066,103087,21358,75663,6066,103087,206174,2543.3593
5856,19550,44129,2500,66179,19550,44129,2500,66179,132358,2035.2744
5857,1513,1910,279,3702,1513,1910,279,3702,7404,
3818,3446,165,151,3762,3446,165,151,3762,7524,
9990,26471,23811,16576,66858,26471,23811,16576,66858,133716,
8263,630507,2544161,623421,3798089,630507,2544161,623421,3798089,7596178,1203479.4845
1351,2693,655,1432,4780,2693,655,1432,4780,9560,
4026,83354,9635,57685,150674,83354,9635,57685,150674,301348,
3871,29413,2644,5595,37652,29413,2644,5595,37652,75304,
