NLC,Entries Full,Entries Reduced,Entries Season,Entries Total,Exits Full,Exits Reduced,Exits Season,Exits Total,1213 Entries & Exits,Interchanges
5131,282907,437048,867760,1587715,282907,437048,867760,1587715,3175430,
3813,51294,2244,51273,104811,51294,2244,51273,104811,209622,
3801,77352,3068,41554,121974,77352,3068,41554,121974,243948,35870.8949
3982,168649,10702,96867,276218,168649,10702,96867,276218,552436,
8976,540996,831058,296982,1669036,540996,831058,296982,1669036,3338072,200863.5489
9090,17151,27640,17358,62149,17151,27640,17358,62149,124298,
4435,11271,5535,0,16806,11271,5535,0,16806,33612,
4440,424,183,0,607,424,183,0,607,1214,
3602,95619,62901,31178,189698,95619,62901,31178,189698,379396,
2448,21737,14849,4152,40738,21737,14849,4152,40738,81476,
4303,65640,95446,195,161281,65640,95446,195,161281,322562,
2552,113334,39008,29431,181773,113334,39008,29431,181773,363546,
8600,64,18,0,82,64,18,0,82,164,
8601,1079,704,0,1783,1079,704,0,1783,3566,
8602,359,168,0,527,359,168,0,527,1054,
7662,78,14,0,92,78,14,0,92,184,
7286,8555,12999,4624,26178,8555,12999,4624,26178,52356,
4529,46257,70510,77529,194296,46257,70510,77529,194296,388592,
2287,4355,1612,1899,7866,4355,1612,1899,7866,15732,
1404,194218,279756,645148,1119122,194218,279756,645148,1119122,2238244,
3000,31379,32399,128212,191990,31379,32399,128212,191990,383980,
1036,5571,6426,15192,27189,5571,6426,15192,27189,54378,
9310,3058,6453,2123,11634,3058,6453,2123,11634,23268,
5550,65840,47760,71998,185598,65840,47760,71998,185598,371196,
5160,2937,4604,6653,14194,2937,4604,6653,14194,28388,
2939,4542,3909,1675,10126,4542,3909,1675,10126,20252,
2641,25979,14821,13900,54700,25979,14821,13900,54700,109400,
8353,51026,25829,47187,124042,51026,25829,47187,124042,248084,
2255,74833,135271,97083,307187,74833,135271,97083,307187,614374,
2350,136011,202184,111515,449710,136011,202184,111515,449710,899420,
2125,155173,238807,145372,539352,155173,238807,145372,539352,1078704,
9695,18915,26836,11040,56791,18915,26836,11040,56791,113582,
9759,127076,224159,225781,577016,127076,224159,225781,577016,1154032,
5132,80805,84586,307284,472675,80805,84586,307284,472675,945350,
4614,14053,14627,15241,43921,14053,14627,15241,43921,87842,
2760,39984,44193,25653,109830,39984,44193,25653,109830,219660,
3145,7821,13743,12545,34109,7821,13743,12545,34109,68218,
5623,211585,285739,226741,724065,211585,285739,226741,724065,1448130,149073.0192
5280,21756,41620,44050,107426,21756,41620,44050,107426,214852,
6025,124843,138277,335463,598583,124843,138277,335463,598583,1197166,47208.0207
9905,37648,38694,20624,96966,37648,38694,20624,96966,193932,
9861,42213,68483,68176,178872,42213,68483,68176,178872,357744,
1805,48067,46638,17728,112433,48067,46638,17728,112433,224866,
7520,20225,2803,7987,31015,20225,2803,7987,31015,62030,
9883,47820,107571,35041,190432,47820,107571,35041,190432,380864,
8605,9522,2687,1983,14192,9522,2687,1983,14192,28384,
7787,44578,66036,18237,128851,44578,66036,18237,128851,257702,871.074
6847,5810,5575,17286,28671,5810,5575,17286,28671,57342,
1223,25030,11655,7302,43987,25030,11655,7302,43987,87974,
6869,4399,3964,10810,19173,4399,3964,10810,19173,38346,
6532,1243,2679,316,4238,1243,2679,316,4238,8476,
8606,131,17,0,148,131,17,0,148,296,
5544,81997,117976,160319,360292,81997,117976,160319,360292,720584,
2806,48870,78778,112291,239939,48870,78778,112291,239939,479878,
1198,29417,12405,33992,75814,29417,12405,33992,75814,151628,
1678,5692,10923,2607,19222,5692,10923,2607,19222,38444,
5250,5368,15251,9718,30337,5368,15251,9718,30337,60674,
506,340851,394058,282817,1017726,340851,394058,282817,1017726,2035452,
4236,6530,3359,317,10206,6530,3359,317,10206,20412,
6358,1599,385,1720,3704,1599,385,1720,3704,7408,
9965,79025,46139,190247,315411,79025,46139,190247,315411,630822,
5510,111678,225923,224267,561868,111678,225923,224267,561868,1123736,1108.3567
5397,81766,131697,130677,344140,81766,131697,130677,344140,688280,
6909,4057,1979,25484,31520,4057,1979,25484,31520,63040,
5267,73799,215161,143503,432463,73799,215161,143503,432463,864926,
9451,6449,55887,1415,63751,6449,55887,1415,63751,127502,
9972,172839,202580,197451,572870,172839,202580,197451,572870,1145740,
2662,17412,9129,3131,29672,17412,9129,3131,29672,59344,
2052,25806,3444,1246,30496,25806,3444,1246,30496,60992,0.2788
5003,3976,6092,8386,18454,3976,6092,8386,18454,36908,
3109,1155,2267,1262,4684,1155,2267,1262,4684,9368,
2396,17825,73018,29814,120657,17825,73018,29814,120657,241314,
1430,55537,75978,92439,223954,55537,75978,92439,223954,447908,
9079,66607,85465,42088,194160,66607,85465,42088,194160,388320,526.7177
8613,3367,687,0,4054,3367,687,0,4054,8108,
9962,839,269,0,1108,839,269,0,1108,2216,
9453,27052,23215,7953,58220,27052,23215,7953,58220,116440,
9569,26528,46350,47873,120751,26528,46350,47873,120751,241502,294.9758
9455,2348,4218,3958,10524,2348,4218,3958,10524,21048,
2960,141,102,65,308,141,102,65,308,616,
9961,169650,350438,148243,668331,169650,350438,148243,668331,1336662,
8821,2435,1260,0,3695,2435,1260,0,3695,7390,
6171,67501,78312,121714,267527,67501,78312,121714,267527,535054,
990,21182,25163,24193,70538,21182,25163,24193,70538,141076,
2054,3882,423,292,4597,3882,423,292,4597,9194,
1963,28092,19958,6966,55016,28092,19958,6966,55016,110032,
8045,261,444,543,1248,261,444,543,1248,2496,
9963,2943,1673,0,4616,2943,1673,0,4616,9232,
5251,21829,73675,50053,145557,21829,73675,50053,145557,291114,
5666,183943,259792,128123,571858,183943,259792,128123,571858,1143716,299619.4152
3003,965,102,175,1242,965,102,175,1242,2484,
5641,38866,45062,57882,141810,38866,45062,57882,141810,283620,33379.3178
5547,56488,65322,104602,226412,56488,65322,104602,226412,452824,141065.2638
2941,11273,17313,13046,41632,11273,17313,13046,41632,83264,
4700,14124,15672,8397,38193,14124,15672,8397,38193,76386,
9953,11943,20050,6202,38195,11943,20050,6202,38195,76390,
5667,116194,123793,241906,481893,116194,123793,241906,481893,963786,
5004,295504,657907,711563,1664974,295504,657907,711563,1664974,3329948,760157.731300002
2850,850,1237,1500,3587,850,1237,1500,3587,7174,
5347,157192,169545,276241,602978,157192,169545,276241,602978,1205956,
2790,36778,146281,63177,246236,36778,146281,63177,246236,492472,
5398,2399,4516,5573,12488,2399,4516,5573,12488,24976,
5906,13040,17273,24608,54921,13040,17273,24608,54921,109842,
6083,13637,8870,37014,59521,13637,8870,37014,59521,119042,
1953,18760,471,13200,32431,18760,471,13200,32431,64862,
6233,3466,2320,2066,7852,3466,2320,2066,7852,15704,
2095,9175,2646,2915,14736,9175,2646,2915,14736,29472,
1380,976,2454,2193,5623,976,2454,2193,5623,11246,
1004,42606,79360,96874,218840,42606,79360,96874,218840,437680,46954.5427
1074,21618,14642,5411,41671,21618,14642,5411,41671,83342,
2584,31133,90204,103130,224467,31133,90204,103130,224467,448934,
8608,242,87,0,329,242,87,0,329,658,
1624,27112,4562,13295,44969,27112,4562,13295,44969,89938,
7367,24460,35136,19300,78896,24460,35136,19300,78896,157792,
9457,9544,13001,6017,28562,9544,13001,6017,28562,57124,
7017,75903,127377,201990,405270,75903,127377,201990,405270,810540,4986.0954
2215,22259,1224,15585,39068,22259,1224,15585,39068,78136,
8610,25986,40226,2016,68228,25986,40226,2016,68228,136456,59.1243
3265,4016,3835,351,8202,4016,3835,351,8202,16404,
3200,34351,3503,11086,48940,34351,3503,11086,48940,97880,
5714,18802,113602,40376,172780,18802,113602,40376,172780,345560,
1492,159187,174705,200555,534447,159187,174705,200555,534447,1068894,3609.6039
1090,8805,11004,21039,40848,8805,11004,21039,40848,81696,
5162,17503,14085,22090,53678,17503,14085,22090,53678,107356,
5197,9999,14933,9304,34236,9999,14933,9304,34236,68472,
9463,216978,363215,189583,769776,216978,363215,189583,769776,1539552,41439.5492
2187,78767,6139,8698,93604,78767,6139,8698,93604,187208,
4186,5323,1998,3093,10414,5323,1998,3093,10414,20828,
5681,29382,23999,23412,76793,29382,23999,23412,76793,153586,
8552,39424,32482,32322,104228,39424,32482,32322,104228,208456,
9763,16449,22702,18196,57347,16449,22702,18196,57347,114694,
5492,11381,21747,29096,62224,11381,21747,29096,62224,124448,
6084,78881,85620,103052,267553,78881,85620,103052,267553,535106,
5399,669006,1059383,1663978,3392367,669006,1059383,1663978,3392367,6784734,360189.6523
9862,63896,121579,94310,279785,63896,121579,94310,279785,559570,
9013,43,16,480,539,43,16,480,539,1078,
2561,26675,6039,9724,42438,26675,6039,9724,42438,84876,
2820,7131,6041,350,13522,7131,6041,350,13522,27044,
8839,1656,1615,0,3271,1656,1615,0,3271,6542,
4502,250267,479154,298095,1027516,250267,479154,298095,1027516,2055032,354513.549599999
2471,105248,207973,26830,340051,105248,207973,26830,340051,680102,2471.3867
2238,21402,36894,21944,80240,21402,36894,21944,80240,160480,
5348,20304,14664,32622,67590,20304,14664,32622,67590,135180,
9466,20862,27814,25272,73948,20862,27814,25272,73948,147896,
7563,1551,1892,1082,4525,1551,1892,1082,4525,9050,
2690,46407,5436,17184,69027,46407,5436,17184,69027,138054,
9764,13366,17839,17967,49172,13366,17839,17967,49172,98344,
4011,65525,4060,28371,97956,65525,4060,28371,97956,195912,
7492,1023253,1621772,1391153,4036178,1023253,1621772,1391153,4036178,8072356,440049.6134
5133,15453,17320,29386,62159,15453,17320,29386,62159,124318,
4445,48664,25363,9635,83662,48664,25363,9635,83662,167324,
5089,116881,162588,520104,799573,116881,162588,520104,799573,1599146,
5551,234937,276456,500079,1011472,234937,276456,500079,1011472,2022944,21049.4708
5580,99678,105373,135831,340882,99678,105373,135831,340882,681764,
6406,6037,20993,5422,32452,6037,20993,5422,32452,64904,3272.6269
5252,80208,171687,245931,497826,80208,171687,245931,497826,995652,900437.7672
9973,12783,12719,6448,31950,12783,12719,6448,31950,63900,
6774,197960,290446,243382,731788,197960,290446,243382,731788,1463576,18642.4565
5725,9519,157880,23694,191093,9519,157880,23694,191093,382186,
1096,38773,27073,58809,124655,38773,27073,58809,124655,249310,33617.332
9674,79646,112866,142029,334541,79646,112866,142029,334541,669082,
9467,1195,1144,517,2856,1195,1144,517,2856,5712,
6212,678,184,10,872,678,184,10,872,1744,
1954,145155,100552,56471,302178,145155,100552,56471,302178,604356,18041.1018
1903,10930,11428,17474,39832,10930,11428,17474,39832,79664,
3805,160342,14101,88961,263404,160342,14101,88961,263404,526808,2811.7088
3806,68047,3446,24143,95636,68047,3446,24143,95636,191272,
3807,159022,15528,121627,296177,159022,15528,121627,296177,592354,
9020,24,2,0,26,24,2,0,26,52,
6207,18824,2370,1363,22557,18824,2370,1363,22557,45114,
7494,392217,347327,594329,1333873,392217,347327,594329,1333873,2667746,
5520,564405,1044732,1021576,2630713,564405,1044732,1021576,2630713,5261426,855734.6752
5090,9886,10540,16681,37107,9886,10540,16681,37107,74214,
3271,534044,1804266,540630,2878940,534044,1804266,540630,2878940,5757880,186295.945
9311,144358,195061,147517,486936,144358,195061,147517,486936,973872,
8484,36730,53595,41600,131925,36730,53595,41600,131925,263850,
7909,698,89,0,787,698,89,0,787,1574,
5420,196403,307720,658615,1162738,196403,307720,658615,1162738,2325476,35293.9401
5215,51755,111977,68753,232485,51755,111977,68753,232485,464970,
6870,2132,1762,2745,6639,2132,1762,2745,6639,13278,
6006,7323,5781,5694,18798,7323,5781,5694,18798,37596,
3047,210376,179850,329983,720209,210376,179850,329983,720209,1440418,
2420,206,129,0,335,206,129,0,335,670,
9966,85872,109703,89796,285371,85872,109703,89796,285371,570742,
5091,25374,61516,111127,198017,25374,61516,111127,198017,396034,
8822,146,59,0,205,146,59,0,205,410,
5890,1203,3020,824,5047,1203,3020,824,5047,10094,
8877,13612,12468,1538,27618,13612,12468,1538,27618,55236,
2188,213700,206938,148353,568991,213700,206938,148353,568991,1137982,
7258,12523,25270,4727,42520,12523,25270,4727,42520,85040,
5076,31187,36900,75299,143386,31187,36900,75299,143386,286772,
5046,241937,306814,789974,1338725,241937,306814,789974,1338725,2677450,70512.598
1512,225587.370113092,740636.392223305,685411.32483375,1651635.08717015,225587.370113092,740636.392223305,685411.32483375,1651635.08717015,3303270.17434029,50718.427
1510,10583.6298869075,34747.6077766953,32156.6751662502,77487.912829853,10583.6298869075,34747.6077766953,32156.6751662502,77487.912829853,154975.825659706,
5538,22135,19348,44294,85777,22135,19348,44294,85777,171554,
3245,17926,11660,10545,40131,17926,11660,10545,40131,80262,
1165,23125,2972,4702,30799,23125,2972,4702,30799,61598,
3070,7498,32052,20126,59676,7498,32052,20126,59676,119352,
1625,141320,84957,46813,273090,141320,84957,46813,273090,546180,77128.7091
5198,3736,7063,5684,16483,3736,7063,5684,16483,32966,
2785,1212,6166,1797,9175,1212,6166,1797,9175,18350,
9895,94469,106138,64792,265399,94469,106138,64792,265399,530798,23436.158
5062,55506,57537,215391,328434,55506,57537,215391,328434,656868,
9714,92169,134225,131764,358158,92169,134225,131764,358158,716316,48446.8877
5350,19599,12207,43480,75286,19599,12207,43480,75286,150572,
1679,29349,41375,17986,88710,29349,41375,17986,88710,177420,
5227,1899,1533,3144,6576,1899,1533,3144,6576,13152,
5092,76808,109088,180359,366255,76808,109088,180359,366255,732510,
8047,2534,1695,811,5040,2534,1695,811,5040,10080,
8564,30737,42336,25189,98262,30737,42336,25189,98262,196524,
7439,404527,362665,985781,1752973,404527,362665,985781,1752973,3505946,
2676,9793,1960,548,12301,9793,1960,548,12301,24602,
5624,15101,12829,41028,68958,15101,12829,41028,68958,137916,
8352,28458,11740,38244,78442,28458,11740,38244,78442,156884,
3549,1529,12019,7516,21064,1529,12019,7516,21064,42128,
3550,518,4912,2432,7862,518,4912,2432,7862,15724,
1390,212474,269164,320699,802337,212474,269164,320699,802337,1604674,
1045,23859,32235,63492,119586,23859,32235,63492,119586,239172,
7330,286,222,19,527,286,222,19,527,1054,
8431,4200,6554,2235,12989,4200,6554,2235,12989,25978,
5581,40306,49545,99161,189012,40306,49545,99161,189012,378024,
5323,6438,19642,12877,38957,6438,19642,12877,38957,77914,
7791,7259,211537,32039,250835,7259,211537,32039,250835,501670,1122.9505
2351,620,1169,202,1991,620,1169,202,1991,3982,
1003,9378,24962,30133,64473,9378,24962,30133,64473,128946,
5472,2568,4245,4121,10934,2568,4245,4121,10934,21868,
6961,73513,91214,189669,354396,73513,91214,189669,354396,708792,
2449,9324,7800,77,17201,9324,7800,77,17201,34402,
8048,56522,141018,99778,297318,56522,141018,99778,297318,594636,10.3151
5211,87639,242959,480676,811274,87639,242959,480676,811274,1622548,
5093,109473,142414,355783,607670,109473,142414,355783,607670,1215340,
5094,243541,286443,961008,1490992,243541,286443,961008,1490992,2981984,
3048,137319,365783,228375,731477,137319,365783,228375,731477,1462954,
3104,14010,75949,17249,107208,14010,75949,17249,107208,214416,
5063,89507,92221,225509,407237,89507,92221,225509,407237,814474,1941.0023
2136,49037,52302,31051,132390,49037,52302,31051,132390,264780,105474.4574
6170,94257,137077,178344,409678,94257,137077,178344,409678,819356,
4618,15392,13236,30934,59562,15392,13236,30934,59562,119124,
6871,229129,306890,935219,1471238,229129,306890,935219,1471238,2942476,
7910,19441,9498,5421,34360,19441,9498,5421,34360,68720,
5464,38230,79930,114134,232294,38230,79930,114134,232294,464588,
6235,6625,9381,2335,18341,6625,9381,2335,18341,36682,
8553,163995,230936,181697,576628,163995,230936,181697,576628,1153256,
3907,5502,460,3645,9607,5502,460,3645,9607,19214,
5163,14230,34474,85869,134573,14230,34474,85869,134573,269146,
2304,113974,84726,76089,274789,113974,84726,76089,274789,549578,
5401,14938,11799,16443,43180,14938,11799,16443,43180,86360,
2352,87908,164858,98318,351084,87908,164858,98318,351084,702168,
2217,170622,195050,108518,474190,170622,195050,108518,474190,948380,
2219,422411,415534,343667,1181612,422411,415534,343667,1181612,2363224,320122.7
2145,157540,165908,97682,421130,157540,165908,97682,421130,842260,75022.899
2220,195518,187616,144948,528082,195518,187616,144948,528082,1056164,
4513,562,5182,552,6296,562,5182,552,6296,12592,
1215,611375,1022592,627735,2261702,611375,1022592,627735,2261702,4523404,66425.1547
4515,578523,1305766,1166433,3050722,578523,1305766,1166433,3050722,6101444,415114.5926
1127,2926344,6477674,6641155,16045173,2926344,6477674,6641155,16045173,32090346,5164606.21050003
1006,332520,705609,1163059,2201188,332520,705609,1163059,2201188,4402376,214288.9831
7835,33572,12276,5139,50987,33572,12276,5139,50987,101974,
9940,89218,205838,108411,403467,89218,205838,108411,403467,806934,
6800,297035,400045,713108,1410188,297035,400045,713108,1410188,2820376,79511.6674
5402,3618,9473,2835,15926,3618,9473,2835,15926,31852,
9620,63416,91342,99396,254154,63416,91342,99396,254154,508308,
5945,18249,15406,14679,48334,18249,15406,14679,48334,96668,
2737,352410,190901,148869,692180,352410,190901,148869,692180,1384360,91674.9066
5112,1090885,1128886,4291350,6511121,1090885,1128886,4291350,6511121,13022242,1309237.8816
5095,320145,397717,746841,1464703,320145,397717,746841,1464703,2929406,17615.7259
7400,143483,236267,34251,414001,143483,236267,34251,414001,828002,
2739,330924,455116,55465,841505,330924,455116,55465,841505,1683010,4577.9999
2738,17571,24662,724,42957,17571,24662,724,42957,85914,
2740,34924,26205,5049,66178,34924,26205,5049,66178,132356,
991,6954,8280,6089,21323,6954,8280,6089,21323,42646,
2732,17025,23611,246255,286891,17025,23611,246255,286891,573782,
5625,55439,115261,68153,238853,55439,115261,68153,238853,477706,
2450,10105,12003,211,22319,10105,12003,211,22319,44638,
8750,2228,4175,737,7140,2228,4175,737,7140,14280,
9760,52850,77520,150744,281114,52850,77520,150744,281114,562228,
1176,39523,42857,71005,153385,39523,42857,71005,153385,306770,
4574,10302,4317,26885,41504,10302,4317,26885,41504,83008,
9716,68093,111833,100340,280266,68093,111833,100340,280266,560532,
7503,461,246,678,1385,461,246,678,1385,2770,
6204,1855,237,368,2460,1855,237,368,2460,4920,
1360,57171,156455,226906,440532,57171,156455,226906,440532,881064,75915.5578
1141,8777,11913,214,20904,8777,11913,214,20904,41808,
1018,9593,12616,23,22232,9593,12616,23,22232,44464,
2123,162010,409336,194739,766085,162010,409336,194739,766085,1532170,
1282,14381,10704,5231,30316,14381,10704,5231,30316,60632,
3501,6850,102253,10205,119308,6850,102253,10205,119308,238616,
2435,2167,927,774,3868,2167,927,774,3868,7736,
5253,108766,319391,190430,618587,108766,319391,190430,618587,1237174,
9668,5310,4497,5144,14951,5310,4497,5144,14951,29902,
2599,283355,843591,664750,1791696,283355,843591,664750,1791696,3583392,624582.351199999
8536,9416,14204,8824,32444,9416,14204,8824,32444,64888,
5626,48478,47221,57845,153544,48478,47221,57845,153544,307088,
1993,4730,307,1619,6656,4730,307,1619,6656,13312,
2195,128047,186670,106624,421341,128047,186670,106624,421341,842682,2607.678
2239,88806,70600,78501,237907,88806,70600,78501,237907,475814,
5130,31271,71122,109887,212280,31271,71122,109887,212280,424560,
4304,20005,7603,316,27924,20005,7603,316,27924,55848,
5254,14568,19134,21291,54993,14568,19134,21291,54993,109986,
6216,36362,56234,13921,106517,36362,56234,13921,106517,213034,
5894,21403,21050,28970,71423,21403,21050,28970,71423,142846,
6237,9847,7514,8049,25410,9847,7514,8049,25410,50820,
3018,29477,39491,55868,124836,29477,39491,55868,124836,249672,61994.7313
5876,299789,728447,224641,1252877,299789,728447,224641,1252877,2505754,71636.2696
1112,94847,182902,210463,488212,94847,182902,210463,488212,976424,
1381,2039,4300,10719,17058,2039,4300,10719,17058,34116,
6027,44689,37372,396896,478957,44689,37372,396896,478957,957914,
9968,4714,6245,6015,16974,4714,6245,6015,16974,33948,
5403,10530,25534,15917,51981,10530,25534,15917,51981,103962,
5693,358064,325709,341509,1025282,358064,325709,341509,1025282,2050564,
8346,310683,389677,321504,1021864,310683,389677,321504,1021864,2043728,36484.618
8345,318966,685204,498189,1502359,318966,685204,498189,1502359,3004718,54862.5067
3341,87493,101019,52586,241098,87493,101019,52586,241098,482196,4272.5574
5530,22108,2421,5741,30270,22108,2421,5741,30270,60540,
6801,59810,105528,242134,407472,59810,105528,242134,407472,814944,
2053,8750,14461,6554,29765,8750,14461,6554,29765,59530,
2944,22272,50038,60549,132859,22272,50038,60549,132859,265718,
5500,28214,58157,41748,128119,28214,58157,41748,128119,256238,
8496,48182,42667,58892,149741,48182,42667,58892,149741,299482,
7565,2793,3292,1276,7361,2793,3292,1276,7361,14722,
7259,1199,1838,277,3314,1199,1838,277,3314,6628,
9938,16231,23103,14723,54057,16231,23103,14723,54057,108114,
7200,19818,19741,11139,50698,19818,19741,11139,50698,101396,
5875,36897,47849,36559,121305,36897,47849,36559,121305,242610,
2045,337,46,140,523,337,46,140,523,1046,
2779,16079,51755,39747,107581,16079,51755,39747,107581,215162,
9251,29,22,0,51,29,22,0,51,102,
5552,221850,172108,326195,720153,221850,172108,326195,720153,1440306,
6872,333170,265450,752379,1350999,333170,265450,752379,1350999,2701998,
1560,8694,7048,7407,23149,8694,7048,7407,23149,46298,
9889,52215,40931,30962,124108,52215,40931,30962,124108,248216,
8823,2017,846,0,2863,2017,846,0,2863,5726,
3809,268648,274063,230838,773549,268648,274063,230838,773549,1547098,41576.7149
9789,97217,116451,94925,308593,97217,116451,94925,308593,617186,
3449,38586,87339,17251,143176,38586,87339,17251,143176,286352,
8049,75389,99880,30644,205913,75389,99880,30644,205913,411826,128.9742
2554,11002,2197,4484,17683,11002,2197,4484,17683,35366,
6464,378,19,0,397,378,19,0,397,794,
8514,42128,82934,49456,174518,42128,82934,49456,174518,349036,
5268,1139498,4568538,2385476,8093512,1139498,4568538,2385476,8093512,16187024,1940556.2166
6810,64845,89654,144984,299483,64845,89654,144984,299483,598966,
2603,6695,22243,8970,37908,6695,22243,8970,37908,75816,
3230,289874,621190,216585,1127649,289874,621190,216585,1127649,2255298,765091.296200001
3231,1145411,2486366,917907,4549684,1145411,2486366,917907,4549684,9099368,1386663.7888
4012,4226,222,1085,5533,4226,222,1085,5533,11066,
7932,245,5,195,445,245,5,195,445,890,
4187,10602,2086,2711,15399,10602,2086,2711,15399,30798,
5081,106246,127119,215059,448424,106246,127119,215059,448424,896848,
2240,67071,201508,48110,316689,67071,201508,48110,316689,633378,
2892,14188,35813,24624,74625,14188,35813,24624,74625,149250,
5006,40295,154229,83701,278225,40295,154229,83701,278225,556450,
5886,90874,189451,292376,572701,90874,189451,292376,572701,1145402,249349.7892
8429,8485,11023,5222,24730,8485,11023,5222,24730,49460,
5404,367819,674531,768705,1811055,367819,674531,768705,1811055,3622110,
2190,136701,200916,74230,411847,136701,200916,74230,411847,823694,
2191,69263,85541,38141,192945,69263,85541,38141,192945,385890,
2697,34106,68597,87798,190501,34106,68597,87798,190501,381002,
5096,46015,42874,228642,317531,46015,42874,228642,317531,635062,
5064,646623,967039,1393233,3006895,646623,967039,1393233,3006895,6013790,730650.819999999
4715,85552,44060,140301,269913,85552,44060,140301,269913,539826,
1437,179211,370527,573873,1123611,179211,370527,573873,1123611,2247222,
1438,111890,151410,426256,689556,111890,151410,426256,689556,1379112,
6074,30219,23022,57043,110284,30219,23022,57043,110284,220568,
5687,119387,94804,256161,470352,119387,94804,256161,470352,940704,56896.2782
4175,434,127,249,810,434,127,249,810,1620,
8050,408,125,271,804,408,125,271,804,1608,
8618,2201,577,0,2778,2201,577,0,2778,5556,
8051,42030,94141,42056,178227,42030,94141,42056,178227,356454,3363.9104
9023,5700,3667,2223,11590,5700,3667,2223,11590,23180,
6812,180362,265043,357575,802980,180362,265043,357575,802980,1605960,300956.5369
6958,37996,68297,130440,236733,37996,68297,130440,236733,473466,
7289,17075,20025,10177,47277,17075,20025,10177,47277,94554,741.8732
7006,2488,2303,1281,6072,2488,2303,1281,6072,12144,
8807,36387,18719,16985,72091,36387,18719,16985,72091,144182,
3623,145490,181953,126892,454335,145490,181953,126892,454335,908670,
5702,4033,9285,1721,15039,4033,9285,1721,15039,30078,
2222,22966,50609,12639,86214,22966,50609,12639,86214,172428,
7290,9,26,1,36,9,26,1,36,72,
2422,22223,1941,1886,26050,22223,1941,1886,26050,52100,
4182,1411,420,908,2739,1411,420,908,2739,5478,
7501,46476,28091,38058,112625,46476,28091,38058,112625,225250,
3502,25,3160,196,3381,25,3160,196,3381,6762,
4317,3416,1347,0,4763,3416,1347,0,4763,9526,
1865,12523,6178,8329,27030,12523,6178,8329,27030,54060,
7085,6126,7854,14836,28816,6126,7854,14836,28816,57632,
5483,115103,310018,447616,872737,115103,310018,447616,872737,1745474,
8500,114167,131125,33325,278617,114167,131125,33325,278617,557234,
8565,65644,82320,64328,212292,65644,82320,64328,212292,424584,
2945,25114,57656,26376,109146,25114,57656,26376,109146,218292,
1975,4547,2249,1921,8717,4547,2249,1921,8717,17434,
3176,128444,195442,256253,580139,128444,195442,256253,580139,1160278,
6873,23904,34268,70142,128314,23904,34268,70142,128314,256628,
2743,7028,1596,666,9290,7028,1596,666,9290,18580,
2550,49628,12830,7696,70154,49628,12830,7696,70154,140308,29.8407
2549,78073,27091,18580,123744,78073,27091,18580,123744,247488,1.8468
9767,41072,56531,61711,159314,41072,56531,61711,159314,318628,
9107,22551,46034,28520,97105,22551,46034,28520,97105,194210,
2279,27656,58960,18805,105421,27656,58960,18805,105421,210842,
2280,6440,9518,2274,18232,6440,9518,2274,18232,36464,
5927,10744,10696,8367,29807,10744,10696,8367,29807,59614,
6200,1624,971,869,3464,1624,971,869,3464,6928,
1658,100678,183077,66743,350498,100678,183077,66743,350498,700996,7087.8385
7008,88512,145301,49242,283055,88512,145301,49242,283055,566110,256.5591
9791,22915,26437,28066,77418,22915,26437,28066,77418,154836,
6913,80540,104064,172198,356802,80540,104064,172198,356802,713604,
1395,197455,220791,111606,529852,197455,220791,111606,529852,1059704,
1179,20872,31441,40912,93225,20872,31441,40912,93225,186450,
4409,957,669,0,1626,957,669,0,1626,3252,
5324,16243,24607,46962,87812,16243,24607,46962,87812,175624,
2946,28100,99191,17300,144591,28100,99191,17300,144591,289182,
5689,64017,46131,93579,203727,64017,46131,93579,203727,407454,
4124,526,219,0,745,526,219,0,745,1490,
3811,87312,4390,44559,136261,87312,4390,44559,136261,272522,
2536,10292,926,914,12132,10292,926,914,12132,24264,
3812,207740,17968,120050,345758,207740,17968,120050,345758,691516,
4412,13318,9925,0,23243,13318,9925,0,23243,46486,
992,14504,20419,11575,46498,14504,20419,11575,46498,92996,
3680,29213,5054,9608,43875,29213,5054,9608,43875,87750,
1439,129406,202575,304946,636927,129406,202575,304946,636927,1273854,
3562,800,13056,1317,15173,800,13056,1317,15173,30346,
3238,27816,42220,13399,83435,27816,42220,13399,83435,166870,
5682,85582,97528,50115,233225,85582,97528,50115,233225,466450,
3504,13695,94761,31493,139949,13695,94761,31493,139949,279898,
7022,1066944,2177293,1340232,4584469,1066944,2177293,1340232,4584469,9168938,528075.1763
6962,36985,47935,63426,148346,36985,47935,63426,148346,296692,
9768,103727,136178,148795,388700,103727,136178,148795,388700,777400,7855.866
1440,375316,637671,892046,1905033,375316,637671,892046,1905033,3810066,2977.4693
9878,18662,20045,16723,55430,18662,20045,16723,55430,110860,
1659,1173593,2076190,99,3249882,1173593,2076190,99,3249882,6499764,
1129,22378,41681,46547,110606,22378,41681,46547,110606,221212,
1016,38390,67736,16881,123007,38390,67736,16881,123007,246014,
5142,944853,1058854,8006320,10010027,944853,1058854,8006320,10010027,20020054,437274.8515
1441,237299,439184,482461,1158944,237299,439184,482461,1158944,2317888,1627794.4289
5164,120085,264207,137497,521789,120085,264207,137497,521789,1043578,15832.083
5007,192273,593578,274698,1060549,192273,593578,274698,1060549,2121098,106011.4912
7292,3625,3773,1606,9004,3625,3773,1606,9004,18008,
2186,44743,2538,6763,54044,44743,2538,6763,54044,108088,
3542,8660,90084,623,99367,8660,90084,623,99367,198734,
9112,10906,15723,3760,30389,10906,15723,3760,30389,60778,
3815,223927,32989,177647,434563,223927,32989,177647,434563,869126,
3899,2351332,2094146,1373394,5818872,2351332,2094146,1373394,5818872,11637744,1534268.0989
3900,689043,66936,491640,1247619,689043,66936,491640,1247619,2495238,733324.7038
9624,26234,27027,33160,86421,26234,27027,33160,86421,172842,
9969,20940,30271,62302,113513,20940,30271,62302,113513,227026,
9877,12920,19899,16870,49689,12920,19899,16870,49689,99378,
1964,15519,10110,4665,30294,15519,10110,4665,30294,60588,
2118,265358,566377,53408,885143,265358,566377,53408,885143,1770286,319759.913999999
6201,4609,3288,2808,10705,4609,3288,2808,10705,21410,
9702,50902,58500,63481,172883,50902,58500,63481,172883,345766,
4068,115493,68452,33165,217110,115493,68452,33165,217110,434220,9411.4165
9769,22247,27617,21774,71638,22247,27617,21774,71638,143276,
2640,49986,31655,16594,98235,49986,31655,16594,98235,196470,9048.4278
9028,25803,17408,10668,53879,25803,17408,10668,53879,107758,
9897,42238,51738,40332,134308,42238,51738,40332,134308,268616,
1442,138805,211411,61862,412078,138805,211411,61862,412078,824156,
8621,1338,858,31,2227,1338,858,31,2227,4454,
5405,146843,181096,310437,638376,146843,181096,310437,638376,1276752,
5406,105773,145465,198621,449859,105773,145465,198621,449859,899718,
9704,4333,2138,3834,10305,4333,2138,3834,10305,20610,3102.5823
9680,18390,22365,16246,57001,18390,22365,16246,57001,114002,
3098,19561,21131,31399,72091,19561,21131,31399,72091,144182,
5703,11609,81492,23895,116996,11609,81492,23895,116996,233992,32277.8057
8359,65584,103280,100085,268949,65584,103280,100085,268949,537898,10626.5089
2919,14185,44215,16654,75054,14185,44215,16654,75054,150108,
7914,2007,418,0,2425,2007,418,0,2425,4850,
5351,103371,113566,297207,514144,103371,113566,297207,514144,1028288,
5077,84416,80261,307368,472045,84416,80261,307368,472045,944090,71846.5077
5047,158026,220685,569298,948009,158026,220685,569298,948009,1896018,33813.3275
3820,215051,39962,131280,386293,215051,39962,131280,386293,772586,
9795,72622,79300,114892,266814,72622,79300,114892,266814,533628,1690.4808
8232,10687,11861,5342,27890,10687,11861,5342,27890,55780,
3568,168,1104,0,1272,168,1104,0,1272,2544,
2425,4269,281,136,4686,4269,281,136,4686,9372,
6874,252979,321865,598265,1173109,252979,321865,598265,1173109,2346218,
7447,339917,468549,234371,1042837,339917,468549,234371,1042837,2085674,
539,131894,150788,68537,351219,131894,150788,68537,351219,702438,
7469,185785,141426,466047,793258,185785,141426,466047,793258,1586516,
5836,41006,37706,40539,119251,41006,37706,40539,119251,238502,
2762,4638,15309,1638,21585,4638,15309,1638,21585,43170,
5820,21,46,62,129,21,46,62,129,258,
6664,56196,43331,62007,161534,56196,43331,62007,161534,323068,
7051,2541,8518,9762,20821,2541,8518,9762,20821,41642,
5097,8586,11124,18998,38708,8586,11124,18998,38708,77416,
5143,2857638,5830949,10615032,19303619,2857638,5830949,10615032,19303619,38607238,1878741.9258
9911,275524,268876,468901,1013301,275524,268876,468901,1013301,2026602,
3004,29239,65435,41195,135869,29239,65435,41195,135869,271738,
5144,140938,224158,476625,841721,140938,224158,476625,841721,1683442,257504.3351
5008,10417,13093,8964,32474,10417,13093,8964,32474,64948,
2947,4402,3655,10680,18737,4402,3655,10680,18737,37474,
9707,7286,11608,12369,31263,7286,11608,12369,31263,62526,
5199,251284,446751,673445,1371480,251284,446751,673445,1371480,2742960,741.4402
7792,456,83,858,1397,456,83,858,1397,2794,
2870,82079,154317,122076,358472,82079,154317,122076,358472,716944,4394.0793
5352,122915,132204,280499,535618,122915,132204,280499,535618,1071236,
1372,8899,10878,16912,36689,8899,10878,16912,36689,73378,
2764,6507,7638,2257,16402,6507,7638,2257,16402,32804,
6836,701134,893570,2406359,4001063,701134,893570,2406359,4001063,8002126,57011.8969
5098,68789,44791,348667,462247,68789,44791,348667,462247,924494,
4731,254187,577436,114364,945987,254187,577436,114364,945987,1891974,217767.9583
3774,51115,37258,15785,104158,51115,37258,15785,104158,208316,
2573,14551,3251,3323,21125,14551,3251,3323,21125,42250,
5553,97859,61107,147656,306622,97859,61107,147656,306622,613244,
6814,235679,278427,443575,957681,235679,278427,443575,957681,1915362,181529.1225
5582,55202,77527,157495,290224,55202,77527,157495,290224,580448,
5554,60006,56532,129966,246504,60006,56532,129966,246504,493008,
2412,623193,702766,179642,1505601,623193,702766,179642,1505601,3011202,805716.257599998
1130,73480,113624,194539,381643,73480,113624,194539,381643,763286,
6615,209496,417086,122825,749407,209496,417086,122825,749407,1498814,174257.8605
7736,20835,36132,30517,87484,20835,36132,30517,87484,174968,
5200,9014,14947,39743,63704,9014,14947,39743,63704,127408,
5840,323,794,62,1179,323,794,62,1179,2358,
5255,334736,684554,598712,1618002,334736,684554,598712,1618002,3236004,33421.6601
5009,3234,9100,6327,18661,3234,9100,6327,18661,37322,
5296,3546,3330,3632,10508,3546,3330,3632,10508,21016,
6914,166687,215859,363734,746280,166687,215859,363734,746280,1492560,
2823,18203,16201,17978,52382,18203,16201,17978,52382,104764,1315.751
3267,147123,479700,246597,873420,147123,479700,246597,873420,1746840,3431.2742
5353,19976,22047,35990,78013,19976,22047,35990,78013,156026,
4449,21201,10265,4592,36058,21201,10265,4592,36058,72116,
5099,122805,143496,297849,564150,122805,143496,297849,564150,1128300,
5583,142366,145689,197846,485901,142366,145689,197846,485901,971802,
3031,19229,47983,43431,110643,19229,47983,43431,110643,221286,
2745,185289,118558,117109,420956,185289,118558,117109,420956,841912,
546,85175,121295,109760,316230,85175,121295,109760,316230,632460,
5879,66305,101766,56710,224781,66305,101766,56710,224781,449562,
5319,12539,30766,38611,81916,12539,30766,38611,81916,163832,
2556,14512,2565,3153,20230,14512,2565,3153,20230,40460,
8233,22814,1631,11740,36185,22814,1631,11740,36185,72370,1187.2008
4365,29464,14428,18910,62802,29464,14428,18910,62802,125604,
3785,470,418,0,888,470,418,0,888,1776,
5121,447281,574914,1748220,2770415,447281,574914,1748220,2770415,5540830,475.0313
6850,65865,163979,141675,371519,65865,163979,141675,371519,743038,
5555,25816,22739,45074,93629,25816,22739,45074,93629,187258,
2653,3211,601,0,3812,3211,601,0,3812,7624,
5301,68252,71715,90778,230745,68252,71715,90778,230745,461490,
5595,2756012,3960849,5094498,11811359,2756012,3960849,5094498,11811359,23622718,23334118.2284999
6926,115897,189574,385384,690855,115897,189574,385384,690855,1381710,2.2941
4069,3042,1321,210,4573,3042,1321,210,4573,9146,
9792,71885,92726,115128,279739,71885,92726,115128,279739,559478,
4593,595,523,32,1150,595,523,32,1150,2300,
5556,68749,73298,183016,325063,68749,73298,183016,325063,650126,
6274,34785,82838,2278,119901,34785,82838,2278,119901,239802,
9718,13864,20165,14200,48229,13864,20165,14200,48229,96458,
2795,51,52,64,167,51,52,64,167,334,
3202,130298,33240,97467,261005,130298,33240,97467,261005,522010,
2574,70524,43106,62281,175911,70524,43106,62281,175911,351822,
5048,117051,132935,300048,550034,117051,132935,300048,550034,1100068,
4070,7772,4326,0,12098,7772,4326,0,12098,24196,
9855,51694,81533,66127,199354,51694,81533,66127,199354,398708,
9747,10607,11243,6912,28762,10607,11243,6912,28762,57524,
9752,75066,119050,130168,324284,75066,119050,130168,324284,648568,
9762,43747,55288,66905,165940,43747,55288,66905,165940,331880,
5557,84062,96186,119552,299800,84062,96186,119552,299800,599600,
4616,15518,17469,24777,57764,15518,17469,24777,57764,115528,
3828,84767,4092,41524,130383,84767,4092,41524,130383,260766,
6861,309584.854464936,717498.579652997,1118443.91579714,2145527.34991507,309584.854464936,717498.579652997,1118443.91579714,2145527.34991507,4291054.69983014,405823.5707
6853,53606.1455350643,124238.420347003,193664.084202863,371508.650084931,53606.1455350643,124238.420347003,193664.084202863,371508.650084931,743017.300169862,
9882,55558,7559,33004,96121,55558,7559,33004,96121,192242,
6349,18664,1859,6776,27299,18664,1859,6776,27299,54598,
5457,18912,30158,53126,102196,18912,30158,53126,102196,204392,
2562,33442,8419,4212,46073,33442,8419,4212,46073,92146,
4876,10558,11783,9346,31687,10558,11783,9346,31687,63374,84.9114
2451,71568,66149,17170,154887,71568,66149,17170,154887,309774,4771.7969
3005,710,106,240,1056,710,106,240,1056,2112,
7515,1734,255,437,2426,1734,255,437,2426,4852,
1227,44206,58830,36294,139330,44206,58830,36294,139330,278660,
6488,13059,14270,15657,42986,13059,14270,15657,42986,85972,
8708,1247,755,0,2002,1247,755,0,2002,4004,
6393,947,630,317,1894,947,630,317,1894,3788,
8470,27483,11571,38520,77574,27483,11571,38520,77574,155148,
3624,244697,380917,169910,795524,244697,380917,169910,795524,1591048,
2486,8871,6544,3791,19206,8871,6544,3791,19206,38412,
5458,8992,33584,18374,60950,8992,33584,18374,60950,121900,
3019,23793,33879,47314,104986,23793,33879,47314,104986,209972,
5336,3529,2554,16033,22116,3529,2554,16033,22116,44232,
3570,4,20,0,24,4,20,0,24,48,
5821,730,4306,459,5495,730,4306,459,5495,10990,
7504,8427,24070,3675,36172,8427,24070,3675,36172,72344,
1847,20598,70905,24893,116396,20598,70905,24893,116396,232792,772.8687
9627,42769,32381,41622,116772,42769,32381,41622,116772,233544,
2049,9044,394,5595,15033,9044,394,5595,15033,30066,
8824,834,553,0,1387,834,553,0,1387,2774,
8825,4536,1493,0,6029,4536,1493,0,6029,12058,
3905,83206,3397,58313,144916,83206,3397,58313,144916,289832,
1143,29495,61032,89802,180329,29495,61032,89802,180329,360658,
4617,10333,17414,5531,33278,10333,17414,5531,33278,66556,
5896,173519,200130,98945,472594,173519,200130,98945,472594,945188,
8056,24199,38951,44472,107622,24199,38951,44472,107622,215244,
8505,18481,12763,16641,47885,18481,12763,16641,47885,95770,
5408,180852,251758,420693,853303,180852,251758,420693,853303,1706606,
5382,24822,39554,79077,143453,24822,39554,79077,143453,286906,
1030,639627,1422842,757857,2820326,639627,1422842,757857,2820326,5640652,288140.8814
5409,3382,7541,15799,26722,3382,7541,15799,26722,53444,
9185,24331,39960,14515,78806,24331,39960,14515,78806,157612,
4639,68924,137000,136479,342403,68924,137000,136479,342403,684806,
9970,17333,26285,53361,96979,17333,26285,53361,96979,193958,
7579,20114,7994,16821,44929,20114,7994,16821,44929,89858,
3634,26060,14130,9727,49917,26060,14130,9727,49917,99834,3722.2409
5484,199312,418094,394638,1012044,199312,418094,394638,1012044,2024088,5513.451
5100,126143,159722,472923,758788,126143,159722,472923,758788,1517576,
5754,3041,16971,1496,21508,3041,16971,1496,21508,43016,
6837,3028,2725,9166,14919,3028,2725,9166,14919,29838,
2225,49959,84273,58956,193188,49959,84273,58956,193188,386376,
1874,8796,10272,1783,20851,8796,10272,1783,20851,41702,
1243,398812,628476,194569,1221857,398812,628476,194569,1221857,2443714,1233542.96790001
5832,9700,48520,3485,61705,9700,48520,3485,61705,123410,
6007,13354,76057,12516,101927,13354,76057,12516,101927,203854,
8826,3727,3911,0,7638,3727,3911,0,7638,15276,1346.9409
4312,6745,3471,1448,11664,6745,3471,1448,11664,23328,
1519,97075,141929,301152,540156,97075,141929,301152,540156,1080312,
9778,24691,37485,35925,98101,24691,37485,35925,98101,196202,
5078,68678,68377,159728,296783,68678,68377,159728,296783,593566,
7295,32165,53471,11586,97222,32165,53471,11586,97222,194444,
1822,5642,8770,1810,16222,5642,8770,1810,16222,32444,
9628,19880,24151,19572,63603,19880,24151,19572,63603,127206,
8473,75747,73553,77888,227188,75747,73553,77888,227188,454376,
8554,55898,58605,99869,214372,55898,58605,99869,214372,428744,
9814,40496,46095,58483,145074,40496,46095,58483,145074,290148,
9902,37705,2218,18583,58506,37705,2218,18583,58506,117012,
9796,90723,95770,100313,286806,90723,95770,100313,286806,573612,
2313,8438,11428,3287,23153,8438,11428,3287,23153,46306,
7406,75722,117617,124873,318212,75722,117617,124873,318212,636424,
5325,34089,51241,117797,203127,34089,51241,117797,203127,406254,
5233,3560,8636,7455,19651,3560,8636,7455,19651,39302,
6524,2969,8966,2697,14632,2969,8966,2697,14632,29264,
5628,36109,58657,51654,146420,36109,58657,51654,146420,292840,
9943,132653,275353,184171,592177,132653,275353,184171,592177,1184354,
5356,271698,423562,405572,1100832,271698,423562,405572,1100832,2201664,564052.4977
2305,11196,16257,3406,30859,11196,16257,3406,30859,61718,
6008,81654,76501,176704,334859,81654,76501,176704,334859,669718,
3107,5794,4341,15691,25826,5794,4341,15691,25826,51652,
8625,177,60,0,237,177,60,0,237,474,
9721,31632,50362,28528,110522,31632,50362,28528,110522,221044,3991.5332
9121,33292,47036,15082,95410,33292,47036,15082,95410,190820,
9218,14786,9452,7718,31956,14786,9452,7718,31956,63912,
5201,7423,7136,8011,22570,7423,7136,8011,22570,45140,
3981,8553,416,1266,10235,8553,416,1266,10235,20470,
3738,105365,26795,35921,168081,105365,26795,35921,168081,336162,
4147,655,221,0,876,655,221,0,876,1752,
7440,33201,30781,102670,166652,33201,30781,102670,166652,333304,
2777,20076,44808,75007,139891,20076,44808,75007,139891,279782,
9135,41488,46600,46122,134210,41488,46600,46122,134210,268420,
8711,1721,546,0,2267,1721,546,0,2267,4534,
9790,2094,2425,6234,10753,2094,2425,6234,10753,21506,
9415,47349,66994,83005,197348,47349,66994,83005,197348,394696,
9992,103465,126140,173022,402627,103465,126140,173022,402627,805254,114080.5942
9864,32756,45108,81251,159115,32756,45108,81251,159115,318230,
9483,23589,34011,30458,88058,23589,34011,30458,88058,176116,
2077,6298,870,5250,12418,6298,870,5250,12418,24836,
1429,412269,970750,1208010,2591029,412269,970750,1208010,2591029,5182058,
1443,317864,709014,352960,1379838,317864,709014,352960,1379838,2759676,208.0623
1957,12381,9149,4788,26318,12381,9149,4788,26318,52636,
8628,632,454,0,1086,632,454,0,1086,2172,
7915,3373,705,873,4951,3373,705,873,4951,9902,
3797,21073,1039,13042,35154,21073,1039,13042,35154,70308,
4519,1304,1451,775,3530,1304,1451,775,3530,7060,
7877,258898,695067,135698,1089663,258898,695067,135698,1089663,2179326,376071.973799999
6729,2659,1046,2492,6197,2659,1046,2492,6197,12394,
7211,5324,16764,1750,23838,5324,16764,1750,23838,47676,
5101,262226,424050,824901,1511177,262226,424050,824901,1511177,3022354,384124.0735
8420,21288,33529,46423,101240,21288,33529,46423,101240,202480,
2576,66882,52728,35145,154755,66882,52728,35145,154755,309510,
5668,54060,54688,58412,167160,54060,54688,58412,167160,334320,
2770,24518,45549,51271,121338,24518,45549,51271,121338,242676,
3408,27369,161560,64600,253529,27369,161560,64600,253529,507058,
3409,3755,64428,4673,72856,3755,64428,4673,72856,145712,
5011,37998,99213,117398,254609,37998,99213,117398,254609,509218,
5942,3098,4940,4270,12308,3098,4940,4270,12308,24616,
2963,30043.754312689,100951.436770544,44288.9893554718,175284.180438705,30043.754312689,100951.436770544,44288.9893554718,175284.180438705,350568.36087741,
5412,50047.5974025974,84112.3996003996,93294.5934065934,227454.59040959,50047.5974025974,84112.3996003996,93294.5934065934,227454.59040959,454909.180819181,181587.4973
2480,3714,1474,399,5587,3714,1474,399,5587,11174,
8441,11039,10499,24973,46511,11039,10499,24973,46511,93022,
2306,4342,13936,1422,19700,4342,13936,1422,19700,39400,
8432,28522,32635,27361,88518,28522,32635,27361,88518,177036,
3052,45249,37027,69879,152155,45249,37027,69879,152155,304310,
3060,3362,1736,5996,11094,3362,1736,5996,11094,22188,
5421,440821,491575,1035492,1967888,440821,491575,1035492,1967888,3935776,93099.5071
2103,4100,1120,0,5220,4100,1120,0,5220,10440,
2855,27,6,64,97,27,6,64,97,194,
5145,95478,168238,257767,521483,95478,168238,257767,521483,1042966,
1823,487220,924633,271292,1683145,487220,924633,271292,1683145,3366290,566165.210599999
7212,9421,9728,3711,22860,9421,9728,3711,22860,45720,
3579,2197,5315,7427,14939,2197,5315,7427,14939,29878,
8326,157060,393481,251310,801851,157060,393481,251310,801851,1603702,
3030,256084,598493,574163,1428740,256084,598493,574163,1428740,2857480,499305.2322
5753,42489,94025,234797,371311,42489,94025,234797,371311,742622,
5502,2994,1887,3517,8398,2994,1887,3517,8398,16796,
3901,27318,1022,2885,31225,27318,1022,2885,31225,62450,
3830,28952,2680,10630,42262,28952,2680,10630,42262,84524,
3861,11418,734,3093,15245,11418,734,3093,15245,30490,
8632,31728,15644,5001,52373,31728,15644,5001,52373,104746,441.9244
7897,10888,1994,3453,16335,10888,1994,3453,16335,32670,
2893,11066,26139,29905,67110,11066,26139,29905,67110,134220,
2765,11834,34885,41410,88129,11834,34885,41410,88129,176258,
7348,65399,159856,97824,323079,65399,159856,97824,323079,646158,
3588,506,1786,1408,3700,506,1786,1408,3700,7400,
6781,7055,5956,4655,17666,7055,5956,4655,17666,35332,
4188,366,322,72,760,366,322,72,760,1520,
5036,180,48,13823,14051,180,48,13823,14051,28102,
2538,171,83,0,254,171,83,0,254,508,
2452,1488,1076,189,2753,1488,1076,189,2753,5506,
6417,498719,880022,538925,1917666,498719,880022,538925,1917666,3835332,1277993.20869999
5961,67719.9129076537,144061.993941402,22865.2454205519,234647.152269608,67719.9129076537,144061.993941402,22865.2454205519,234647.152269608,469294.304539215,311.4456
5962,18880.0870923463,40164.006058598,6374.7545794481,65418.8477303924,18880.0870923463,40164.006058598,6374.7545794481,65418.8477303924,130837.695460785,
6690,30624,17720,13038,61382,30624,17720,13038,61382,122764,
5357,135761.298701299,228166.969030969,253074.989010989,617003.256743257,135761.298701299,228166.969030969,253074.989010989,617003.256743257,1234006.51348651,112673.4516
5297,6136.1038961039,10312.6313686314,11438.4175824176,27887.1528471529,6136.1038961039,10312.6313686314,11438.4175824176,27887.1528471529,55774.3056943057,
5413,10581,13936,28658,53175,10581,13936,28658,53175,106350,
4525,61642,138442,105996,306080,61642,138442,105996,306080,612160,
2766,620,2317,0,2937,620,2317,0,2937,5874,
5033,111820,229039,111626,452485,111820,229039,111626,452485,904970,176822.6064
6901,13672,24906,34292,72870,13672,24906,34292,72870,145740,
4436,582,222,43,847,582,222,43,847,1694,1397.4151
7055,55819,103183,67335,226337,55819,103183,67335,226337,452674,
3099,20172,17100,24247,61519,20172,17100,24247,61519,123038,
6000,71308,41746,163366,276420,71308,41746,163366,276420,552840,
9317,19954,17297,19527,56778,19954,17297,19527,56778,113556,
8057,29727,55952,40171,125850,29727,55952,40171,125850,251700,
1994,4245,326,1725,6296,4245,326,1725,6296,12592,
4878,135561,46305,77327,259193,135561,46305,77327,259193,518386,60018.3634
6616,38519,26862,14684,80065,38519,26862,14684,80065,160130,
9994,54541,77260,70718,202519,54541,77260,70718,202519,405038,
9967,9005,13563,7443,30011,9005,13563,7443,30011,60022,
9757,37490,57453,58658,153601,37490,57453,58658,153601,307202,
9993,34281,55576,38828,128685,34281,55576,38828,128685,257370,
1040,19535,16006,55296,90837,19535,16006,55296,90837,181674,
1212,28517,58511,96673,183701,28517,58511,96673,183701,367402,
1691,12389,8708,6588,27685,12389,8708,6588,27685,55370,
8681,325,77,0,402,325,77,0,402,804,
9906,19975,20028,12075,52078,19975,20028,12075,52078,104156,
7027,3589,2536,9673,15798,3589,2536,9673,15798,31596,
9866,82346,126441,168978,377765,82346,126441,168978,377765,755530,140236.9835
9868,52716,84457,51448,188621,52716,84457,51448,188621,377242,
9622,20312,23465,14818,58595,20312,23465,14818,58595,117190,
9490,25705,153918,3577,183200,25705,153918,3577,183200,366400,84.0651
5034,2606,4722,6771,14099,2606,4722,6771,14099,28198,
9397,11018,109251,66839,187108,11018,109251,66839,187108,374216,
8713,69560,131501,50968,252029,69560,131501,50968,252029,504058,
5944,3927,5092,3974,12993,3927,5092,3974,12993,25986,
8682,361,31,0,392,361,31,0,392,784,
9039,242980,493812,108451,845243,242980,493812,108451,845243,1690486,61217.9346
9186,78772,116381,95222,290375,78772,116381,95222,290375,580750,
9187,29290,35410,38360,103060,29290,35410,38360,103060,206120,
8763,5980,7596,355,13931,5980,7596,355,13931,27862,
9492,14500,22150,14766,51416,14500,22150,14766,51416,102832,
8642,266,48,0,314,266,48,0,314,628,
7744,151,148,783,1082,151,148,783,1082,2164,
5102,6567,6790,52514,65871,6567,6790,52514,65871,131742,
7745,143332,842515,151008,1136855,143332,842515,151008,1136855,2273710,3475.2997
5282,75249,144057,139280,358586,75249,144057,139280,358586,717172,
8905,226532,63530,89887,379949,226532,63530,89887,379949,759898,
4455,6924,2924,730,10578,6924,2924,730,10578,21156,
7916,31934,33397,9206,74537,31934,33397,9206,74537,149074,
3190,644448,1015838,1006658,2666944,644448,1015838,1006658,2666944,5333888,86051.843
2292,54290,109482,48149,211921,54290,109482,48149,211921,423842,17010.4006
5694,85439,98784,103195,287418,85439,98784,103195,287418,574836,
5584,515931,616330,1715753,2848014,515931,616330,1715753,2848014,5696028,
5414,31978,33017,160980,225975,31978,33017,160980,225975,451950,
4520,2885,11031,1968,15884,2885,11031,1968,15884,31768,
5355,1986916,3337150,5158558,10482624,1986916,3337150,5158558,10482624,20965248,6525942.73149997
2949,39662,74810,54811,169283,39662,74810,54811,169283,338566,
5358,215541,268419,568423,1052383,215541,268419,568423,1052383,2104766,
5234,4444,4816,5637,14897,4444,4816,5637,14897,29794,
8472,28633,32979,45514,107126,28633,32979,45514,107126,214252,
5486,122060,212549,399315,733924,122060,212549,399315,733924,1467848,
9793,116743,171897,205776,494416,116743,171897,205776,494416,988832,
5134,6320,10076,31335,47731,6320,10076,31335,47731,95462,
1901,38228,89687,13963,141878,38228,89687,13963,141878,283756,24281.1581
7471,53657,45955,53675,153287,53657,45955,53675,153287,306574,
5283,30219,49270,90098,169587,30219,49270,90098,169587,339174,
5448,178239,871404,744797,1794440,178239,871404,744797,1794440,3588880,26137.9702
3795,56053,1679,24936,82668,56053,1679,24936,82668,165336,
9894,54126,63482,108535,226143,54126,63482,108535,226143,452286,
2128,86732,98431,49620,234783,86732,98431,49620,234783,469566,
5899,209537,277358,279189,766084,209537,277358,279189,766084,1532168,181454.117
8114,518,163,42,723,518,163,42,723,1446,
5566,179564,240082,168237,587883,179564,240082,168237,587883,1175766,49123.6330000001
9915,91275,14665,21538,127478,91275,14665,21538,127478,254956,
2950,17696,33122,22973,73791,17696,33122,22973,73791,147582,
7370,285,91,589,965,285,91,589,965,1930,
2227,13616,52225,12690,78531,13616,52225,12690,78531,157062,
2824,11281,21449,691,33421,11281,21449,691,33421,66842,
5056,62911,71664,128220,262795,62911,71664,128220,262795,525590,
5473,14933,32798,39323,87054,14933,32798,39323,87054,174108,115185.8218
5359,23980,47782,99297,171059,23980,47782,99297,171059,342118,93511.833
2169,30306,31583,9486,71375,30306,31583,9486,71375,142750,13198.8277
9328,2207974,5432863,1799005,9439842,2207974,5432863,1799005,9439842,18879684,1191444.6094
9395,170345,113980,124049,408374,170345,113980,124049,408374,816748,
6941,197261,337083,654044,1188388,197261,337083,654044,1188388,2376776,20899.7176
5642,43842,43635,64183,151660,43842,43635,64183,151660,303320,18621.665
5822,452,9611,4968,15031,452,9611,4968,15031,30062,
5669,324018,386772,337436,1048226,324018,386772,337436,1048226,2096452,
7918,1211,397,2086,3694,1211,397,2086,3694,7388,
5246,190693,297645,862453,1350791,190693,297645,862453,1350791,2701582,36925.1369
8977,55014,88939,17209,161162,55014,88939,17209,161162,322324,
2121,95364,8104,15887,119355,95364,8104,15887,119355,238710,1210.6831
5049,99547,100422,331544,531513,99547,100422,331544,531513,1063026,
5135,114612,112328,403063,630003,114612,112328,403063,630003,1260006,
7349,15523,13315,10903,39741,15523,13315,10903,39741,79482,
6667,21706,22227,19128,63061,21706,22227,19128,63061,126122,
6832,18771,18680,48822,86273,18771,18680,48822,86273,172546,
1542,330999,542617,743614,1617230,330999,542617,743614,1617230,3234460,
5103,259948,286711,582502,1129161,259948,286711,582502,1129161,2258322,
6238,27,9,0,36,27,9,0,36,72,
7068,199839,341839,397535,939213,199839,341839,397535,939213,1878426,345199.9516
7473,27334,12739,16879,56952,27334,12739,16879,56952,113904,
5257,46606,86426,64383,197415,46606,86426,64383,197415,394830,4201.5639
6010,128324,141267,375408,644999,128324,141267,375408,644999,1289998,10809.7991
6815,113739,191443,216745,521927,113739,191443,216745,521927,1043854,
6959,149938,237483,414987,802408,149938,237483,414987,802408,1604816,
2747,2216,3985,1548,7749,2216,3985,1548,7749,15498,
5360,500063,520155,850158,1870376,500063,520155,850158,1870376,3740752,199871.8469
5361,16009,9775,15901,41685,16009,9775,15901,41685,83370,
1041,68957,115729,213737,398423,68957,115729,213737,398423,796846,
5459,11467,15717,40775,67959,11467,15717,40775,67959,135918,
5104,70853,111937,193339,376129,70853,111937,193339,376129,752258,
5558,131307,132944,288041,552292,131307,132944,288041,552292,1104584,
6004,73878,44377,142477,260732,73878,44377,142477,260732,521464,
5217,15195,34173,59908,109276,15195,34173,59908,109276,218552,
1444,2725608,10736783,5687212,19149603,2725608,10736783,5687212,19149603,38299206,3364632.60600001
2080,16107,8284,4688,29079,16107,8284,4688,29079,58158,
4740,23305,80097,25693,129095,23305,80097,25693,129095,258190,158.1355
5415,80339,60806,89739,230884,80339,60806,89739,230884,461768,
5586,164036,187729,256679,608444,164036,187729,256679,608444,1216888,
5755,128981,661304,145472,935757,128981,661304,145472,935757,1871514,167240.6518
3410,149874,966210,84554,1200638,149874,966210,84554,1200638,2401276,860484.5867
3414,10943,44266,42890,98099,10943,44266,42890,98099,196198,
9914,185624,309339,189759,684722,185624,309339,189759,684722,1369444,
5756,49611,311256,75331,436198,49611,311256,75331,436198,872396,
5760,1778,6877,1074,9729,1778,6877,1074,9729,19458,
5065,13230,14778,46123,74131,13230,14778,46123,74131,148262,
4416,14260,6956,849,22065,14260,6956,849,22065,44130,
2780,2417,5396,4032,11845,2417,5396,4032,11845,23690,
9452,5812,10165,4928,20905,5812,10165,4928,20905,41810,
3873,11294,506,8171,19971,11294,506,8171,19971,39942,
5137,127633,112624,287591,527848,127633,112624,287591,527848,1055696,
9930,79543,114461,60421,254425,79543,114461,60421,254425,508850,31467.8782
9931,122309,203081,156515,481905,122309,203081,156515,481905,963810,4928.7812
8726,82,40,0,122,82,40,0,122,244,
5337,134109,381775,109277,625161,134109,381775,109277,625161,1250322,
3508,2865,40456,8450,51771,2865,40456,8450,51771,103542,
3591,8828,68266,25311,102405,8828,68266,25311,102405,204810,
6875,7170,6476,26519,40165,7170,6476,26519,40165,80330,
5900,255125,331323,246668,833116,255125,331323,246668,833116,1666232,161296.1517
5521,385525.105623326,440827.994644451,603497.093127046,1429850.19339482,385525.105623326,440827.994644451,603497.093127046,1429850.19339482,2859700.38678965,3278.1571
5688,83354.8943766736,95312.005355549,130482.906872954,309149.806605177,83354.8943766736,95312.005355549,130482.906872954,309149.806605177,618299.613210354,
5643,112020,109374,202223,423617,112020,109374,202223,423617,847234,
5545,215844,242003,338890,796737,215844,242003,338890,796737,1593474,269.0954
5105,14533,23116,57110,94759,14533,23116,57110,94759,189518,
2811,3565,13486,4819,21870,3565,13486,4819,21870,43740,
577,335471,265491,1919460,2520422,335471,265491,1919460,2520422,5040844,181883.1347
9245,7900,9571,3704,21175,7900,9571,3704,21175,42350,
5167,104357,233563,384319,722239,104357,233563,384319,722239,1444478,26335.4604
5493,1088,543,4971,6602,1088,543,4971,6602,13204,
2126,121141,156545,117163,394849,121141,156545,117163,394849,789698,
8637,1693,1183,737,3613,1693,1183,737,3613,7226,
8544,18591,19511,2624,40726,18591,19511,2624,40726,81452,
7214,29779,58138,17464,105381,29779,58138,17464,105381,210762,
5559,503791,596943,840328,1941062,503791,596943,840328,1941062,3882124,
7490,1950254,1625671,4845402,8421327,1950254,1625671,4845402,8421327,16842654,458517.1128
5808,8181,18670,6628,33479,8181,18670,6628,33479,66958,
1377,1848,4068,4718,10634,1848,4068,4718,10634,21268,
3862,10170,474,1330,11974,10170,474,1330,11974,23948,
8061,13431,2995,8756,25182,13431,2995,8756,25182,50364,
4074,5144,2142,3067,10353,5144,2142,3067,10353,20706,
4066,852,432,0,1284,852,432,0,1284,2568,
8062,33100,22154,5176,60430,33100,22154,5176,60430,120860,
3235,182474,68190,175461,426125,182474,68190,175461,426125,852250,
1445,168735,256144,434419,859298,168735,256144,434419,859298,1718596,
6119,584163,942400,1688572,3215135,584163,942400,1688572,3215135,6430270,1141707.2904
3012,571,117,297,985,571,117,297,985,1970,
5261,9684,12002,15754,37440,9684,12002,15754,37440,74880,
5284,15645,25980,14939,56564,15645,25980,14939,56564,113128,
6680,2814,3222,0,6036,2814,3222,0,6036,12072,
4076,2587,15173,0,17760,2587,15173,0,17760,35520,
6351,4474,520,1989,6983,4474,520,1989,6983,13966,
8583,36651,49760,28394,114805,36651,49760,28394,114805,229610,327.1443
4503,164677,192696,317768,675141,164677,192696,317768,675141,1350282,
5522,192289,259368,432511,884168,192289,259368,432511,884168,1768336,10888.1446
2026,3283,1265,2571,7119,3283,1265,2571,7119,14238,
2513,66713,47289,21339,135341,66713,47289,21339,135341,270682,
1532,96842,204518,358195,659555,96842,204518,358195,659555,1319110,
2935,10360,16562,14495,41417,10360,16562,14495,41417,82834,
2786,15919,47473,35333,98725,15919,47473,35333,98725,197450,
5035,90059,224931,203795,518785,90059,224931,203795,518785,1037570,2054.2994
5027,27194,62598,68194,157986,27194,62598,68194,157986,315972,
5258,14494,26470,19728,60692,14494,26470,19728,60692,121384,102004.5959
6876,189967,371120,640576,1201663,189967,371120,640576,1201663,2403326,
5362,432004,758676,1052918,2243598,432004,758676,1052918,2243598,4487196,
2354,147971,375345,177476,700792,147971,375345,177476,700792,1401584,
8638,19842,32989,6313,59144,19842,32989,6313,59144,118288,
8639,801,243,0,1044,801,243,0,1044,2088,
9675,16990,25944,19112,62046,16990,25944,19112,62046,124092,
8827,23424,44354,0,67778,23424,44354,0,67778,135556,457.8476
1042,56953,99509,136131,292593,56953,99509,136131,292593,585186,
2046,12109,404,1019,13532,12109,404,1019,13532,27064,
7029,10232,10620,23135,43987,10232,10620,23135,43987,87974,
5218,6034,12577,36921,55532,6034,12577,36921,55532,111064,
5509,269106,402003,105090,776199,269106,402003,105090,776199,1552398,67083.4563
2355,90203,173321,94120,357644,90203,173321,94120,357644,715288,
3344,8293,7086,4201,19580,8293,7086,4201,19580,39160,
5683,48612,35594,28923,113129,48612,35594,28923,113129,226258,
6854,16077,37212,34324,87613,16077,37212,34324,87613,175226,
8556,72521,55746,59353,187620,72521,55746,59353,187620,375240,
2284,29455,25809,12100,67364,29455,25809,12100,67364,134728,
5707,25946,42576,7598,76120,25946,42576,7598,76120,152240,41.4842
5587,59217,58077,113312,230606,59217,58077,113312,230606,461212,
2952,2241,5925,2202,10368,2241,5925,2202,10368,20736,
3144,16397,18032,43537,77966,16397,18032,43537,77966,155932,
6465,558,5,1,564,558,5,1,564,1128,3.0831
6424,30729,31450,12898,75077,30729,31450,12898,75077,150154,44.7511
9971,1274,1234,333,2841,1274,1234,333,2841,5682,
8474,99728,104375,101394,305497,99728,104375,101394,305497,610994,
2654,9692,1037,10,10739,9692,1037,10,10739,21478,
9904,60143,83452,135316,278911,60143,83452,135316,278911,557822,
9979,32769,53075,40997,126841,32769,53075,40997,126841,253682,
2104,5821,1747,0,7568,5821,1747,0,7568,15136,
1559,13731,9477,24583,47791,13731,9477,24583,47791,95582,
2335,35140,75788,40545,151473,35140,75788,40545,151473,302946,
9723,18203,34986,17825,71014,18203,34986,17825,71014,142028,
3961,8597,369,610,9576,8597,369,610,9576,19152,
4148,326,302,0,628,326,302,0,628,1256,
8640,2184,508,0,2692,2184,508,0,2692,5384,
2397,12882,20586,12843,46311,12882,20586,12843,46311,92622,
2953,36666,63424,45569,145659,36666,63424,45569,145659,291318,
5416,4744376,2175865,756287,7676528,4744376,2175865,756287,7676528,15353056,1160927.2465
8641,704,249,0,953,704,249,0,953,1906,
3051,196079,172463,266792,635334,196079,172463,266792,635334,1270668,67119.4084
6877,244285,283435,765851,1293571,244285,283435,765851,1293571,2587142,7465.6084
9794,48426,64601,64358,177385,48426,64601,64358,177385,354770,
2655,5337,533,209,6079,5337,533,209,6079,12158,
8117,8495,10301,6206,25002,8495,10301,6206,25002,50004,350.2073
4022,997,80,651,1728,997,80,651,1728,3456,
5796,42642,123632,37959,204233,42642,123632,37959,204233,408466,
5169,251187,438287,514730,1204204,251187,438287,514730,1204204,2408408,321607.3003
9956,12349,20577,16524,49450,12349,20577,16524,49450,98900,
5363,193450,259457,518854,971761,193450,259457,518854,971761,1943522,
9501,20982,35277,10777,67036,20982,35277,10777,67036,134072,
7921,1582,374,3641,5597,1582,374,3641,5597,11194,
2454,837,584,223,1644,837,584,223,1644,3288,
9813,3118643,5515932,4957935,13592510,3118643,5515932,4957935,13592510,27185020,3223808.14919999
9950,1753152,4210335,2262513,8226000,1753152,4210335,2262513,8226000,16452000,1553424.5624
8360,26264,48490,15329,90083,26264,48490,15329,90083,180166,
2301,4941,6716,13105,24762,4941,6716,13105,24762,49524,
8715,8917,11466,1418,21801,8917,11466,1418,21801,43602,
8828,2139,1984,0,4123,2139,1984,0,4123,8246,
9503,39586,50679,61593,151858,39586,50679,61593,151858,303716,
9301,11281,14336,4836,30453,11281,14336,4836,30453,60906,
2895,58095,195973,195350,449418,58095,195973,195350,449418,898836,
4760,173287,412412,66176,651875,173287,412412,66176,651875,1303750,60205.5074
5338,7129,15453,11011,33593,7129,15453,11011,33593,67186,
4457,52528,41584,12925,107037,52528,41584,12925,107037,214074,
5629,176873,163703,318299,658875,176873,163703,318299,658875,1317750,
2948,5513,21085,8309,34907,5513,21085,8309,34907,69814,
5474,7221,13902,17386,38509,7221,13902,17386,38509,77018,
8284,7710,11866,7323,26899,7710,11866,7323,26899,53798,
9096,30,6,20,56,30,6,20,56,112,
8643,2644,1131,0,3775,2644,1131,0,3775,7550,
5298,6161,13303,10181,29645,6161,13303,10181,29645,59290,
6878,225648,345822,623324,1194794,225648,345822,623324,1194794,2389588,
8025,44530,69566,22326,136422,44530,69566,22326,136422,272844,1213.3873
1220,7327,7719,3335,18381,7327,7719,3335,18381,36762,
6028,108915,113052,336477,558444,108915,113052,336477,558444,1116888,
3033,29743,91526,72679,193948,29743,91526,72679,193948,387896,
5272,55961,106810,111778,274549,55961,106810,111778,274549,549098,
2962,8984,38833,16516,64333,8984,38833,16516,64333,128666,
1409,264729,428084,684794,1377607,264729,428084,684794,1377607,2755214,1088522.3446
9635,77350,84807,72842,234999,77350,84807,72842,234999,469998,
4131,13167,8054,20901,42122,13167,8054,20901,42122,84244,
6206,7767,699,1522,9988,7767,699,1522,9988,19976,
6029,39634,41383,88847,169864,39634,41383,88847,169864,339728,
1965,34624,30948,8526,74098,34624,30948,8526,74098,148196,
3839,58558,2912,23505,84975,58558,2912,23505,84975,169950,7988.46
6469,89430,330656,156054,576140,89430,330656,156054,576140,1152280,210907.0477
5514,18887,33751,65903,118541,18887,33751,65903,118541,237082,
1132,51284,79194,185017,315495,51284,79194,185017,315495,630990,
5172,219981,463790,639346,1323117,219981,463790,639346,1323117,2646234,65872.4229
7443,459929,470373,615290,1545592,459929,470373,615290,1545592,3091184,72816.7709
7922,2505,359,5,2869,2505,359,5,2869,5738,
6855,6254,8629,18342,33225,6254,8629,18342,33225,66450,
7032,11511,9150,34581,55242,11511,9150,34581,55242,110484,
6275,3863,490,332,4685,3863,490,332,4685,9370,
4892,89380,86283,81726,257389,89380,86283,81726,257389,514778,406.6617
1463,70259,73855,126825,270939,70259,73855,126825,270939,541878,
7328,45093,164203,21491,230787,45093,164203,21491,230787,461574,138.7829
2218,126933,114069,91722,332724,126933,114069,91722,332724,665448,
1996,2497,125,1048,3670,2497,125,1048,3670,7340,
2325,27289,26776,32105,86170,27289,26776,32105,86170,172340,
9725,17219,30157,14098,61474,17219,30157,14098,61474,122948,
2900,23371,78665,63498,165534,23371,78665,63498,165534,331068,
3136,32078,41272,21979,95329,32078,41272,21979,95329,190658,
5138,81635,140273,366983,588891,81635,140273,366983,588891,1177782,
9681,53667,71423,74129,199219,53667,71423,74129,199219,398438,650.912
9682,74252,87852,118678,280782,74252,87852,118678,280782,561564,
5146,354569,505473,912615,1772657,354569,505473,912615,1772657,3545314,
9610,3930,14535,242,18707,3930,14535,242,18707,37414,
6276,1527,230,240,1997,1527,230,240,1997,3994,
6280,68366,138211,12684,219261,68366,138211,12684,219261,438522,7930.3612
2825,13381,13685,596,27662,13381,13685,596,27662,55324,
8155,4682,699,2807,8188,4682,699,2807,8188,16376,
5139,181996,257974,534332,974302,181996,257974,534332,974302,1948604,847300.3094
2955,22400,54916,49784,127100,22400,54916,49784,127100,254200,9037.0421
5631,1050708,1633674,1293874,3978256,1050708,1633674,1293874,3978256,7956512,1040453.047
8567,157191,198585,211504,567280,157191,198585,211504,567280,1134560,
5588,296862,241363,495840,1034065,296862,241363,495840,1034065,2068130,
3563,1072,22985,1997,26054,1072,22985,1997,26054,52108,
7299,3888,3693,1619,9200,3888,3693,1619,9200,18400,
4300,17092,891,710,18693,17092,891,710,18693,37386,
7930,9198,789,963,10950,9198,789,963,10950,21900,
6281,6787,6513,2811,16111,6787,6513,2811,16111,32222,126.742
5364,84652,92243,268264,445159,84652,92243,268264,445159,890318,
6977,424485,846401,969824,2240710,424485,846401,969824,2240710,4481420,482263.6314
6867,173009,229345,502311,904665,173009,229345,502311,904665,1809330,740541.2324
6978,142082,291906,219504,653492,142082,291906,219504,653492,1306984,527.8541
3053,80861,91220,165701,337782,80861,91220,165701,337782,675564,
7300,1971,2195,665,4831,1971,2195,665,4831,9662,
2896,29124,89303,78119,196546,29124,89303,78119,196546,393092,
6075,47179,67006,76620,190805,47179,67006,76620,190805,381610,
2585,5851,15754,6695,28300,5851,15754,6695,28300,56600,
1022,210220,377619,185888,773727,210220,377619,185888,773727,1547454,
4577,32629,23488,177119,233236,32629,23488,177119,233236,466472,
9810,81976,102626,100091,284693,81976,102626,100091,284693,569386,
2845,17504,37913,26442,81859,17504,37913,26442,81859,163718,
7266,14139,24931,3105,42175,14139,24931,3105,42175,84350,
2295,9768,29031,9570,48369,9768,29031,9570,48369,96738,
8411,230326,430595,294654,955575,230326,430595,294654,955575,1911150,43351.9475
4521,40104,58712,78173,176989,40104,58712,78173,176989,353978,
2572,17803,24670,21685,64158,17803,24670,21685,64158,128316,
2229,24667,70487,24874,120028,24667,70487,24874,120028,240056,
5173,7110,7903,7549,22562,7110,7903,7549,22562,45124,
7568,9742,21316,4409,35467,9742,21316,4409,35467,70934,
5037,6638,15027,25070,46735,6638,15027,25070,46735,93470,
5947,18643,12722,31671,63036,18643,12722,31671,63036,126072,
9726,107705,193881,144528,446114,107705,193881,144528,446114,892228,5919.9957
9727,122162,166914,153567,442643,122162,166914,153567,442643,885286,
8241,4396,5260,2920,12576,4396,5260,2920,12576,25152,
5450,56748,134576,95494,286818,56748,134576,95494,286818,573636,71292.0495
1413,290836,509497,558609,1358942,290836,509497,558609,1358942,2717884,
5560,134272,148570,307022,589864,134272,148570,307022,589864,1179728,
5561,228217,356093,534838,1119148,228217,356093,534838,1119148,2238296,
5589,114768,141054,196153,451975,114768,141054,196153,451975,903950,
1033,14960,18226,28042,61228,14960,18226,28042,61228,122456,
1145,21734,34810,64033,120577,21734,34810,64033,120577,241154,
5940,26898,32196,14584,73678,26898,32196,14584,73678,147356,
3007,22565,27873,35904,86342,22565,27873,35904,86342,172684,
2767,44130,40745,35668,120543,44130,40745,35668,120543,241086,
3191,53489,59759,100657,213905,53489,59759,100657,213905,427810,
2557,7194,1414,1292,9900,7194,1414,1292,9900,19800,
4458,22651,5471,29669,57791,22651,5471,29669,57791,115582,
1521,80082,128182,239877,448141,80082,128182,239877,448141,896282,
7374,703,199,894,1796,703,199,894,1796,3592,
1533,28853,58248,72807,159908,28853,58248,72807,159908,319816,
6804,26359,20698,46543,93600,26359,20698,46543,93600,187200,
6827,232632,319830,292500,844962,232632,319830,292500,844962,1689924,
6879,275077,402805,750904,1428786,275077,402805,750904,1428786,2857572,
1543,226297,524271,812464,1563032,226297,524271,812464,1563032,3126064,855.251
5140,8775,9471,19389,37635,8775,9471,19389,37635,75270,
6012,92858,110177,358282,561317,92858,110177,358282,561317,1122634,
7401,95847,180977,201006,477830,95847,180977,201006,477830,955660,
2027,5965,2066,4339,12370,5965,2066,4339,12370,24740,
8213,202320,347494,130919,680733,202320,347494,130919,680733,1361466,233.8656
1397,352592,690628,293459,1336679,352592,690628,293459,1336679,2673358,317714.6731
598,305207,317744,82360,705311,305207,317744,82360,705311,1410622,
2230,34574,63044,11670,109288,34574,63044,11670,109288,218576,
4579,2793,256,9774,12823,2793,256,9774,12823,25646,
8009,117363,111671,37572,266606,117363,111671,37572,266606,533212,502.8528
9246,2403,3728,2578,8709,2403,3728,2578,8709,17418,
6902,15544,21656,7722,44922,15544,21656,7722,44922,89844,
6905,12801,24476,40895,78172,12801,24476,40895,78172,156344,
5633,133541,279782,437101,850424,133541,279782,437101,850424,1700848,101122.0749
5489,79712,200499,356455,636666,79712,200499,356455,636666,1273332,
5219,131603,507527,370416,1009546,131603,507527,370416,1009546,2019092,35877.1438
1398,79022,251611,95637,426270,79022,251611,95637,426270,852540,
6070,320968,416208,310357,1047533,320968,416208,310357,1047533,2095066,
6528,14329,18960,18220,51509,14329,18960,18220,51509,103018,2452.1124
6845,24559,29970,145272,199801,24559,29970,145272,199801,399602,
2826,14061,14736,1528,30325,14061,14736,1528,30325,60650,
2604,4435,17395,5670,27500,4435,17395,5670,27500,55000,
4594,4720,2848,12472,20040,4720,2848,12472,20040,40080,
5532,284382,439298,352518,1076198,284382,439298,352518,1076198,2152396,318166.1736
6260,102,11,0,113,102,11,0,113,226,
4079,35686,34004,1098,70788,35686,34004,1098,70788,141576,
2428,15840,1690,1548,19078,15840,1690,1548,19078,38156,
2146,1351,1110,250,2711,1351,1110,250,2711,5422,
9634,18632,26198,24524,69354,18632,26198,24524,69354,138708,
7569,6524,8145,2831,17500,6524,8145,2831,17500,35000,
5289,48717,38270,141136,228123,48717,38270,141136,228123,456246,
3186,336236,553276,435766,1325278,336236,553276,435766,1325278,2650556,104946.254
5050,101864,122807,353181,577852,101864,122807,353181,577852,1155704,
3513,3420,34325,6607,44352,3420,34325,6607,44352,88704,
9419,413062,419589,182499,1015150,413062,419589,182499,1015150,2030300,548876.258299998
5490,298052,715966,1155596,2169614,298052,715966,1155596,2169614,4339228,565753.7241
2768,53077,129188,130017,312282,53077,129188,130017,312282,624564,3337.2367
5220,39119,101527,157040,297686,39119,101527,157040,297686,595372,
8498,68139,68219,32194,168552,68139,68219,32194,168552,337104,
1434,44116,91272,116236,251624,44116,91272,116236,251624,503248,
2860,40578,103717,96346,240641,40578,103717,96346,240641,481282,3762.5589
6283,4978,588,236,5802,4978,588,236,5802,11604,
3845,109469,4651,61383,175503,109469,4651,61383,175503,351006,
3908,15407,720,4950,21077,15407,720,4950,21077,42154,
2861,62396,144654,120062,327112,62396,144654,120062,327112,654224,
8524,105513,150536,111731,367780,105513,150536,111731,367780,735560,23252.8324
6220,16759,8100,8450,33309,16759,8100,8450,33309,66618,
5893,58186,65331,112634,236151,58186,65331,112634,236151,472302,
1148,23226,41583,20332,85141,23226,41583,20332,85141,170282,
7887,5038,302,1129,6469,5038,302,1129,6469,12938,
9981,101301,197384,297389,596074,101301,197384,297389,596074,1192148,35.6406
9982,1522,2887,2627,7036,1522,2887,2627,7036,14072,
2656,11418,751,271,12440,11418,751,271,12440,24880,130.6144
8647,1825,603,486,2914,1825,603,486,2914,5828,
2149,17727,14364,9885,41976,17727,14364,9885,41976,83952,4997.5913
1391,249828,392529,295911,938268,249828,392529,295911,938268,1876536,31176.9576
1522,91489,113931,285839,491259,91489,113931,285839,491259,982518,
4028,38620,2052,22920,63592,38620,2052,22920,63592,127184,
4524,15439,13194,26349,54982,15439,13194,26349,54982,109964,
3146,75695,157714,130588,363997,75695,157714,130588,363997,727994,
8129,136,0,0,136,136,0,0,136,272,
3607,121021,265689,156249,542959,121021,265689,156249,542959,1085918,48550.1951
5174,43156,104937,238656,386749,43156,104937,238656,386749,773498,
5066,298360,366887,794058,1459305,298360,366887,794058,1459305,2918610,1314237.8803
5590,99004,78045,197327,374376,99004,78045,197327,374376,748752,
6818,84473.4675615213,98402.1332178682,204397.687811215,387273.288590604,84473.4675615213,98402.1332178682,204397.687811215,387273.288590604,774546.577181208,
6085,145949.532438479,170014.866782132,353149.312188785,669113.711409396,145949.532438479,170014.866782132,353149.312188785,669113.711409396,1338227.42281879,583.3255
8067,10683,3315,4178,18176,10683,3315,4178,18176,36352,
2138,13255,8581,4074,25910,13255,8581,4074,25910,51820,
5417,2709,8360,6780,17849,2709,8360,6780,17849,35698,
7766,3189,2067,2403,7659,3189,2067,2403,7659,15318,25234.665
7506,56776,96184,37727,190687,56776,96184,37727,190687,381374,2769.4532
3194,3388,6922,5236,15546,3388,6922,5236,15546,31092,
2691,2421,1734,0,4155,2421,1734,0,4155,8310,
5235,91651,163131,287363,542145,91651,163131,287363,542145,1084290,
9909,96780,96368,82568,275716,96780,96368,82568,275716,551432,
3054,408381,383547,444573,1236501,408381,383547,444573,1236501,2473002,72460.5783
5202,13622,19208,58920,91750,13622,19208,58920,91750,183500,
6919,164701,194712,472856,832269,164701,194712,472856,832269,1664538,
3314,23926,48869,7339,80134,23926,48869,7339,80134,160268,
6009,1732585,3189599,2425365,7347549,1732585,3189599,2425365,7347549,14695098,1766462.8904
2356,46108,104432,40110,190650,46108,104432,40110,190650,381300,
5236,38225,59734,196444,294403,38225,59734,196444,294403,588806,
9983,46373,59590,53230,159193,46373,59590,53230,159193,318386,
9676,26198,28348,53552,108098,26198,28348,53552,108098,216196,
9630,41305,32267,66505,140077,41305,32267,66505,140077,280154,
2231,67019,132828,76117,275964,67019,132828,76117,275964,551928,
5539,63343,33115,47361,143819,63343,33115,47361,143819,287638,8515.1747
5591,37284,38075,110162,185521,37284,38075,110162,185521,371042,
1870,35776,56486,48332,140594,35776,56486,48332,140594,281188,
2398,33322,102228,47406,182956,33322,102228,47406,182956,365912,9953.70840000001
5880,22602,27079,29704,79385,22602,27079,29704,79385,158770,
6086,369171,417423,595522,1382116,369171,417423,595522,1382116,2764232,169674.3585
5107,247639,308691,946162,1502492,247639,308691,946162,1502492,3004984,397406.082
6880,73156,113293,91908,278357,73156,113293,91908,278357,556714,
5141,3900,6514,8859,19273,3900,6514,8859,19273,38546,
1221,35685,26546,18473,80704,35685,26546,18473,80704,161408,
5308,7136,7447,11958,26541,7136,7447,11958,26541,53082,
5941,11772,3458,7108,22338,11772,3458,7108,22338,44676,
2437,33719,80616,4551,118886,33719,80616,4551,118886,237772,581.9473
9738,16118,24934,23028,64080,16118,24934,23028,64080,128160,24548.933
6979,344485,644477,999282,1988244,344485,644477,999282,1988244,3976488,
4794,5026,16247,2621,23894,5026,16247,2621,23894,47788,
5717,30098,116358,43160,189616,30098,116358,43160,189616,379232,6915.9128
8436,9604,7276,8373,25253,9604,7276,8373,25253,50506,
5418,269864,423639,512676,1206179,269864,423639,512676,1206179,2412358,
5523,86583,117335,150027,353945,86583,117335,150027,353945,707890,
2193,218856,7914,35298,262068,218856,7914,35298,262068,524136,60721.9388
2432,10687,1050,2089,13826,10687,1050,2089,13826,27652,
2828,11422,13314,917,25653,11422,13314,917,25653,51306,
4189,431,99,592,1122,431,99,592,1122,2244,
5365,134576,190687,150748,476011,134576,190687,150748,476011,952022,
8212,56790,40712,42465,139967,56790,40712,42465,139967,279934,
6015,112247,117318,360022,589587,112247,117318,360022,589587,1179174,
8499,156830,175322,147965,480117,156830,175322,147965,480117,960234,93.1718
5309,242155,459322,612738,1314215,242155,459322,612738,1314215,2628430,128890.6091
5562,53073,58396,103032,214501,53073,58396,103032,214501,429002,
2105,6695,1393,0,8088,6695,1393,0,8088,16176,
8720,80351,121444,112913,314708,80351,121444,112913,314708,629416,
2399,182,359,259,800,182,359,259,800,1600,
2303,32182,47634,9122,88938,32182,47634,9122,88938,177876,
5563,136795,148728,321930,607453,136795,148728,321930,607453,1214906,3254.1748
5273,185809,498999,515364,1200172,185809,498999,515364,1200172,2400344,474745.080899999
7327,19451,33018,7379,59848,19451,33018,7379,59848,119696,
1563,7308,5777,5954,19039,7308,5777,5954,19039,38078,
8071,13770,16509,17911,48190,13770,16509,17911,48190,96380,
1734,8163,9306,8194,25663,8163,9306,8194,25663,51326,
1023,186895,379928,126586,693409,186895,379928,126586,693409,1386818,
2194,93474,127847,65304,286625,93474,127847,65304,286625,573250,
6221,129,16,150,295,129,16,150,295,590,
1862,40531,18679,13608,72818,40531,18679,13608,72818,145636,
8437,474974,1265650,587726,2328350,474974,1265650,587726,2328350,4656700,401926.7407
8126,224356,663280,191798,1079434,224356,663280,191798,1079434,2158868,65719.6024
2937,2913,4401,4956,12270,2913,4401,4956,12270,24540,
2558,7339,614,990,8943,7339,614,990,8943,17886,
3072,27197,62283,69148,158628,27197,62283,69148,158628,317256,
8098,7137,2778,1430,11345,7137,2778,1430,11345,22690,
6108,186725,332405,323436,842566,186725,332405,323436,842566,1685132,0.0928
8921,23130,14747,9136,47013,23130,14747,9136,47013,94026,
2235,137382,247789,146228,531399,137382,247789,146228,531399,1062798,36134.8435
5463,44620,67654,202793,315067,44620,67654,202793,315067,630134,123566.7925
8099,3872,9494,6339,19705,3872,9494,6339,19705,39410,
2160,78751,417606,78870,575227,78751,417606,78870,575227,1150454,25835.8319
2829,6558,18422,9771,34751,6558,18422,9771,34751,69502,
2959,4361,7903,9705,21969,4361,7903,9705,21969,43938,
6310,9555,4227,3340,17122,9555,4227,3340,17122,34244,
9845,232554,288165,245411,766130,232554,288165,245411,766130,1532260,912820.309799999
6851,10857,10720,34581,56158,10857,10720,34581,56158,112316,
9618,5066,1443,54786,61295,5066,1443,54786,61295,122590,
5495,32857,42185,98365,173407,32857,42185,98365,173407,346814,
6881,511489,1037057,1878611,3427157,511489,1037057,1878611,3427157,6854314,17653.2245
8568,130889,301810,173297,605996,130889,301810,173297,605996,1211992,
9586,280869,341042,167871,789782,280869,341042,167871,789782,1579564,
2236,2339,6140,2621,11100,2339,6140,2621,11100,22200,
2122,217,13,0,230,217,13,0,230,460,
6882,61074,59490,237423,357987,61074,59490,237423,357987,715974,
8922,26426,10628,16507,53561,26426,10628,16507,53561,107122,
8648,12055,2650,2782,17487,12055,2650,2782,17487,34974,
8778,697,180,613,1490,697,180,613,1490,2980,
9136,149007,301318,128646,578971,149007,301318,128646,578971,1157942,72643.9767
9646,9785,11464,12666,33915,9785,11464,12666,33915,67830,
8649,212901,370487,23303,606691,212901,370487,23303,606691,1213382,78009.079
8614,298,47,0,345,298,47,0,345,690,
8924,88729,64626,72572,225927,88729,64626,72572,225927,451854,
7217,348321,723011,602865,1674197,348321,723011,602865,1674197,3348394,555465.9388
2817,31710,48025,40485,120220,31710,48025,40485,120220,240440,
9508,110107,189914,172143,472164,110107,189914,172143,472164,944328,
5592,144715,141971,276581,563267,144715,141971,276581,563267,1126534,
3110,4132,5942,3191,13265,4132,5942,3191,13265,26530,
3170,22577,18790,51699,93066,22577,18790,51699,93066,186132,
3555,4891,27712,7118,39721,4891,27712,7118,39721,79442,
1097,46475,55310,78177,179962,46475,55310,78177,179962,359924,
4081,2254,1354,0,3608,2254,1354,0,3608,7216,
9648,151312,226062,284006,661380,151312,226062,284006,661380,1322760,
9995,49977,64710,51567,166254,49977,64710,51567,166254,332508,
2605,4625,10157,4107,18889,4625,10157,4107,18889,37778,
5038,4419,7481,4298,16198,4419,7481,4298,16198,32396,
8468,272871,357410,183515,813796,272871,357410,183515,813796,1627592,2818.5788
8925,19757,23305,4439,47501,19757,23305,4439,47501,95002,
6838,38984,65232,302089,406305,38984,65232,302089,406305,812610,
1655,12611,15078,20555,48244,12611,15078,20555,48244,96488,
3325,21895,116121,40118,178134,21895,116121,40118,178134,356268,
1384,622,895,1296,2813,622,895,1296,2813,5626,
5678,8046,19587,1831,29464,8046,19587,1831,29464,58928,
5079,2233,2126,5653,10012,2233,2126,5653,10012,20024,
5205,19359,13601,29384,62344,19359,13601,29384,62344,124688,
1976,31098,48205,32992,112295,31098,48205,32992,112295,224590,
5419,47850,51139,140406,239395,47850,51139,140406,239395,478790,
7011,3862,1968,7935,13765,3862,1968,7935,13765,27530,
9816,9624,16697,7523,33844,9624,16697,7523,33844,67688,
1447,81382,159157,205198,445737,81382,159157,205198,445737,891474,
1448,216913,335615,562995,1115523,216913,335615,562995,1115523,2231046,
3092,357344,513149,1774776,2645269,357344,513149,1774776,2645269,5290538,39693.8177999999
5080,96180,101359,220392,417931,96180,101359,220392,417931,835862,880.1945
1553,276438,294102,276894,847434,276438,294102,276894,847434,1694868,
1449,186793,267125,357579,811497,186793,267125,357579,811497,1622994,
1399,103689,214050,188247,505986,103689,214050,188247,505986,1011972,
1966,6005,3526,1062,10593,6005,3526,1062,10593,21186,
1857,83555,207826,218053,509434,83555,207826,218053,509434,1018868,75940.0378
5593,130029,111918,308958,550905,130029,111918,308958,550905,1101810,
5594,128042,192525,175297,495864,128042,192525,175297,495864,991728,
3571,563,1779,928,3270,563,1779,928,3270,6540,
3237,64114,58314,42209,164637,64114,58314,42209,164637,329274,
5108,95508,83834,293312,472654,95508,83834,293312,472654,945308,
4581,135826,238346,381549,755721,135826,238346,381549,755721,1511442,
1229,39589,29933,13044,82566,39589,29933,13044,82566,165132,9638.1488
4132,5814,3566,3255,12635,5814,3566,3255,12635,25270,
1415,82382,205238,533922,821542,82382,205238,533922,821542,1643084,
7516,797,114,0,911,797,114,0,911,1822,
8652,28,3,0,31,28,3,0,31,62,
4083,6442,2142,228,8812,6442,2142,228,8812,17624,
9512,83298,135692,82519,301509,83298,135692,82519,301509,603018,11530.2777
9516,12806,19646,21180,53632,12806,19646,21180,53632,107264,
9960,13626,19244,26389,59259,13626,19244,26389,59259,118518,
9517,122826,180622,220868,524316,122826,180622,220868,524316,1048632,148667.5461
8653,475,70,0,545,475,70,0,545,1090,
3008,14422,50595,19731,84748,14422,50595,19731,84748,169496,
9142,14524,20302,12496,47322,14524,20302,12496,47322,94644,
6121,2312494,8125457,3789279,14227230,2312494,8125457,3789279,14227230,28454460,3583560.7182
1392,90383,97172,146839,334394,90383,97172,146839,334394,668788,
7115,111993,262942,64983,439918,111993,262942,64983,439918,879836,6.9908
1109,100486,146679,298648,545813,100486,146679,298648,545813,1091626,
5823,133,981,1127,2241,133,981,1127,2241,4482,
9817,24561,38693,29811,93065,24561,38693,29811,93065,186130,
4508,6912,8307,8766,23985,6912,8307,8766,23985,47970,
9217,5015,4767,2889,12671,5015,4767,2889,12671,25342,
5565,673703,1010781,1248230,2932714,673703,1010781,1248230,2932714,5865428,
5366,49897,35882,74452,160231,49897,35882,74452,160231,320462,
8655,11196,8069,1212,20477,11196,8069,1212,20477,40954,
3073,5827,20315,12351,38493,5827,20315,12351,38493,76986,
6862,4697,6109,11102,21908,4697,6109,11102,21908,43816,
6527,22861,15869,41933,80663,22861,15869,41933,80663,161326,
2124,155236,519556,200343,875135,155236,519556,200343,875135,1750270,88956.2545
1867,31689,38306,15933,85928,31689,38306,15933,85928,171856,
2057,11254,3503,874,15631,11254,3503,874,15631,31262,
1959,4903,214,3193,8310,4903,214,3193,8310,16620,
9145,140111,262469,97555,500135,140111,262469,97555,500135,1000270,19522.5991
9518,2762,5870,618,9250,2762,5870,618,9250,18500,
2245,144386,215770,136298,496454,144386,215770,136298,496454,992908,33690.1243
2668,67823,27545,27899,123267,67823,27545,27899,123267,246534,36550.516
9771,13573,19963,10622,44158,13573,19963,10622,44158,88316,
9230,9777,8462,4907,23146,9777,8462,4907,23146,46292,
9766,17249,32020,27327,76596,17249,32020,27327,76596,153192,
6466,88,5,0,93,88,5,0,93,186,
6401,13569,7391,10593,31553,13569,7391,10593,31553,63106,
6565,13277,4902,8777,26956,13277,4902,8777,26956,53912,
8214,53579,74230,37845,165654,53579,74230,37845,165654,331308,
6088,78553,65465,131255,275273,78553,65465,131255,275273,550546,
4206,7630,3902,493,12025,7630,3902,493,12025,24050,
5109,34753,52546,96110,183409,34753,52546,96110,183409,366818,
8546,25968,31612,12990,70570,25968,31612,12990,70570,141140,
4228,1563,689,0,2252,1563,689,0,2252,4504,
2848,57338,78492,91249,227079,57338,78492,91249,227079,454158,
8657,14320,19094,0,33414,14320,19094,0,33414,66828,
9149,13858,15525,2736,32119,13858,15525,2736,32119,64238,4710.5687
5057,106650,126720,253022,486392,106650,126720,253022,486392,972784,
7445,289368,197622,462664,949654,289368,197622,462664,949654,1899308,
8658,2302,786,0,3088,2302,786,0,3088,6176,
5504,27155,2417,6211,35783,27155,2417,6211,35783,71566,
7201,56,151,13,220,56,151,13,220,440,
4084,1235,671,0,1906,1235,671,0,1906,3812,
9710,48049,65785,55114,168948,48049,65785,55114,168948,337896,
2685,403943,405698,115745,925386,403943,405698,115745,925386,1850772,321261.555700001
5275,106280,227021,152564,485865,106280,227021,152564,485865,971730,
1017,17109,27643,8484,53236,17109,27643,8484,53236,106472,
9652,8961,13490,11558,34009,8961,13490,11558,34009,68018,
2735,11650,5518,7687,24855,11650,5518,7687,24855,49710,
3171,84364,108582,168124,361070,84364,108582,168124,361070,722140,
4607,21331,24145,37951,83427,21331,24145,37951,83427,166854,
1761,27570,11419,8590,47579,27570,11419,8590,47579,95158,
9818,35124,37839,38996,111959,35124,37839,38996,111959,223918,
2058,8319,3322,735,12376,8319,3322,735,12376,24752,
1871,4874,5704,1082,11660,4874,5704,1082,11660,23320,
5824,109,411,378,898,109,411,378,898,1796,
4595,4480,3628,8498,16606,4480,3628,8498,16606,33212,
9876,95194,165791,124246,385231,95194,165791,124246,385231,770462,
9521,61641,124328,57005,242974,61641,124328,57005,242974,485948,
9728,48279,89562,33511,171352,48279,89562,33511,171352,342704,
8931,14212,14932,17091,46235,14212,14932,17091,46235,92470,
3225,35317,11432,15690,62439,35317,11432,15690,62439,124878,
2669,19636,5059,10532,35227,19636,5059,10532,35227,70454,
2059,5644,605,2350,8599,5644,605,2350,8599,17198,
2339,35985,160762,41675,238422,35985,160762,41675,238422,476844,
1133,35580,54522,131634,221736,35580,54522,131634,221736,443472,
1534,119772,355759,403063,878594,119772,355759,403063,878594,1757188,
7925,1275,318,4118,5711,1275,318,4118,5711,11422,
4597,316507,436297,296165,1048969,316507,436297,296165,1048969,2097938,141436.8444
2237,142381,179735,122743,444859,142381,179735,122743,444859,889718,
5368,304391,274468,473017,1051876,304391,274468,473017,1051876,2103752,67847.2118
4784,25280,47225,20289,92794,25280,47225,20289,92794,185588,23.8653
5110,131907,148503,469712,750122,131907,148503,469712,750122,1500244,
8487,2961094,6127919,4011445,13100458,2961094,6127919,4011445,13100458,26200916,2744425.4908
1947,494654,1383092,520901,2398647,494654,1383092,520901,2398647,4797294,484786.4451
5294,4393,7046,11668,23107,4393,7046,11668,23107,46214,
7446,259932,235884,461268,957084,259932,235884,461268,957084,1914168,
1373,110395,271697,441088,823180,110395,271697,441088,823180,1646360,
3539,133,1023,5,1161,133,1023,5,1161,2322,
3498,1287,52603,0,53890,1287,52603,0,53890,107780,
5111,13935,16291,26648,56874,13935,16291,26648,56874,113748,
9955,89532,200156,121831,411519,89532,200156,121831,411519,823038,
3620,38437,46997,46784,132218,38437,46997,46784,132218,264436,1.5832
6089,230272,258242,296191,784705,230272,258242,296191,784705,1569410,
9188,68500,165730,13799,248029,68500,165730,13799,248029,496058,
2862,37243,140048,59995,237286,37243,140048,59995,237286,474572,
5329,214392,609208,522514,1346114,214392,609208,522514,1346114,2692228,640791.8409
5051,674607,974026,2447149,4095782,674607,974026,2447149,4095782,8191564,1729424.44390001
2710,110709,42102,48332,201143,110709,42102,48332,201143,402286,
7402,87568,150016,238281,475865,87568,150016,238281,475865,951730,
7403,73937,125165,167428,366530,73937,125165,167428,366530,733060,
1177,113329,120093,85797,319219,113329,120093,85797,319219,638438,
1291,56069,136497,264680,457246,56069,136497,264680,457246,914492,65996.3069
1579,949,6412,5731,13092,949,6412,5731,13092,26184,
7491,426549,238700,958529,1623778,426549,238700,958529,1623778,3247556,
6340,299721,393443,111733,804897,299721,393443,111733,804897,1609794,24308.7185
5369,40829,79754,115711,236294,40829,79754,115711,236294,472588,
7305,8965,10051,4304,23320,8965,10051,4304,23320,46640,
9438,155855,264564,148920,569339,155855,264564,148920,569339,1138678,
5634,50969,78974,111108,241051,50969,78974,111108,241051,482102,
3573,11902,112774,43230,167906,11902,112774,43230,167906,335812,63506.4403
5635,27025,43815,44728,115568,27025,43815,44728,115568,231136,
3853,51852,3757,29485,85094,51852,3757,29485,85094,170188,
3066,1463,597,1288,3348,1463,597,1288,3348,6696,
2156,42919,1472,2968,47359,42919,1472,2968,47359,94718,
2661,23698,90569,74200,188467,23698,90569,74200,188467,376934,
5260,66656,244361,207646,518663,66656,244361,207646,518663,1037326,3882.1135
5498,35746,53916,87916,177578,35746,53916,87916,177578,355156,
7072,23892,27900,51506,103298,23892,27900,51506,103298,206596,
2242,1865739.96,3541210.5,1354245.14,6761195.6,1865739.96,3541210.5,1354245.14,6761195.6,13522391.2,407940.9596
2244,392787.36,745518,285104.24,1423409.6,392787.36,745518,285104.24,1423409.6,2846819.2,
2246,1816641.54,3448020.75,1318607.11,6583269.4,1816641.54,3448020.75,1318607.11,6583269.4,13166538.8,813231.1738
9709,184065,120911,65231,370207,184065,120911,65231,370207,740414,366986.984800001
6965,4826209,7206942,17191256,29224407,4826209,7206942,17191256,29224407,58448814,2667382.6109
9371,156381,176073,129691,462145,156381,176073,129691,462145,924290,
9372,49967,55082,38803,143852,49967,55082,38803,143852,287704,
4327,715,306,943,1964,715,306,943,1964,3928,
4356,3393,1586,31,5010,3393,1586,31,5010,10020,
4226,541,257,0,798,541,257,0,798,1596,
4018,34423,907,28316,63646,34423,907,28316,63646,127292,
3844,124311,6792,77822,208925,124311,6792,77822,208925,417850,
4460,1991,742,0,2733,1991,742,0,2733,5466,
4334,406,93,0,499,406,93,0,499,998,
4248,4650,3498,36,8184,4650,3498,36,8184,16368,
4059,5411,3403,0,8814,5411,3403,0,8814,17628,
4227,11490,9894,0,21384,11490,9894,0,21384,42768,
2484,79412,71498,11553,162463,79412,71498,11553,162463,324926,
2485,79868,78639,14339,172846,79868,78639,14339,172846,345692,72144.9507
4247,2171,1561,5,3737,2171,1561,5,3737,7474,
4133,88339,59537,53513,201389,88339,59537,53513,201389,402778,6409.2482
2488,3419,2884,143,6446,3419,2884,143,6446,12892,
2467,4122,3520,1321,8963,4122,3520,1321,8963,17926,
4060,1738,1041,0,2779,1738,1041,0,2779,5558,
4162,891,446,0,1337,891,446,0,1337,2674,
4138,676,297,31,1004,676,297,31,1004,2008,
4207,236,243,0,479,236,243,0,479,958,
9925,26813,20069,23100,69982,26813,20069,23100,69982,139964,
9916,29592,2721,5841,38154,29592,2721,5841,38154,76308,
3847,61798,3239,36899,101936,61798,3239,36899,101936,203872,
2457,5079,3236,492,8807,5079,3236,492,8807,17614,
4223,10018,3178,3808,17004,10018,3178,3808,17004,34008,
9699,77604,40921,28387,146912,77604,40921,28387,146912,293824,
4061,607,498,0,1105,607,498,0,1105,2210,
4163,2761,1677,0,4438,2761,1677,0,4438,8876,
4421,8174,3379,7786,19339,8174,3379,7786,19339,38678,
3852,23663,882,3299,27844,23663,882,3299,27844,55688,
8712,1103,260,0,1363,1103,260,0,1363,2726,
8846,255,34,0,289,255,34,0,289,578,
8829,1067,348,0,1415,1067,348,0,1415,2830,
8830,192,52,0,244,192,52,0,244,488,
9156,9940,15266,5664,30870,9940,15266,5664,30870,61740,
8660,126,74,0,200,126,74,0,200,400,
9655,16978,19660,16381,53019,16978,19660,16381,53019,106038,
9614,16280,67569,3092,86941,16280,67569,3092,86941,173882,
8443,7393,6110,11571,25074,7393,6110,11571,25074,50148,
5148,4177199,6489250,16009109,26675558,4177199,6489250,16009109,26675558,53351116,8568138.09949998
6966,75698,85794,86639,248131,75698,85794,86639,248131,496262,
5281,54883,128988,64700,248571,54883,128988,64700,248571,497142,
5632,69806,53773,134826,258405,69806,53773,134826,258405,516810,
1067,19748,52168,53694,125610,19748,52168,53694,125610,251220,
1829,173761,50336,68515,292612,173761,50336,68515,292612,585224,3207.664
2657,5885,937,0,6822,5885,937,0,6822,13644,5.444
7978,13478,3221,3306,20005,13478,3221,3306,20005,40010,
1110,87699,124609,159284,371592,87699,124609,159284,371592,743184,
5674,1896,128,519,2543,1896,128,519,2543,5086,
5114,39033,85886,140849,265768,39033,85886,140849,265768,531536,
9354,35057,32792,21071,88920,35057,32792,21071,88920,177840,
1305,11066,4754,2794,18614,11066,4754,2794,18614,37228,
1306,17578,7571,3945,29094,17578,7571,3945,29094,58188,
3574,1712,47395,4124,53231,1712,47395,4124,53231,106462,
2307,6593,5255,3842,15690,6593,5255,3842,15690,31380,
2689,12582,2337,4381,19300,12582,2337,4381,19300,38600,
2598,23345,39727,71385,134457,23345,39727,71385,134457,268914,
3517,3342,22369,12750,38461,3342,22369,12750,38461,76922,
1897,161921,347051,113896,622868,161921,347051,113896,622868,1245736,12062.2199
5082,103329,132390,355738,591457,103329,132390,355738,591457,1182914,
6202,15605,3444,3281,22330,15605,3444,3281,22330,44660,
5053,54831,64313,113573,232717,54831,64313,113573,232717,465434,
7268,60178,143420,25985,229583,60178,143420,25985,229583,459166,4129.742
3635,51166,55540,42193,148899,51166,55540,42193,148899,297798,2845.0381
1536,272136,930307,519512,1721955,272136,930307,519512,1721955,3443910,129346.6467
3645,609528,412562,230307,1252397,609528,412562,230307,1252397,2504794,101807.7385
3518,31,683,0,714,31,683,0,714,1428,
4826,45813,24031,9507,79351,45813,24031,9507,79351,158702,
4640,9119,14104,18021,41244,9119,14104,18021,41244,82488,
5892,13572,33462,19948,66982,13572,33462,19948,66982,133964,
5887,34813,63064,17850,115727,34813,63064,17850,115727,231454,
5762,2973,16038,508,19519,2973,16038,508,19519,39038,
5761,6010,33924,7608,47542,6010,33924,7608,47542,95084,
2670,24359,14484,4364,43207,24359,14484,4364,43207,86414,
2871,151162,415201,104283,670646,151162,415201,104283,670646,1341292,8952.3257
4422,37214,27487,478,65179,37214,27487,478,65179,130358,39115.5687
3963,60268,6984,18078,85330,60268,6984,18078,85330,170660,
3962,1105,99,149,1353,1105,99,149,1353,2706,
2155,171565,467813,233349,872727,171565,467813,233349,872727,1745454,
5853,4079,5785,757,10621,4079,5785,757,10621,21242,
3147,424192,761867,876578,2062637,424192,761867,876578,2062637,4125274,485562.2085
5237,27130.5181566042,47615.5208199401,59136.2753705711,133882.314347115,27130.5181566042,47615.5208199401,59136.2753705711,133882.314347115,267764.628694231,23889.9657
5115,136166.978123909,238980.381591757,296802.584758371,671949.944474037,136166.978123909,238980.381591757,296802.584758371,671949.944474037,1343899.88894807,19540.0918
5222,84532.5037194864,148359.097588303,184255.139871058,417146.741178848,84532.5037194864,148359.097588303,184255.139871058,417146.741178848,834293.482357695,42404.3117
5599,44927,51965,204135,301027,44927,51965,204135,301027,602054,
8831,10060,31397,0,41457,10060,31397,0,41457,82914,
8164,40096,66974,40533,147603,40096,66974,40533,147603,295206,
4884,54376,44688,40232,139296,54376,44688,40232,139296,278592,20295.3138999999
2961,354004,1093365,121039,1568408,354004,1093365,121039,1568408,3136816,13856.0396
2966,612644.176238191,2058574.61010558,903129.186775609,3574347.97311938,612644.176238191,2058574.61010558,903129.186775609,3574347.97311938,7148695.94623877,700340.073300001
2968,1984684.49497658,6668832.03806145,2925721.91734583,11579238.4503839,1984684.49497658,6668832.03806145,2925721.91734583,11579238.4503839,23158476.9007677,3062255.2993
2970,587146.57447254,1972898.91506242,865541.906523087,3425587.39605805,587146.57447254,1972898.91506242,865541.906523087,3425587.39605805,6851174.7921161,392280.7455
7165,633,49,767,1449,633,49,767,1449,2898,
6856,89981,195896,260712,546589,89981,195896,260712,546589,1093178,306842.6143
6883,136420,239838,453728,829986,136420,239838,453728,829986,1659972,
2253,57333,73910,37938,169181,57333,73910,37938,169181,338362,
4094,2471,1320,0,3791,2471,1320,0,3791,7582,
7603,1344,265,327,1936,1344,265,327,1936,3872,
1727,66902,89715,18288,174905,66902,89715,18288,174905,349810,
1728,26541,31424,19931,77896,26541,31424,19931,77896,155792,
7166,47865,75194,52064,175123,47865,75194,52064,175123,350246,140.5087
5223,24267,52723,144339,221329,24267,52723,144339,221329,442658,
5018,43193,177749,89045,309987,43193,177749,89045,309987,619974,2132.4305
1909,62108,179881,140360,382349,62108,179881,140360,382349,764698,
6318,7936,20371,2239,30546,7936,20371,2239,30546,61092,
9160,39325,72748,17969,130042,39325,72748,17969,130042,260084,
6863,33113,44946,158522,236581,33113,44946,158522,236581,473162,364642.1923
3021,37218,54393,51351,142962,37218,54393,51351,142962,285924,
2830,39936,89780,89247,218963,39936,89780,89247,218963,437926,
8445,24153,35274,24028,83455,24153,35274,24028,83455,166910,
7928,24640,6755,8145,39540,24640,6755,8145,39540,79080,
1034,43567,95621,152085,291273,43567,95621,152085,291273,582546,
5040,2996,5823,6308,15127,2996,5823,6308,15127,30254,
5692,77358,90692,101069,269119,77358,90692,101069,269119,538238,
7947,3935,400,596,4931,3935,400,596,4931,9862,
9957,12396,16460,12789,41645,12396,16460,12789,41645,83290,
6970,83634,132965,133193,349792,83634,132965,133193,349792,699584,
1475,1458039,3127284,2757251,7342574,1458039,3127284,2757251,7342574,14685148,488656.941799999
1988,27018,10379,14233,51630,27018,10379,14233,51630,103260,
1581,22304,57123,8544,87971,22304,57123,8544,87971,175942,
1582,4647,21607,1069,27323,4647,21607,1069,27323,54646,
2867,34300,109457,27783,171540,34300,109457,27783,171540,343080,
9802,26215,28805,21895,76915,26215,28805,21895,76915,153830,
9529,13176,16361,5914,35451,13176,16361,5914,35451,70902,
5149,118677,147487,201336,467500,118677,147487,201336,467500,935000,
6663,244942,602926,214501,1062369,244942,602926,214501,1062369,2124738,36176.9961
7036,28287,30713,51887,110887,28287,30713,51887,110887,221774,
3346,1964,1214,2862,6040,1964,1214,2862,6040,12080,
7221,9383,14955,7260,31598,9383,14955,7260,31598,63196,
1851,39343,57334,19990,116667,39343,57334,19990,116667,233334,
3576,120,278,764,1162,120,278,764,1162,2324,
8574,74566,103814,110798,289178,74566,103814,110798,289178,578356,
2254,94099,135997,63461,293557,94099,135997,63461,293557,587114,
2357,12358,11790,7713,31861,12358,11790,7713,31861,63722,
5116,24011,46739,79288,150038,24011,46739,79288,150038,300076,
9705,13552,27641,15351,56544,13552,27641,15351,56544,113088,
5475,64355,84415,214175,362945,64355,84415,214175,362945,725890,
3855,164551,14151,62146,240848,164551,14151,62146,240848,481696,
3857,21321,901,1245,23467,21321,901,1245,23467,46934,
6297,24925,4495,21692,51112,24925,4495,21692,51112,102224,
7725,46800,135024,5606,187430,46800,135024,5606,187430,374860,
6707,28835,56901,70491,156227,28835,56901,70491,156227,312454,
5908,11582,16889,42474,70945,11582,16889,42474,70945,141890,
8477,26131,21868,41528,89527,26131,21868,41528,89527,179054,2810.7408
7929,346825,245686,89614,682125,346825,245686,89614,682125,1364250,47567.2676
2971,1113,7373,5300,13786,1113,7373,5300,13786,27572,
3159,4047,7809,5095,16951,4047,7809,5095,16951,33902,
5644,30436,28276,60804,119516,30436,28276,60804,119516,239032,
4095,17383,13926,97,31406,17383,13926,97,31406,62812,
2750,25401,6205,2855,34461,25401,6205,2855,34461,68922,
1527,210784,222911,586412,1020107,210784,222911,586412,1020107,2040214,
1537,980,3634,2754,7368,980,3634,2754,7368,14736,
5909,6160,3675,6090,15925,6160,3675,6090,15925,31850,
9658,23229,32366,29129,84724,23229,32366,29129,84724,169448,
1997,66876,4747,37736,109359,66876,4747,37736,109359,218718,
2920,27161,98212,38108,163481,27161,98212,38108,163481,326962,
9985,129738,186271,147682,463691,129738,186271,147682,463691,927382,
1378,504904,1415138,1094872,3014914,504904,1415138,1094872,3014914,6029828,349034.098099999
4469,2877,1125,3124,7126,2877,1125,3124,7126,14252,
5019,6929,10564,14085,31578,6929,10564,14085,31578,63156,2424.2264
8518,49268,79143,68133,196544,49268,79143,68133,196544,393088,28316.9527
6906,4356,5653,19765,29774,4356,5653,19765,29774,59548,
5069,108291,131295,135952,375538,108291,131295,135952,375538,751076,
5427,52807,57772,89273,199852,52807,57772,89273,199852,399704,1113.5353
2849,3140,4474,1796,9410,3140,4474,1796,9410,18820,
9060,152,27,1106,1285,152,27,1106,1285,2570,
3067,3264,1081,5915,10260,3264,1081,5915,10260,20520,
3203,30546,17166,15446,63158,30546,17166,15446,63158,126316,
9080,71612,82662,40796,195070,71612,82662,40796,195070,390140,
2226,834673.14,1584225.75,605846.51,3024745.4,834673.14,1584225.75,605846.51,3024745.4,6049490.8,627543.6878
6005,666907,599044,2732779,3998730,666907,599044,2732779,3998730,7997460,557579.1279
2799,5009,8905,5430,19344,5009,8905,5430,19344,38688,
8539,31260,47631,34414,113305,31260,47631,34414,113305,226610,
8833,1156,1244,0,2400,1156,1244,0,2400,4800,
5825,624,3034,2089,5747,624,3034,2089,5747,11494,
5291,8765,8206,26848,43819,8765,8206,26848,43819,87638,
2695,72369,21895,10290,104554,72369,21895,10290,104554,209108,
5957,8447,19641,3243,31331,8447,19641,3243,31331,62662,
2151,108756,137671,91330,337757,108756,137671,91330,337757,675514,
4814,16176,77065,11378,104619,16176,77065,11378,104619,209238,
4470,3473,1746,232,5451,3473,1746,232,5451,10902,
8504,52627,54562,44844,152033,52627,54562,44844,152033,304066,
7680,56523,58660,27343,142526,56523,58660,27343,142526,285052,157.6835
5501,16871,40364,37715,94950,16871,40364,37715,94950,189900,
5600,234741,239698,591021,1065460,234741,239698,591021,1065460,2130920,
2606,3119,6922,2948,12989,3119,6922,2948,12989,25978,
2675,1046,159,24,1229,1046,159,24,1229,2458,
2903,27232,62662,61561,151455,27232,62662,61561,151455,302910,
2171,34817,86768,23271,144856,34817,86768,23271,144856,289712,
9632,17381,24956,15664,58001,17381,24956,15664,58001,116002,
2973,10047,41874,15562,67483,10047,41874,15562,67483,134966,
9691,190462,191210,264587,646259,190462,191210,264587,646259,1292518,118864.419
5645,126499,142527,367868,636894,126499,142527,367868,636894,1273788,25011.5101
5118,120532,135992,294706,551230,120532,135992,294706,551230,1102460,
2158,6173,8703,1059,15935,6173,8703,1059,15935,31870,
5312,50567,103683,49325,203575,50567,103683,49325,203575,407150,
9819,155422,205395,179628,540445,155422,205395,179628,540445,1080890,6166.2337
3859,40974,2243,5126,48343,40974,2243,5126,48343,96686,
9779,10414,10026,11193,31633,10414,10026,11193,31633,63266,
8665,20504,12938,3590,37032,20504,12938,3590,37032,74064,
9608,46811,54685,73574,175070,46811,54685,73574,175070,350140,
9304,101356,60387,48674,210417,101356,60387,48674,210417,420834,
8526,29318,27009,22891,79218,29318,27009,22891,79218,158436,
8107,5401,8079,3832,17312,5401,8079,3832,17312,34624,
3389,73838,76626,60482,210946,73838,76626,60482,210946,421892,
8666,17168,33062,5777,56007,17168,33062,5777,56007,112014,
1247,32340,21031,17520,70891,32340,21031,17520,70891,141782,
4098,7073,2738,0,9811,7073,2738,0,9811,19622,
1881,33356,24948,127025,185329,33356,24948,127025,185329,370658,
2940,11722,16820,14403,42945,11722,16820,14403,42945,85890,
4216,189760,150634,62738,403132,189760,150634,62738,403132,806264,
7354,18281,14876,9382,42539,18281,14876,9382,42539,85078,
9773,33705,53420,132850,219975,33705,53420,132850,219975,439950,
2565,44217,11031,14299,69547,44217,11031,14299,69547,139094,
2139,19271,4083,884,24238,19271,4083,884,24238,48476,
6241,1978,339,1024,3341,1978,339,1024,3341,6682,
2047,257,12,245,514,257,12,245,514,1028,
5911,16013,16922,18101,51036,16013,16922,18101,51036,102072,
6018,124331,121598,331180,577109,124331,121598,331180,577109,1154218,
5058,98547,100358,201392,400297,98547,100358,201392,400297,800594,2289.1272
2152,173203,208971,120498,502672,173203,208971,120498,502672,1005344,
6289,125,20,0,145,125,20,0,145,290,
5150,259529,443577,536921,1240027,259529,443577,536921,1240027,2480054,1654359.7296
5345,438135,963578,782715,2184428,438135,963578,782715,2184428,4368856,1473687.3861
9533,4418,6808,3034,14260,4418,6808,3034,14260,28520,
5119,223695,223542,738148,1185385,223695,223542,738148,1185385,2370770,
6209,9005,965,366,10336,9005,965,366,10336,20672,
5238,14698,12772,17386,44856,14698,12772,17386,44856,89712,
2358,892,728,36,1656,892,728,36,1656,3312,
5567,338725,423384,939847,1701956,338725,423384,939847,1701956,3403912,62907.5802
2974,15888,33620,57316,106824,15888,33620,57316,106824,213648,1193.7404
2769,14855,30810,62321,107986,14855,30810,62321,107986,215972,
5881,80115,144945,81069,306129,80115,144945,81069,306129,612258,
8506,115973,118913,131723,366609,115973,118913,131723,366609,733218,
6019,80769,66369,172768,319906,80769,66369,172768,319906,639812,
6498,30080.5668088131,67682.1552949538,20992.0161099266,118754.738213693,30080.5668088131,67682.1552949538,20992.0161099266,118754.738213693,237509.476427387,45495.8327
6499,149382.433191187,336114.844705046,104247.983890073,589745.261786307,149382.433191187,336114.844705046,104247.983890073,589745.261786307,1179490.52357261,201953.1137
9919,48945,4705,13186,66836,48945,4705,13186,66836,133672,
3074,159671,344145,310369,814185,159671,344145,310369,814185,1628370,45329.0391
3071,7133,25688,8364,41185,7133,25688,8364,41185,82370,
7728,623248,2753486,527395,3904129,623248,2753486,527395,3904129,7808258,390878.4778
8808,43858,39747,19860,103465,43858,39747,19860,103465,206930,
5330,5356,8123,8627,22106,5356,8123,8627,22106,44212,
5331,39259,74746,45327,159332,39259,74746,45327,159332,318664,
5175,12395,14307,37279,63981,12395,14307,37279,63981,127962,
7038,36803,49539,48006,134348,36803,49539,48006,134348,268696,
7039,17788,20321,66099,104208,17788,20321,66099,104208,208416,
3674,339238,544641,241250,1125129,339238,544641,241250,1125129,2250258,563091.880899999
3523,935,51276,41,52252,935,51276,41,52252,104504,
1863,7923,5166,2347,15436,7923,5166,2347,15436,30872,
9774,60451,85134,116192,261777,60451,85134,116192,261777,523554,57360.1587999999
3426,66836,390475,94055,551366,66836,390475,94055,551366,1102732,318687.6629
7834,24191,6384,3068,33643,24191,6384,3068,33643,67286,
2789,17728,41088,34436,93252,17728,41088,34436,93252,186504,
5828,359,616,151,1126,359,616,151,1126,2252,
2257,81663,149123,104683,335469,81663,149123,104683,335469,670938,62274.4362
8668,2587,1661,231,4479,2587,1661,231,4479,8958,
9571,10280,7508,4370,22158,10280,7508,4370,22158,44316,
4426,39685,21509,595,61789,39685,21509,595,61789,123578,
3895,25867,1506,14109,41482,25867,1506,14109,41482,82964,
9609,13860,18328,15527,47715,13860,18328,15527,47715,95430,
5568,279180,354331,623611,1257122,279180,354331,623611,1257122,2514244,
5428,257747,442331,902296,1602374,257747,442331,902296,1602374,3204748,
5460,1402,2559,951,4912,1402,2559,951,4912,9824,
8528,36803,43653,39480,119936,36803,43653,39480,119936,239872,
9358,65407,125549,53884,244840,65407,125549,53884,244840,489680,
5636,49327,87968,55739,193034,49327,87968,55739,193034,386068,
5429,117886,116682,185121,419689,117886,116682,185121,419689,839378,
2455,434,549,0,983,434,549,0,983,1966,
9189,18542,35804,14456,68802,18542,35804,14456,68802,137604,
7895,10157,1813,4478,16448,10157,1813,4478,16448,32896,
5601,50532,49158,108310,208000,50532,49158,108310,208000,416000,
7308,37991,61482,21720,121193,37991,61482,21720,121193,242386,
1422,79670,154162,92097,325929,79670,154162,92097,325929,651858,
7996,50614,203345,40121,294080,50614,203345,40121,294080,588160,
1069,218395,741956,429629,1389980,218395,741956,429629,1389980,2779960,4255.0939
1111,71293,117488,180581,369362,71293,117488,180581,369362,738724,
5120,9179,10284,16043,35506,9179,10284,16043,35506,71012,
1478,28476,26519,38910,93905,28476,26519,38910,93905,187810,
6971,21165,56000,130598,207763,21165,56000,130598,207763,415526,
2326,39324,47914,14835,102073,39324,47914,14835,102073,204146,
7309,409876,1373397,279733,2063006,409876,1373397,279733,2063006,4126012,469014.8444
5376,317715,563471,891188,1772374,317715,563471,891188,1772374,3544748,1171096.3675
1826,851772,1893476,480103,3225351,851772,1893476,480103,3225351,6450702,431574.8448
1077,192254,217367,110878,520499,192254,217367,110878,520499,1040998,277659.4902
5068,103895,114260,323096,541251,103895,114260,323096,541251,1082502,
7946,9524,1199,577,11300,9524,1199,577,11300,22600,
5262,7828,9001,17523,34352,7828,9001,17523,34352,68704,
5476,11255,15420,31935,58610,11255,15420,31935,58610,117220,
4689,7375,11451,7751,26577,7375,11451,7751,26577,53154,
1904,30200,53948,17686,101834,30200,53948,17686,101834,203668,5224.7198
6020,113342,94166,278532,486040,113342,94166,278532,486040,972080,
8725,28766,32518,0,61284,28766,32518,0,61284,122568,
7451,131671,106955,100159,338785,131671,106955,100159,338785,677570,
5310,6616,5389,10710,22715,6616,5389,10710,22715,45430,
5786,-1,1720,0,1719,-1,1720,0,1719,3438,
4641,21565,25899,35239,82703,21565,25899,35239,82703,165406,
2258,88154,182089,103792,374035,88154,182089,103792,374035,748070,
6003,196879,207030,294221,698130,196879,207030,294221,698130,1396260,
3219,53306,33877,53628,140811,53306,33877,53628,140811,281622,
4533,49889,65978,74689,190556,49889,65978,74689,190556,381112,
5021,12233,13548,39610,65391,12233,13548,39610,65391,130782,
2281,210743,38070,114997,363810,210743,38070,114997,363810,727620,44140.2208
5122,414834,792585,1412070,2619489,414834,792585,1412070,2619489,5238978,880630.449300001
2259,15757,29449,13064,58270,15757,29449,13064,58270,116540,
2247,167665,215306,161340,544311,167665,215306,161340,544311,1088622,
5071,36635,67151,80037,183823,36635,67151,80037,183823,367646,38034.0332
7273,17968,33870,11194,63032,17968,33870,11194,63032,126064,
7274,5945,6169,1901,14015,5945,6169,1901,14015,28030,
8309,62207,40522,60312,163041,62207,40522,60312,163041,326082,
2157,46536,1360,1904,49800,46536,1360,1904,49800,99600,
5526,15772,20375,52322,88469,15772,20375,52322,88469,176938,
2090,37675,165942,7094,210711,37675,165942,7094,210711,421422,194066.6411
3115,439817,1962578,752396,3154791,439817,1962578,752396,3154791,6309582,262853.886699999
5602,61120,64170,110252,235542,61120,64170,110252,235542,471084,
5377,113492,229022,447440,789954,113492,229022,447440,789954,1579908,
3087,2702153,8796566,5572891,17071610,2702153,8796566,5572891,17071610,34143220,2875037.6302
5224,95960,175987,293050,564997,95960,175987,293050,564997,1129994,105304.582
2387,21201,12452,13348,47001,21201,12452,13348,47001,94002,
3427,25749,227658,32372,285779,25749,227658,32372,285779,571558,
9657,30624,44469,34147,109240,30624,44469,34147,109240,218480,
9683,466272,579429,826877,1872578,466272,579429,826877,1872578,3745156,122335.851
9664,8078,10569,8457,27104,8078,10569,8457,27104,54208,
6021,158171,185163,496492,839826,158171,185163,496492,839826,1679652,
3036,44021,72686,87999,204706,44021,72686,87999,204706,409412,
8479,26395,19957,18777,65129,26395,19957,18777,65129,130258,
4250,1117,1072,5,2194,1117,1072,5,2194,4388,
3524,8787,64142,23980,96909,8787,64142,23980,96909,193818,82909.8192
2402,14013,30588,11331,55932,14013,30588,11331,55932,111864,
1561,6624,4431,6754,17809,6624,4431,6754,17809,35618,
5882,31140,43847,27320,102307,31140,43847,27320,102307,204614,
3246,18335,15149,10482,43966,18335,15149,10482,43966,87932,
9917,351146,466603,477713,1295462,351146,466603,477713,1295462,2590924,475592.8677
2032,1791,535,857,3183,1791,535,857,3183,6366,
3213,21459,5798,13842,41099,21459,5798,13842,41099,82198,
2916,4535,10127,6811,21473,4535,10127,6811,21473,42946,
9775,39350,42852,125916,208118,39350,42852,125916,208118,416236,
1687,923,77,617,1617,923,77,617,1617,3234,
5423,409862,609820,815375,1835057,409862,609820,815375,1835057,3670114,1499563.0259
7685,332,15,478,825,332,15,478,825,1650,
2403,8213,20208,6752,35173,8213,20208,6752,35173,70346,
4140,31451,16083,19304,66838,31451,16083,19304,66838,133676,
4101,9631,5298,5,14934,9631,5298,5,14934,29868,
4102,16685,6721,437,23843,16685,6721,437,23843,47686,
4129,1810,732,26,2568,1810,732,26,2568,5136,
3863,176678,16190,113043,305911,176678,16190,113043,305911,611822,
3851,57884,25180,29634,112698,57884,25180,29634,112698,225396,
4021,123544,5237,95219,224000,123544,5237,95219,224000,448000,
5072,135974,198623,334111,668708,135974,198623,334111,668708,1337416,593.681
5378,59382,100254,93697,253333,59382,100254,93697,253333,506666,
4335,3352,1262,0,4614,3352,1262,0,4614,9228,
6634,24175,28368,18464,71007,24175,28368,18464,71007,142014,
1195,46338,15748,33906,95992,46338,15748,33906,95992,191984,
2494,3395,2105,1417,6917,3395,2105,1417,6917,13834,
3499,11248,56401,24725,92374,11248,56401,24725,92374,184748,
3992,22624,917,2275,25816,22624,917,2275,25816,51632,
4473,7080,1995,15545,24620,7080,1995,15545,24620,49240,
2102,34437,158746,21567,214750,34437,158746,21567,214750,429500,31682.6883
3525,12174,76338,26544,115056,12174,76338,26544,115056,230112,
4463,833,348,0,1181,833,348,0,1181,2362,
5477,3755,6717,12317,22789,3755,6717,12317,22789,45578,
3944,9438,488,952,10878,9438,488,952,10878,21756,
4254,319,403,0,722,319,403,0,722,1444,
2433,9321,706,579,10606,9321,706,579,10606,21212,
3526,15970,235516,30010,281496,15970,235516,30010,281496,562992,107.7316
3528,1583,8346,3810,13739,1583,8346,3810,13739,27478,
1128,54320,105429,162401,322150,54320,105429,162401,322150,644300,
4887,9449,24898,10426,44773,9449,24898,10426,44773,89546,
8805,148567,282130,56985,487682,148567,282130,56985,487682,975364,103478.4933
6133,378914,1215175,551210,2145299,378914,1215175,551210,2145299,4290598,890987.808799998
5657,130567,239166,279946,649679,130567,239166,279946,649679,1299358,11949.4787
5123,196850,200350,632129,1029329,196850,200350,632129,1029329,2058658,
5461,12545,24723,37987,75255,12545,24723,37987,75255,150510,
5462,215,425,1967,2607,215,425,1967,2607,5214,
3062,9955,47648,44240,101843,9955,47648,44240,101843,203686,
3214,13,52,0,65,13,52,0,65,130,
5757,8297,10550,7409,26256,8297,10550,7409,26256,52512,
8801,7419,40812,939,49170,7419,40812,939,49170,98340,
7452,169612,168599,203023,541234,169612,168599,203023,541234,1082468,159154.4842
2752,3471,1212,62,4745,3471,1212,62,4745,9490,
8670,4693,1750,0,6443,4693,1750,0,6443,12886,
5225,8263,15799,31968,56030,8263,15799,31968,56030,112060,
2308,3433,6263,3014,12710,3433,6263,3014,12710,25420,
5332,10886,25431,32741,69058,10886,25431,32741,69058,138116,
5208,137144,219690,360765,717599,137144,219690,360765,717599,1435198,
3580,120293,1033015,136350,1289658,120293,1033015,136350,1289658,2579316,100041.9951
5885,50309,64789,34465,149563,50309,64789,34465,149563,299126,
5455,54553,252271,180601,487425,54553,252271,180601,487425,974850,
1078,39,13,309,361,39,13,309,361,722,
9820,43309,43625,68206,155140,43309,43625,68206,155140,310280,
9804,18900,29112,13626,61638,18900,29112,13626,61638,123276,
9821,57587,69235,43715,170537,57587,69235,43715,170537,341074,
9623,28415,36668,25609,90692,28415,36668,25609,90692,181384,
9936,89883,145884,111892,347659,89883,145884,111892,347659,695318,
3422,7802,39235,5047,52084,7802,39235,5047,52084,104168,
6819,39914,59785,72550,172249,39914,59785,72550,172249,344498,
4251,1422,775,5,2202,1422,775,5,2202,4404,
8540,1213,1086,327,2626,1213,1086,327,2626,5252,
8548,34285,53171,28033,115489,34285,53171,28033,115489,230978,2258.6332
8541,10034,8248,1508,19790,10034,8248,1508,19790,39580,608.2882
4023,7400,551,2222,10173,7400,551,2222,10173,20346,
3850,44213,42041,41897,128151,44213,42041,41897,128151,256302,
2459,384,284,184,852,384,284,184,852,1704,
3744,17589,3175,6675,27439,17589,3175,6675,27439,54878,
3904,272052,16939,150337,439328,272052,16939,150337,439328,878656,105318.7494
5883,161253,313209,118410,592872,161253,313209,118410,592872,1185744,6136.8004
8254,13921,11492,8070,33483,13921,11492,8070,33483,66966,
9667,57168,83823,97659,238650,57168,83823,97659,238650,477300,3638.4842
2198,134937,110021,90396,335354,134937,110021,90396,335354,670708,
4181,105305,103160,48752,257217,105305,103160,48752,257217,514434,
5928,65220,70984,45815,182019,65220,70984,45815,182019,364038,
3870,92259,4973,54211,151443,92259,4973,54211,151443,302886,
4313,24740,12470,1004,38214,24740,12470,1004,38214,76428,
8860,6736,2003,5261,14000,6736,2003,5261,14000,28000,
5276,101631,196057,232971,530659,101631,196057,232971,530659,1061318,
5537,214721.158302245,519721.505173506,248219.135918913,982661.799394665,214721.158302245,519721.505173506,248219.135918913,982661.799394665,1965323.59878933,24822.133
5829,84,263,0,347,84,263,0,347,694,
5540,240040.841697755,581006.494826494,277488.864081087,1098536.20060534,240040.841697755,581006.494826494,277488.864081087,1098536.20060534,2197072.40121067,172296.0162
9958,21242,18341,22311,61894,21242,18341,22311,61894,123788,
6022,214633,270021,378543,863197,214633,270021,378543,863197,1726394,
2671,102079,89916,37464,229459,102079,89916,37464,229459,458918,
2874,33667,47527,17101,98295,33667,47527,17101,98295,196590,
1346,1070,1184,302,2556,1070,1184,302,2556,5112,
2337,29504,157904,41396,228804,29504,157904,41396,228804,457608,
2521,101463,56119,23476,181058,101463,56119,23476,181058,362116,
2875,8968,10955,2734,22657,8968,10955,2734,22657,45314,
2753,943524,952778,321843,2218145,943524,952778,321843,2218145,4436290,1227436.09409999
5285,52586,91122,61470,205178,52586,91122,61470,205178,410356,
9366,45952,31130,41453,118535,45952,31130,41453,118535,237070,
9543,52590,77973,42656,173219,52590,77973,42656,173219,346438,
9544,97794,14424,59673,171891,97794,14424,59673,171891,343782,
9808,17253,22965,22352,62570,17253,22965,22352,62570,125140,
3055,74358,76029,123244,273631,74358,76029,123244,273631,547262,41713.4607
7419,24998,27090,28377,80465,24998,27090,28377,80465,160930,
7509,21265,35418,16927,73610,21265,35418,16927,73610,147220,
5468,46069,80921,85460,212450,46069,80921,85460,212450,424900,
7453,103953,86228,53211,243392,103953,86228,53211,243392,486784,
5379,268886,505215,684760,1458861,268886,505215,684760,1458861,2917722,619646.940399999
5430,64138,73858,165646,303642,64138,73858,165646,303642,607284,
5603,803226,1064967,3693694,5561887,803226,1064967,3693694,5561887,11123774,
4314,9301,12592,367,22260,9301,12592,367,22260,44520,
4185,17060,11949,23074,52083,17060,11949,23074,52083,104166,
3994,31106,1472,3285,35863,31106,1472,3285,35863,71726,
5176,19725,19534,20745,60004,19725,19534,20745,60004,120008,
9822,93186,114970,89851,298007,93186,114970,89851,298007,596014,
1419,343026,628722,1079465,2051213,343026,628722,1079465,2051213,4102426,
5424,124585,198234,262440,585259,124585,198234,262440,585259,1170518,
5596,139275,147627,433664,720566,139275,147627,433664,720566,1441132,
3531,4,403,0,407,4,403,0,407,814,
6242,3497,758,74,4329,3497,758,74,4329,8658,
1546,114823,169548,270489,554860,114823,169548,270489,554860,1109720,
3118,13833,22003,21547,57383,13833,22003,21547,57383,114766,
3874,125788,7192,98100,231080,125788,7192,98100,231080,462160,78595.9076000001
2404,8476,10019,7212,25707,8476,10019,7212,25707,51414,
7454,178296,190181,443820,812297,178296,190181,443820,812297,1624594,
5177,128065,234275,484275,846615,128065,234275,484275,846615,1693230,
2296,34989,154860,34987,224836,34989,154860,34987,224836,449672,
5023,70867,232399,228037,531303,70867,232399,228037,531303,1062606,129831.2926
2734,21709,14858,18323,54890,21709,14858,18323,54890,109780,
8834,2663,1470,0,4133,2663,1470,0,4133,8266,
6361,657,101,417,1175,657,101,417,1175,2350,
1999,13320,1535,1918,16773,13320,1535,1918,16773,33546,
5083,22356,16244,40780,79380,22356,16244,40780,79380,158760,
8519,4418,2844,8222,15484,4418,2844,8222,15484,30968,
8031,80,5,0,85,80,5,0,85,170,
6884,125181,214447,149766,489394,125181,214447,149766,489394,978788,
5569,437246,580238,1167401,2184885,437246,580238,1167401,2184885,4369770,239931.9393
3149,1561116,3503788,2641595,7706499,1561116,3503788,2641595,7706499,15412998,3831718.35030001
3160,67661,95613,123471,286745,67661,95613,123471,286745,573490,7851.6529
6967,86840,113545,192639,393024,86840,113545,192639,393024,786048,
5912,6668,3873,5964,16505,6668,3873,5964,16505,33010,341.0015
7950,117597,41170,23866,182633,117597,41170,23866,182633,365266,
7974,43463,11102,17695,72260,43463,11102,17695,72260,144520,
2979,15225,43055,24019,82299,15225,43055,24019,82299,164598,
2857,48,8,5,61,48,8,5,61,122,
1208,135386,189651,121397,446434,135386,189651,121397,446434,892868,
5478,349814,696349,768508,1814671,349814,696349,768508,1814671,3629342,1187636.8411
3247,21692,15453,10347,47492,21692,15453,10347,47492,94984,
3530,15048,121467,32555,169070,15048,121467,32555,169070,338140,
5431,21878,25397,85225,132500,21878,25397,85225,132500,265000,
7316,6613,9354,7089,23056,6613,9354,7089,23056,46112,567.8345
5480,138246,188671,450049,776966,138246,188671,450049,776966,1553932,
9867,14207,20271,17999,52477,14207,20271,17999,52477,104954,
6511,73999,100946,34062,209007,73999,100946,34062,209007,418014,212129.0438
3906,9549,1057,4559,15165,9549,1057,4559,15165,30330,
3876,49320,21685,21229,92234,49320,21685,21229,92234,184468,
2544,5366,1823,1058,8247,5366,1823,1058,8247,16494,
2461,153285,110293,42424,306002,153285,110293,42424,306002,612004,
4027,56311,3244,33612,93167,56311,3244,33612,93167,186334,
2106,8203,1025,90,9318,8203,1025,90,9318,18636,
2131,42332,54678,43503,140513,42332,54678,43503,140513,281026,
5570,1179304,1615152,1752124,4546580,1179304,1615152,1752124,4546580,9093160,1613323.7618
687,141967,169225,55610,366802,141967,169225,55610,366802,733604,
5432,30069,38768,111643,180480,30069,38768,111643,180480,360960,
1538,2191,2681,7536,12408,2191,2681,7536,12408,24816,
7510,4347,6100,2740,13187,4347,6100,2740,13187,26374,
9920,36256,2782,11080,50118,36256,2782,11080,50118,100236,
2580,21310,5233,2286,28829,21310,5233,2286,28829,57658,
5226,16838,40515,76285,133638,16838,40515,76285,133638,267276,
2261,20885,116114,20134,157133,20885,116114,20134,157133,314266,
2924,84873,283021,191224,559118,84873,283021,191224,559118,1118236,7916.2835
3532,23,822,5,850,23,822,5,850,1700,
5203,104822,265372,210662,580856,104822,265372,210662,580856,1161712,25072.7816
6885,60413,88386,63425,212224,60413,88386,63425,212224,424448,
2189,178711,198514,110731,487956,178711,198514,110731,487956,975912,
8671,643,188,0,831,643,188,0,831,1662,
9921,35441,1507,13735,50683,35441,1507,13735,50683,101366,
6353,1141,366,286,1793,1141,366,286,1793,3586,
2444,159,262,0,421,159,262,0,421,842,
6886,700306,1283382,1739090,3722778,700306,1283382,1739090,3722778,7445556,450421.4724
2833,25797,67188,54968,147953,25797,67188,54968,147953,295906,13514.61
5943,73909,92277,63171,229357,73909,92277,63171,229357,458714,
1962,9106,3855,6159,19120,9106,3855,6159,19120,38240,
2722,15039,1814,4186,21039,15039,1814,4186,21039,42078,1.3243
2873,15376,29101,23581,68058,15376,29101,23581,68058,136116,
9190,38123,33927,67845,139895,38123,33927,67845,139895,279790,
6676,101684,102171,152007,355862,101684,102171,152007,355862,711724,2572.0918
1039,121719,243593,158843,524155,121719,243593,158843,524155,1048310,
7297,3735,2167,624,6526,3735,2167,624,6526,13052,
5658,12581,16500,22057,51138,12581,16500,22057,51138,102276,
4606,95053,139951,181437,416441,95053,139951,181437,416441,832882,
8835,1671,464,0,2135,1671,464,0,2135,4270,
6829,14978,18116,30489,63583,14978,18116,30489,63583,127166,
6090,156915,191550,266081,614546,156915,191550,266081,614546,1229092,20792.2223
4477,27060,16074,3764,46898,27060,16074,3764,46898,93796,
2315,2869,4976,2144,9989,2869,4976,2144,9989,19978,
1087,183286,408954,319341,911581,183286,408954,319341,911581,1823162,174280.369899999
1135,21175,36998,11320,69493,21175,36998,11320,69493,138986,19.3608
1084,15979,27159,15513,58651,15979,27159,15513,58651,117302,29449.3111
2291,88236,228917,22345,339498,88236,228917,22345,339498,678996,11067.7379
2294,48431,14499,14554,77484,48431,14499,14554,77484,154968,
6327,25890,3174,13538,42602,25890,3174,13538,42602,85204,
8174,1133,340,0,1473,1133,340,0,1473,2946,
9787,130916,184145,173648,488709,130916,184145,173648,488709,977418,
5542,89252,30740,44191,164183,89252,30740,44191,164183,328366,
5541,62977,30528,15131,108636,62977,30528,15131,108636,217272,176933.0875
5543,51070,7170,56485,114725,51070,7170,56485,114725,229450,
2977,2203,9553,3451,15207,2203,9553,3451,15207,30414,
5024,30778,111531,54056,196365,30778,111531,54056,196365,392730,
6820,46683,49449,95871,192003,46683,49449,95871,192003,384006,
2798,29874,36596,93962,160432,29874,36596,93962,160432,320864,
2794,116528,294228,160017,570773,116528,294228,160017,570773,1141546,319317.7457
5380,22571,13474,31384,67429,22571,13474,31384,67429,134858,
7318,2247,818,1141,4206,2247,818,1141,4206,8412,
5663,222322,482985,223134,928441,222322,482985,223134,928441,1856882,233797.0671
8561,110339,136027,147470,393836,110339,136027,147470,393836,787672,
3587,4476,21304,12864,38644,4476,21304,12864,38644,77288,
7951,81572,29349,15839,126760,81572,29349,15839,126760,253520,
9547,40078,94920,64028,199026,40078,94920,64028,199026,398052,
8033,1005,685,450,2140,1005,685,450,2140,4280,
2673,516,44,551,1111,516,44,551,1111,2222,
8724,0,75,0,75,0,75,0,75,150,
8358,33493,27396,59669,120558,33493,27396,59669,120558,241116,
1261,42264,22813,18317,83394,42264,22813,18317,83394,166788,
5433,83658,132644,308792,525094,83658,132644,308792,525094,1050188,
2249,125335,58180,52387,235902,125335,58180,52387,235902,471804,147507.7289
5646,16808,30265,27007,74080,16808,30265,27007,74080,148160,
5025,8403,22598,22473,53474,8403,22598,22473,53474,106948,
5525,90659,8568,37332,136559,90659,8568,37332,136559,273118,
3584,57,686,0,743,57,686,0,743,1486,
1149,67788,154970,145496,368254,67788,154970,145496,368254,736508,
5026,18864,36174,75437,130475,18864,36174,75437,130475,260950,
6172,58851,84636,84621,228108,58851,84636,84621,228108,456216,
2388,22196,25323,8392,55911,22196,25323,8392,55911,111822,
9549,4646,8885,569,14100,4646,8885,569,14100,28200,
4270,18463,838,6055,25356,18463,838,6055,25356,50712,
4108,2358,1507,0,3865,2358,1507,0,3865,7730,
3056,9482,4208,11617,25307,9482,4208,11617,25307,50614,
6806,55087,64339,125795,245221,55087,64339,125795,245221,490442,
6328,19969,3970,4019,27958,19969,3970,4019,27958,55916,
7224,18651,42491,5067,66209,18651,42491,5067,66209,132418,
8185,116109,280952,43040,440101,116109,280952,43040,440101,880202,2412.2724
8672,205,25,0,230,205,25,0,230,460,
9996,59690,86759,68689,215138,59690,86759,68689,215138,430276,
6456,44421,120583,25543,190547,44421,120583,25543,190547,381094,4908.4521
3254,13798,3750,11607,29155,13798,3750,11607,29155,58310,
5333,54608,154181,172155,380944,54608,154181,172155,380944,761888,
2250,112542,194498,35122,342162,112542,194498,35122,342162,684324,
7814,27105,19130,15485,61720,27105,19130,15485,61720,123440,
8178,14437,25186,10902,50525,14437,25186,10902,50525,101050,25555.0821
2003,12274,1655,2491,16420,12274,1655,2491,16420,32840,
8007,11934,5481,5860,23275,11934,5481,5860,23275,46550,
3061,23935,12538,32508,68981,23935,12538,32508,68981,137962,
8201,54119,104270,89890,248279,54119,104270,89890,248279,496558,42708.8443
5434,129056,193296,378652,701004,129056,193296,378652,701004,1402008,8738.3943
2004,32443,449,85188,118080,32443,449,85188,118080,236160,119.6626
5179,5922,10425,9929,26276,5922,10425,9929,26276,52552,
1105,179184,437655,521913,1138752,179184,437655,521913,1138752,2277504,
2107,56887,7368,761,65016,56887,7368,761,65016,130032,
6893,219227,332461,504728,1056416,219227,332461,504728,1056416,2112832,
6931,354218,640488,718348,1713054,354218,640488,718348,1713054,3426108,8896.238
5124,291647,637097,1082882,2011626,291647,637097,1082882,2011626,4023252,386954.439
3205,26716,1023,55800,83539,26716,1023,55800,83539,167078,
3679,54641,11566,36700,102907,54641,11566,36700,102907,205814,26232.688
1082,295928,586584,131859,1014371,295928,586584,131859,1014371,2028742,
5638,13600,14837,28809,57246,13600,14837,28809,57246,114492,
5529,118125,25524,32418,176067,118125,25524,32418,176067,352134,
5929,14270,16669,46883,77822,14270,16669,46883,77822,155644,
9823,19681,26762,30006,76449,19681,26762,30006,76449,152898,
5184,55504,89693,60543,205740,55504,89693,60543,205740,411480,
6691,1183566,2210662,913245,4307473,1183566,2210662,913245,4307473,8614946,949546.5692
7043,23674,25783,27573,77030,23674,25783,27573,77030,154060,
6888,330469,407999,827181,1565649,330469,407999,827181,1565649,3131298,2007197.2499
1178,19554,9140,61618,90312,19554,9140,61618,90312,180624,
9587,632665,1069491,206958,1909114,632665,1069491,206958,1909114,3818228,
5186,5268,11138,5138,21544,5268,11138,5138,21544,43088,
8448,10748,15104,8658,34510,10748,15104,8658,34510,69020,
5605,51087,64521,95856,211464,51087,64521,95856,211464,422928,
7044,10116,16424,16612,43152,10116,16424,16612,43152,86304,
5835,16935,76286,8353,101574,16935,76286,8353,101574,203148,
8257,11574,790,6967,19331,11574,790,6967,19331,38662,
7319,32413,56627,6382,95422,32413,56627,6382,95422,190844,
9903,83177,123016,145611,351804,83177,123016,145611,351804,703608,
9552,11266,9170,14314,34750,11266,9170,14314,34750,69500,
4619,20971,21798,18045,60814,20971,21798,18045,60814,121628,
7893,19561,6428,2075,28064,19561,6428,2075,28064,56128,
3150,12637,12867,21229,46733,12637,12867,21229,46733,93466,
8347,221613,317758,293900,833271,221613,317758,293900,833271,1666542,318342.0995
7073,4,5,16,25,4,5,16,25,50,
3009,1423,507,584,2514,1423,507,584,2514,5028,
1595,15343,17070,3474,35887,15343,17070,3474,35887,71774,
3206,15437,3311,6579,25327,15437,3311,6579,25327,50654,
6570,10269,1902,4320,16491,10269,1902,4320,16491,32982,
4526,33429,59387,66461,159277,33429,59387,66461,159277,318554,
7455,81689,89600,159379,330668,81689,89600,159379,330668,661336,
5930,17571,13590,20713,51874,17571,13590,20713,51874,103748,
1024,485032,908658,238142,1631832,485032,908658,238142,1631832,3263664,208537.1045
5074,2471,6158,10184,18813,2471,6158,10184,18813,37626,
5277,128517,368791,232791,730099,128517,368791,232791,730099,1460198,
5084,147701,138824,449058,735583,147701,138824,449058,735583,1471166,1194.3019
2546,81172,31110,10853,123135,81172,31110,10853,123135,246270,15947.8224
9739,27402,38678,35744,101824,27402,38678,35744,101824,203648,
4387,303953,411574,159339,874866,303953,411574,159339,874866,1749732,216636.4179
5125,263300,329086,870846,1463232,263300,329086,870846,1463232,2926464,
1902,15840,15620,18499,49959,15840,15620,18499,49959,99918,
2000,3636,203,1133,4972,3636,203,1133,4972,9944,
6782,6174,6481,3157,15812,6174,6481,3157,15812,31624,
6972,77165,118936,161893,357994,77165,118936,161893,357994,715988,
1968,11313,6627,4969,22909,11313,6627,4969,22909,45818,
9988,78583,123737,118285,320605,78583,123737,118285,320605,641210,
5187,185777,348248,440717,974742,185777,348248,440717,974742,1949484,561610.2816
6265,40905,120598,6135,167638,40905,120598,6135,167638,335276,
4217,12268,1976,3180,17424,12268,1976,3180,17424,34848,
2728,251439,121482,99186,472107,251439,121482,99186,472107,944214,11367.0975
5154,58001,79988,149525,287514,58001,79988,149525,287514,575028,8436.7103
8450,29355,31171,32271,92797,29355,31171,32271,92797,185594,
9236,7278,4970,2567,14815,7278,4970,2567,14815,29630,
6362,59405,59626,36714,155745,59405,59626,36714,155745,311490,36165.3517
8179,1594,595,0,2189,1594,595,0,2189,4378,
3172,648479,1135941,1002434,2786854,648479,1135941,1002434,2786854,5573708,1570310.7238
4530,13527,15386,22854,51767,13527,15386,22854,51767,103534,
5494,3565,1851,0,5416,3565,1851,0,5416,10832,
1114,50515,68232,139291,258038,50515,68232,139291,258038,516076,372417.7407
1150,22027,41067,117358,180452,22027,41067,117358,180452,360904,169.2933
2660,12765,54457,16305,83527,12765,54457,16305,83527,167054,
8036,891,13,0,904,891,13,0,904,1808,
5189,26155,31336,35201,92692,26155,31336,35201,92692,185384,
5185,1209,1614,2509,5332,1209,1614,2509,5332,10664,
5126,3293,7026,17948,28267,3293,7026,17948,28267,56534,
4527,164713,341376,271963,778052,164713,341376,271963,778052,1556104,25232.6293
7320,2239,2724,988,5951,2239,2724,988,5951,11902,
1452,71089,79468,179920,330477,71089,79468,179920,330477,660954,
7953,1660,37,655,2352,1660,37,655,2352,4704,
5425,80370,97148,168940,346458,80370,97148,168940,346458,692916,
5410,125251,135034,351636,611921,125251,135034,351636,611921,1223842,
8355,50710,90621,36955,178286,50710,90621,36955,178286,356572,
3138,8379,7490,3311,19180,8379,7490,3311,19180,38360,
9318,93111,44468,139969,277548,93111,44468,139969,277548,555096,
1451,45082,82192,159236,286510,45082,82192,159236,286510,573020,
1453,46026,80174,21438,147638,46026,80174,21438,147638,295276,
5292,17965,16058,44793,78816,17965,16058,44793,78816,157632,
8142,19286,15599,21480,56365,19286,15599,21480,56365,112730,
3057,33652,23750,14013,71415,33652,23750,14013,71415,142830,
7404,87280,167948,144747,399975,87280,167948,144747,399975,799950,
1949,9358,7728,15118,32204,9358,7728,15118,32204,64408,
3187,241438,472956,396719,1111113,241438,472956,396719,1111113,2222226,
5922,255034,318613,196236,769883,255034,318613,196236,769883,1539766,172175.1357
5932,745745,1537388,770295,3053428,745745,1537388,770295,3053428,6106856,1016181.033
5263,23762,44630,52009,120401,23762,44630,52009,120401,240802,
6947,43913,71815,92570,208298,43913,71815,92570,208298,416596,
5339,1778,3046,993,5817,1778,3046,993,5817,11634,
4787,67146,88829,14432,170407,67146,88829,14432,170407,340814,
7456,271910,407084,319234,998228,271910,407084,319234,998228,1996456,47068.0027
7457,205514,242175,436194,883883,205514,242175,436194,883883,1767766,
7420,185567,399908,1234694,1820169,185567,399908,1234694,1820169,3640338,2530.4647
6890,12419,15416,39074,66909,12419,15416,39074,66909,133818,
2262,309679,710674,227839,1248192,309679,710674,227839,1248192,2496384,31269.2801
5286,42499,89571,48809,180879,42499,89571,48809,180879,361758,
8527,58821,63064,52161,174046,58821,63064,52161,174046,348092,
6388,21532,49227,12297,83056,21532,49227,12297,83056,166112,
8836,2454,825,0,3279,2454,825,0,3279,6558,
2199,103765,13541,37754,155060,103765,13541,37754,155060,310120,
1699,5081,245,4725,10051,5081,245,4725,10051,20102,
7379,67,59,6,132,67,59,6,132,264,
4535,20455,30846,27193,78494,20455,30846,27193,78494,156988,
9997,62085,55444,61819,179348,62085,55444,61819,179348,358696,5228.4347
9175,248,65,10,323,248,65,10,323,646,
2666,6197,3206,794,10197,6197,3206,794,10197,20394,
1562,33858,44866,18741,97465,33858,44866,18741,97465,194930,
1548,754374,1075954,1613628,3443956,754374,1075954,1613628,3443956,6887912,141250.7865
3252,2693,274,1988,4955,2693,274,1988,4955,9910,
2672,35810,22238,5996,64044,35810,22238,5996,64044,128088,
3534,21232,161755,51550,234537,21232,161755,51550,234537,469074,
2002,17179,3113,4301,24593,17179,3113,4301,24593,49186,
3590,202,709,1000,1911,202,709,1000,1911,3822,
3592,441,2235,1283,3959,441,2235,1283,3959,7918,
3536,22,752,0,774,22,752,0,774,1548,
5914,46166,43042,42189,131397,46166,43042,42189,131397,262794,55520.5449
3537,3674,91696,7713,103083,3674,91696,7713,103083,206166,175002.4461
3586,2396,12994,11089,26479,2396,12994,11089,26479,52958,
2341,93519,186809,56681,337009,93519,186809,56681,337009,674018,
2340,39672,58852,27264,125788,39672,58852,27264,125788,251576,9954.4916
5290,24941,24790,46335,96066,24941,24790,46335,96066,192132,
3538,12479,276852,3323,292654,12479,276852,3323,292654,585308,
5751,5979,23627,2886,32492,5979,23627,2886,32492,64984,
6973,66602,87870,246257,400729,66602,87870,246257,400729,801458,
5059,70754,83766,202522,357042,70754,83766,202522,357042,714084,
3572,62,428,0,490,62,428,0,490,980,
5239,65540,181625,80584,327749,65540,181625,80584,327749,655498,265621.8749
5604,208851,195293,455427,859571,208851,195293,455427,859571,1719142,
6821,40924,45773,89115,175812,40924,45773,89115,175812,351624,
5073,136003,184986,409753,730742,136003,184986,409753,730742,1461484,
2248,112650,30790,50326,193766,112650,30790,50326,193766,387532,
6110,123709,182053,284805,590567,123709,182053,284805,590567,1181134,
1555,2151270,5428275,4569593,12149138,2151270,5428275,4569593,12149138,24298276,3469059.6883
1268,270232,445442,248808,964482,270232,445442,248808,964482,1928964,403099.6004
5670,419097,498650,494801,1412548,419097,498650,494801,1412548,2825096,367075.395
6287,5100,517,62,5679,5100,517,62,5679,11358,
2983,84504,242393,187233,514130,84504,242393,187233,514130,1028260,131927.3432
6140,64136,58034,34943,157113,64136,58034,34943,157113,314226,
6968,32738,46049,108446,187233,32738,46049,108446,187233,374466,
7458,158070,115463,222838,496371,158070,115463,222838,496371,992742,
2159,84,46,0,130,84,46,0,130,260,
6834,1414974,395296,36197,1846467,1414974,395296,36197,1846467,3692934,19271.2901
6833,57510,60289,124806,242605,57510,60289,124806,242605,485210,6618.1563
5228,60167,137983,233490,431640,60167,137983,233490,431640,863280,
3250,40748,19018,10429,70195,40748,19018,10429,70195,140390,
8221,32626,31179,19745,83550,32626,31179,19745,83550,167100,
3413,8903,25728,18899,53530,8903,25728,18899,53530,107060,
1977,7712,8298,7937,23947,7712,8298,7937,23947,47894,
1043,30147,47114,106498,183759,30147,47114,106498,183759,367518,
8469,127213,136753,129939,393905,127213,136753,129939,393905,787810,
9842,36644,60871,55292,152807,36644,60871,55292,152807,305614,
6092,632456,843536,693359,2169351,632456,843536,693359,2169351,4338702,231327.5534
9553,17006,29431,14281,60718,17006,29431,14281,60718,121436,
1386,1822,2838,2688,7348,1822,2838,2688,7348,14696,
9554,38698,67977,59477,166152,38698,67977,59477,166152,332304,
9888,313933,614578,190562,1119073,313933,614578,190562,1119073,2238146,235654.8604
2771,343536,974511,365591,1683638,343536,974511,365591,1683638,3367276,746391.6539
7513,10442,10693,9581,30716,10442,10693,9581,30716,61432,
8451,3723,4725,2168,10616,3723,4725,2168,10616,21232,
7975,19660,7787,6881,34328,19660,7787,6881,34328,68656,199.8475
1467,31768,31664,80672,144104,31768,31664,80672,144104,288208,
6934,97561,135341,196384,429286,97561,135341,196384,429286,858572,
1314,394275,705615,164300,1264190,394275,705615,164300,1264190,2528380,182835.4927
1316,26652,13030,7710,47392,26652,13030,7710,47392,94784,
5248,14717,13930,41509,70156,14717,13930,41509,70156,140312,
1454,81370,128172,277197,486739,81370,128172,277197,486739,973478,
5240,10794,25608,32558,68960,10794,25608,32558,68960,137920,
8964,82277,100286,72643,255206,82277,100286,72643,255206,510412,
4770,9361,50965,13102,73428,9361,50965,13102,73428,146856,
5606,120528,143725,318140,582393,120528,143725,318140,582393,1164786,
4646,101874,242434,263906,608214,101874,242434,263906,608214,1216428,380266.8735
4643,50584,85012,104162,239758,50584,85012,104162,239758,479516,
7355,109459,166917,187552,463928,109459,166917,187552,463928,927856,44279.6483
9555,10676,11970,0,22646,10676,11970,0,22646,45292,
6969,2663821,5047613,5070691,12782125,2663821,5047613,5070691,12782125,25564250,3671077.5492
7222,118131,246667,114184,478982,118131,246667,114184,478982,957964,3353.2124
4558,56997,215598,176623,449218,56997,215598,176623,449218,898436,1357.4065
8673,3480,1172,0,4652,3480,1172,0,4652,9304,
5607,131372,136820,254572,522764,131372,136820,254572,522764,1045528,25.1052
5383,209924,242399,746129,1198452,209924,242399,746129,1198452,2396904,307392.7169
5384,297338,503571,1033494,1834403,297338,503571,1033494,1834403,3668806,161136.3207
5435,251438,380200,698896,1330534,251438,380200,698896,1330534,2661068,
8543,6190,5946,3237,15373,6190,5946,3237,15373,30746,
2834,1509,3173,5874,10556,1509,3173,5874,10556,21112,
8674,876,161,0,1037,876,161,0,1037,2074,
5191,141144,202785,211527,555456,141144,202785,211527,555456,1110912,430297.684
4771,22211,182744,37759,242714,22211,182744,37759,242714,485428,0.3593
5029,7530,11474,15527,34531,7530,11474,15527,34531,69062,
2868,799,847,184,1830,799,847,184,1830,3660,
7098,30772,63962,68436,163170,30772,63962,68436,163170,326340,
1483,3397,1566,4062,9025,3397,1566,4062,9025,18050,
1484,9015,6465,10208,25688,9015,6465,10208,25688,51376,
4157,45,27,0,72,45,27,0,72,144,
9959,21951,39435,17019,78405,21951,39435,17019,78405,156810,
5608,50763,56562,94976,202301,50763,56562,94976,202301,404602,
7640,93674,169647,144952,408273,93674,169647,144952,408273,816546,11310.9946
5155,33043,28212,76232,137487,33043,28212,76232,137487,274974,
5671,115563,130849,96817,343229,115563,130849,96817,343229,686458,
5675,6275,6783,6374,19432,6275,6783,6374,19432,38864,
5571,874083,1497235,2143994,4515312,874083,1497235,2143994,4515312,9030624,854595.932999999
1083,229679,493851,298638,1022168,229679,493851,298638,1022168,2044336,987031.005
5385,688586,955400,1532612,3176598,688586,955400,1532612,3176598,6353196,625319.5399
1044,116012,212716,355382,684110,116012,212716,355382,684110,1368220,
5436,43545,34372,83716,161633,43545,34372,83716,161633,323266,
1861,28719,25177,19618,73514,28719,25177,19618,73514,147028,
5249,716,398,572,1686,716,398,572,1686,3372,
5075,108583,196315,293844,598742,108583,196315,293844,598742,1197484,131664.3478
5156,13258,17347,33458,64063,13258,17347,33458,64063,128126,
4222,395716,520081,165267,1081064,395716,520081,165267,1081064,2162128,100867.2142
5920,99631,96507,119774,315912,99631,96507,119774,315912,631824,
5884,14846,19677,18828,53351,14846,19677,18828,53351,106702,
5933,17318,16605,23374,57297,17318,16605,23374,57297,114594,
6355,4610,346,5285,10241,4610,346,5285,10241,20482,
3333,231936,900971,477183,1610090,231936,900971,477183,1610090,3220180,207302.1275
6228,760,40,796,1596,760,40,796,1596,3192,
2800,15747,35893,17389,69029,15747,35893,17389,69029,138058,
6686,52041,64824,83486,200351,52041,64824,83486,200351,400702,3012.714
5437,305749,528359,761245,1595353,305749,528359,761245,1595353,3190706,
5085,58061,69240,165287,292588,58061,69240,165287,292588,585176,
5609,151367,96994,238955,487316,151367,96994,238955,487316,974632,
1900,29478,27602,25869,82949,29478,27602,25869,82949,165898,
3195,2524,6116,1827,10467,2524,6116,1827,10467,20934,
5386,37145,39096,54131,130372,37145,39096,54131,130372,260744,
3880,96128,5480,55177,156785,96128,5480,55177,156785,313570,
8676,11331,3993,1684,17008,11331,3993,1684,17008,34016,
4479,3881,1090,0,4971,3881,1090,0,4971,9942,
4355,6865,3270,52,10187,6865,3270,52,10187,20374,
2463,516,312,5,833,516,312,5,833,1666,
1010,46019,94810,110868,251697,46019,94810,110868,251697,503394,
1322,207616,165777,107988,481381,207616,165777,107988,481381,962762,207803.0938
3151,32943,42011,44604,119558,32943,42011,44604,119558,239116,
5387,38396,36320,71689,146405,38396,36320,71689,146405,292810,
3471,113894,468494,62250,644638,113894,468494,62250,644638,1289276,80314.7552999999
8727,5257,1233,0,6490,5257,1233,0,6490,12980,
5572,291837,357691,570274,1219802,291837,357691,570274,1219802,2439604,129306.6573
7521,2,2,0,4,2,2,0,4,8,
3430,34089,190346,71771,296206,34089,190346,71771,296206,592412,
4691,143513,239229,134336,517078,143513,239229,134336,517078,1034156,7178.9236
5837,10663,29428,13284,53375,10663,29428,13284,53375,106750,
4110,32549,21311,579,54439,32549,21311,579,54439,108878,
5193,10364,16498,26459,53321,10364,16498,26459,53321,106642,
5610,103063,105500,220402,428965,103063,105500,220402,428965,857930,
3152,57678,101785,106978,266441,57678,101785,106978,266441,532882,
2264,22682,42558,6673,71913,22682,42558,6673,71913,143826,
4523,38440,88749,75574,202763,38440,88749,75574,202763,405526,
4538,1916,2099,1767,5782,1916,2099,1767,5782,11564,
3153,69450,64812,101951,236213,69450,64812,101951,236213,472426,
6949,24804,29287,63346,117437,24804,29287,63346,117437,234874,
7203,33981,81708,27823,143512,33981,81708,27823,143512,287024,
8191,27043,56429,11887,95359,27043,56429,11887,95359,190718,
7976,129467,97049,58977,285493,129467,97049,58977,285493,570986,58993.9242
6530,23586,24268,25574,73428,23586,24268,25574,73428,146856,914.4487
6531,17761,24710,22397,64868,17761,24710,22397,64868,129736,
5849,566,955,0,1521,566,955,0,1521,3042,218
9812,30295,37678,43711,111684,30295,37678,43711,111684,223368,
6210,365,112,0,477,365,112,0,477,954,
5388,253532,488647,743061,1485240,253532,488647,743061,1485240,2970480,
9825,3383,4626,2803,10812,3383,4626,2803,10812,21624,
7460,117591,105604,175776,398971,117591,105604,175776,398971,797942,
6267,162,14,0,176,162,14,0,176,352,
6857,11461,16734,32455,60650,11461,16734,32455,60650,121300,256965.4512
5491,283063,540062,679531,1502656,283063,540062,679531,1502656,3005312,819361.649900001
5028,709,1395,615,2719,709,1395,615,2719,5438,
6203,1023,78,56,1157,1023,78,56,1157,2314,
8282,8955,14878,9165,32998,8955,14878,9165,32998,65996,
8677,12196,10816,0,23012,12196,10816,0,23012,46024,
7356,11527,10281,10233,32041,11527,10281,10233,32041,64082,
7462,143404,106920,165587,415911,143404,106920,165587,415911,831822,14702.6772
1035,49328,73054,102850,225232,49328,73054,102850,225232,450464,
3154,39744,77981,132835,250560,39744,77981,132835,250560,501120,
1159,21388,46669,52739,120796,21388,46669,52739,120796,241592,
4025,8586,476,2388,11450,8586,476,2388,11450,22900,
5798,23290,56800,32164,112254,23290,56800,32164,112254,224508,
3474,27201,163053,16207,206461,27201,163053,16207,206461,412922,
2677,67865,122426,80594,270885,67865,122426,80594,270885,541770,
5573,60859,69393,141703,271955,60859,69393,141703,271955,543910,
3897,19249,1224,2771,23244,19249,1224,2771,23244,46488,
5229,326100,614962,1109214,2050276,326100,614962,1109214,2050276,4100552,580460.2068
4271,13567,663,6380,20610,13567,663,6380,20610,41220,
4432,742,378,0,1120,742,378,0,1120,2240,
3882,34039,2048,8298,44385,34039,2048,8298,44385,88770,
5389,103652,100456,337556,541664,103652,100456,337556,541664,1083328,
5758,15912,77765,16848,110525,15912,77765,16848,110525,221050,
3434,18413,176104,19701,214218,18413,176104,19701,214218,428436,1804.0368
3432,17137,49178,50788,117103,17137,49178,50788,117103,234206,
3558,32945,258756,39710,331411,32945,258756,39710,331411,662822,
6951,770053,725472,776413,2271938,770053,725472,776413,2271938,4543876,428431.3604
5921,42149,43846,64138,150133,42149,43846,64138,150133,300266,
2283,48149,2326,20405,70880,48149,2326,20405,70880,141760,
2969,5839,7794,6071,19704,5839,7794,6071,19704,39408,
3887,287448,17690,112055,417193,287448,17690,112055,417193,834386,
3886,37398,841,15966,54205,37398,841,15966,54205,108410,
3888,11650,644,3643,15937,11650,644,3643,15937,31874,
3889,178191,7670,78977,264838,178191,7670,78977,264838,529676,
3891,29970,1796,6669,38435,29970,1796,6669,38435,76870,
7225,8451,7794,3837,20082,8451,7794,3837,20082,40164,
1393,102431,134146,147104,383681,102431,134146,147104,383681,767362,1095.9029
4276,15638,682,1011,17331,15638,682,1011,17331,34662,
9562,86612,138365,102937,327914,86612,138365,102937,327914,655828,5446.6068
3348,139166,165403,90446,395015,139166,165403,90446,395015,790030,10254.9429
3540,57683,418847,156112,632642,57683,418847,156112,632642,1265284,201762.2545
8837,851,211,0,1062,851,211,0,1062,2124,
5390,223503,270896,578133,1072532,223503,270896,578133,1072532,2145064,771494.497800001
5230,248088,619726,872926,1740740,248088,619726,872926,1740740,3481480,36564.5086
6952,40211,73873,121824,235908,40211,73873,121824,235908,471816,
1783,12867,11542,2312,26721,12867,11542,2312,26721,53442,
5574,662137,926541,1194055,2782733,662137,926541,1194055,2782733,5565466,449470.6594
3155,145035,252293,276261,673589,145035,252293,276261,673589,1347178,611011.1668
2439,1233,566,234,2033,1233,566,234,2033,4066,
3817,28920,1208,28501,58629,28920,1208,28501,58629,117258,
4357,760,209,0,969,760,209,0,969,1938,
8728,1624,340,0,1964,1624,340,0,1964,3928,
4518,27020,22197,47389,96606,27020,22197,47389,96606,193212,9382.8395
4433,28896,14652,11091,54639,28896,14652,11091,54639,109278,
5334,32201,58895,177988,269084,32201,58895,177988,269084,538168,10555.6003
9776,104453,142863,144984,392300,104453,142863,144984,392300,784600,
6211,3716,306,683,4705,3716,306,683,4705,9410,
8261,2461,116,633,3210,2461,116,633,3210,6420,
2010,59589,46493,30439,136521,59589,46493,30439,136521,273042,
5826,1270,9481,4976,15727,1270,9481,4976,15727,31454,
4504,313121,555151,449566,1317838,313121,555151,449566,1317838,2635676,
9373,82678,79190,53753,215621,82678,79190,53753,215621,431242,
2364,5490,3905,2620,12015,5490,3905,2620,12015,24030,
7464,710814,776338,709467,2196619,710814,776338,709467,2196619,4393238,581991.9738
5613,12691,11621,41148,65460,12691,11621,41148,65460,130920,
1524,101250,145008,204011,450269,101250,145008,204011,450269,900538,
8838,981,717,0,1698,981,717,0,1698,3396,
5391,88439,124725,214470,427634,88439,124725,214470,427634,855268,6.7407
2141,8613,1873,1389,11875,8613,1873,1389,11875,23750,
5967,9626,13205,976,23807,9626,13205,976,23807,47614,30186.7093
2938,28295,75580,33668,137543,28295,75580,33668,137543,275086,
1342,27059,37280,6048,70387,27059,37280,6048,70387,140774,
2440,5073,2233,1678,8984,5073,2233,1678,8984,17968,
5597,1469534,2322449,5740784,9532767,1469534,2322449,5740784,9532767,19065534,
5426,7223050,13924495,17525793,38673338,7223050,13924495,17525793,38673338,77346676,8311851.33329998
5676,91576,104945,87229,283750,91576,104945,87229,283750,567500,85932.9643
5392,69490,78830,159625,307945,69490,78830,159625,307945,615890,
5231,25589,71842,105106,202537,25589,71842,105106,202537,405074,
6268,11909,5594,3771,21274,11909,5594,3771,21274,42548,
8584,63075.1558718861,123148.665480427,57920.5900355872,244144.4113879,63075.1558718861,123148.665480427,57920.5900355872,244144.4113879,488288.822775801,129686.6775
8591,292830.844128114,571726.334519573,268900.409964413,1133457.5886121,292830.844128114,571726.334519573,268900.409964413,1133457.5886121,2266915.1772242,140115.156
2612,38213,66921,56161,161295,38213,66921,56161,161295,322590,
2154,143937,18446,54493,216876,143937,18446,54493,216876,433752,
2265,117647,16506,39443,173596,117647,16506,39443,173596,347192,
5394,213550,310710,511981,1036241,213550,310710,511981,1036241,2072482,
9365,54592,35712,37601,127905,54592,35712,37601,127905,255810,
5041,21162,32514,43158,96834,21162,32514,43158,96834,193668,
1216,109878,248427,261416,619721,109878,248427,261416,619721,1239442,10361.7561
2665,9738,20944,20126,50808,9738,20944,20126,50808,101616,
6823,88475,93671,169755,351901,88475,93671,169755,351901,703802,
6953,208054,341711,839416,1389181,208054,341711,839416,1389181,2778362,
7407,65744,93154,43930,202828,65744,93154,43930,202828,405656,
2251,37606,12922,20063,70591,37606,12922,20063,70591,141182,
6858,9939,29353,19352,58644,9939,29353,19352,58644,117288,
5575,334073,383120,637891,1355084,334073,383120,637891,1355084,2710168,
5639,25487,10131,17192,52810,25487,10131,17192,52810,105620,
5395,189761,207062,456539,853362,189761,207062,456539,853362,1706724,
5372,38263,40604,77498,156365,38263,40604,77498,156365,312730,
5576,336108,388082,1095499,1819689,336108,388082,1095499,1819689,3639378,
7408,63168,107842,142575,313585,63168,107842,142575,313585,627170,3387.5546
1085,181210,347935,106347,635492,181210,347935,106347,635492,1270984,
5264,4333,4505,6047,14885,4333,4505,6047,14885,29770,
6824,109599,136220,239544,485363,109599,136220,239544,485363,970726,
5959,47005,101191,27277,175473,47005,101191,27277,175473,350946,
3158,9739,9673,26237,45649,9739,9673,26237,45649,91298,
5505,52052,98270,27178,177500,52052,98270,27178,177500,355000,14136.0895
5316,2857,1990,2981,7828,2857,1990,2981,7828,15656,
2384,153938,260501,47168,461607,153938,260501,47168,461607,923214,289650.369999999
2390,294131,354594,147754,796479,294131,354594,147754,796479,1592958,91726.9287
4600,67317,106278,87833,261428,67317,106278,87833,261428,522856,
8530,73846,163850,53603,291299,73846,163850,53603,291299,582598,
1121,11257,785,7817,19859,11257,785,7817,19859,39718,
7079,48471,51706,67653,167830,48471,51706,67653,167830,335660,
5241,7089,8823,9324,25236,7089,8823,9324,25236,50472,
5598,7993228,14565328,25409715,47968271,7993228,14565328,25409715,47968271,95936542,9389235.4596
5158,363826,1007491,2025648,3396965,363826,1007491,2025648,3396965,6793930,1509875.9191
2133,225294,93097,109903,428294,225294,93097,109903,428294,856588,
1455,108826,389409,34962,533197,108826,389409,34962,533197,1066394,
1402,800518,1656546,589125,3046189,800518,1656546,589125,3046189,6092378,545153.948
1403,10137,16613,26405,53155,10137,16613,26405,53155,106310,
7057,19047,32566,17324,68937,19047,32566,17324,68937,137874,
6095,18785,14912,36696,70393,18785,14912,36696,70393,140786,
3796,15540,738,9307,25585,15540,738,9307,25585,51170,
8589,85228,54260,31674,171162,85228,54260,31674,171162,342324,
6859,4210,4014,3398,11622,4210,4014,3398,11622,23244,
8509,12449,10877,7363,30689,12449,10877,7363,30689,61378,
6073,34715,24111,36832,95658,34715,24111,36832,95658,191316,
5128,226050,229222,733592,1188864,226050,229222,733592,1188864,2377728,
1940,64759,160773,238751,464283,64759,160773,238751,464283,928566,355.015
4690,108785,75396,95037,279218,108785,75396,95037,279218,558436,
4434,36288,21785,554,58627,36288,21785,554,58627,117254,
6183,397656,397138,519912,1314706,397656,397138,519912,1314706,2629412,100207.3384
6096,67030,78912,116585,262527,67030,78912,116585,262527,525054,
1347,18251,22526,5857,46634,18251,22526,5857,46634,93268,
1423,210987,552069,498423,1261479,210987,552069,498423,1261479,2522958,11249.8181
1509,50651,125580,57880,234111,50651,125580,57880,234111,468222,
9673,39458,45525,19783,104766,39458,45525,19783,104766,209532,
1466,57653,53234,106589,217476,57653,53234,106589,217476,434952,
2681,1096,378,0,1474,1096,378,0,1474,2948,
2266,10597,10074,2312,22983,10597,10074,2312,22983,45966,
8875,416205,617333,217275,1250813,416205,617333,217275,1250813,2501626,
5684,151169,168594,315117,634880,151169,168594,315117,634880,1269760,
9250,20794,24837,13451,59082,20794,24837,13451,59082,118164,
5411,456838,877324,816129,2150291,456838,877324,816129,2150291,4300582,450794.415200001
3174,216377,412616,315451,944444,216377,412616,315451,944444,1888888,
5086,111317,134269,229291,474877,111317,134269,229291,474877,949754,
3188,99460,106485,379450,585395,99460,106485,379450,585395,1170790,1259.6139
7474,680899,922344,425196,2028439,680899,922344,425196,2028439,4056878,17612.6137
1421,323897,566978,946208,1837083,323897,566978,946208,1837083,3674166,362163.9673
1525,324127,363841,720567,1408535,324127,363841,720567,1408535,2817070,510450.9116
7466,56351,26281,92473,175105,56351,26281,92473,175105,350210,
9564,28137,42318,26426,96881,28137,42318,26426,96881,193762,
2201,146891,105202,92840,344933,146891,105202,92840,344933,689866,
5129,68779,118093,189941,376813,68779,118093,189941,376813,753626,
5438,192488,285091,559270,1036849,192488,285091,559270,1036849,2073698,50468.0414
3059,55024,76008,40971,172003,55024,76008,40971,172003,344006,2417.1672
7329,6865,4675,1022,12562,6865,4675,1022,12562,25124,
5242,8337,14601,15494,38432,8337,14601,15494,38432,76864,
5293,39427,36718,74444,150589,39427,36718,74444,150589,301178,
5054,91677,108944,270754,471375,91677,108944,270754,471375,942750,
5278,55866,166431,131878,354175,55866,166431,131878,354175,708350,
5712,66104,124790,42667,233561,66104,124790,42667,233561,467122,198314.2451
7476,153037,150986,170913,474936,153037,150986,170913,474936,949872,
5151,106837,121060,274831,502728,106837,121060,274831,502728,1005456,
5030,5932,10953,17614,34499,5932,10953,17614,34499,68998,
9231,7607,5764,4512,17883,7607,5764,4512,17883,35766,
7226,3142,1910,1589,6641,3142,1910,1589,6641,13282,2089.1797
9998,109256,155242,123084,387582,109256,155242,123084,387582,775164,36047.2516
5195,11709,21259,51387,84355,11709,21259,51387,84355,168710,
2619,17897,63572,27486,108955,17897,63572,27486,108955,217910,
3388,9672,9839,4493,24004,9672,9839,4493,24004,48008,
3391,97335,313011,108240,518586,97335,313011,108240,518586,1037172,8485.493
7572,4404,4394,304,9102,4404,4394,304,9102,18204,
5577,377290,308402,509878,1195570,377290,308402,509878,1195570,2391140,561854.8584
5965,88516,296276,23476,408268,88516,296276,23476,408268,816536,7271.7621
2772,12090,31189,12132,55411,12090,31189,12132,55411,110822,
2736,21760,12535,10729,45024,21760,12535,10729,45024,90048,
1585,3514,7849,1923,13286,3514,7849,1923,13286,26572,
9753,33328,54344,41021,128693,33328,54344,41021,128693,257386,2386.2142
5759,9022,18966,4983,32971,9022,18966,4983,32971,65942,
9665,7458,10827,4351,22636,7458,10827,4351,22636,45272,
2161,27051,63710,20646,111407,27051,63710,20646,111407,222814,
8184,30401,9617,13952,53970,30401,9617,13952,53970,107940,
5527,19918,29954,76413,126285,19918,29954,76413,126285,252570,
1348,25702,20567,6845,53114,25702,20567,6845,53114,106228,
3896,2044,232,1783,4059,2044,232,1783,4059,8118,
6956,64432,120974,203604,389010,64432,120974,203604,389010,778020,
6846,1533,1230,3096,5859,1533,1230,3096,5859,11718,
4935,771213,1453543,439,2225195,771213,1453543,439,2225195,4450390,
9777,45092,47411,51752,144255,45092,47411,51752,144255,288510,
2048,76250,34210,15156,125616,76250,34210,15156,125616,251232,
4111,20421,6852,693,27966,20421,6852,693,27966,55932,2655.733
8130,264,1,370,635,264,1,370,635,1270,
4539,23936,22351,7843,54130,23936,22351,7843,54130,108260,
5196,42807,140190,193728,376725,42807,140190,193728,376725,753450,
7187,5357,2609,3781,11747,5357,2609,3781,11747,23494,
7047,39729,60271,98311,198311,39729,60271,98311,198311,396622,
5611,157615,176177,328862,662654,157615,176177,328862,662654,1325308,
6551,4819,4531,1122,10472,4819,4531,1122,10472,20944,
5396,39932,41877,66164,147973,39932,41877,66164,147973,295946,
5439,20578,18348,28843,67769,20578,18348,28843,67769,135538,
8680,6481,4913,0,11394,6481,4913,0,11394,22788,
6891,185582,234177,661956,1081715,185582,234177,661956,1081715,2163430,561891.7728
7227,5814,10439,3197,19450,5814,10439,3197,19450,38900,
7695,910,52,853,1815,910,52,853,1815,3630,
2391,77548,78097,31551,187196,77548,78097,31551,187196,374392,
4528,32931,45026,83935,161892,32931,45026,83935,161892,323784,
2363,179312,282009,74185,535506,179312,282009,74185,535506,1071012,443347.4393
2406,130436,447403,246475,824314,130436,447403,246475,824314,1648628,198208.5612
2098,17648,5109,5297,28054,17648,5109,5297,28054,56108,
3965,5186,326,864,6376,5186,326,864,6376,12752,
1457,457077,707561,661115,1825753,457077,707561,661115,1825753,3651506,2318814.0612
9781,32541,35040,54941,122522,32541,35040,54941,122522,245044,
1905,5533,1659,2245,9437,5533,1659,2245,9437,18874,
4568,5813,3149,777,9739,5813,3149,777,9739,19478,
2774,164010,267137,139115,570262,164010,267137,139115,570262,1140524,84728.6138
1056,17171,1858,17713,36742,17171,1858,17713,36742,73484,
5578,1925418,2610195,4915395,9451008,1925418,2610195,4915395,9451008,18902016,1373693.832
5612,33658,31416,129719,194793,33658,31416,129719,194793,389586,
5042,526,1641,1232,3399,526,1641,1232,3399,6798,
5924,438566,796199,1054591,2289356,438566,796199,1054591,2289356,4578712,89352.9150999998
5528,29936,46926,85587,162449,29936,46926,85587,162449,324898,
6024,162889,141949,406575,711413,162889,141949,406575,711413,1422826,
1978,34803,131583,20957,187343,34803,131583,20957,187343,374686,
3175,172547,517636,234225,924408,172547,517636,234225,924408,1848816,53844.3908
5672,207576,339760,144242,691578,207576,339760,144242,691578,1383156,55908.9866
5697,63150,74633,96842,234625,63150,74633,96842,234625,469250,
5698,78622,48738,88000,215360,78622,48738,88000,215360,430720,
2269,24771,52645,6442,83858,24771,52645,6442,83858,167716,
9694,56474,70061,73122,199657,56474,70061,73122,199657,399314,
6844,160329,256134,705924,1122387,160329,256134,705924,1122387,2244774,134233.249
5640,32088,24804,67697,124589,32088,24804,67697,124589,249178,
1011,17487,57713,51778,126978,17487,57713,51778,126978,253956,
5341,42804,76094,129166,248064,42804,76094,129166,248064,496128,24831.1666
6860,23742,59107,92809,175658,23742,59107,92809,175658,351316,2203.5119
1539,3321,7651,9261,20233,3321,7651,9261,20233,40466,
5685,969635,1154702,1607131,3731468,969635,1154702,1607131,3731468,7462936,1567744.7929
5696,299100,422589,380334,1102023,299100,422589,380334,1102023,2204046,161197.71
5440,23897,34817,74589,133303,23897,34817,74589,133303,266606,
1218,418656,1109562,575298,2103516,418656,1109562,575298,2103516,4207032,337157.7924
1364,22498,31781,126925,181204,22498,31781,126925,181204,362408,
6688,35283,34620,31860,101763,35283,34620,31860,101763,203526,
4536,1717,1525,2602,5844,1717,1525,2602,5844,11688,
6954,78616,111555,202854,393025,78616,111555,202854,393025,786050,
7228,26940,50058,16245,93243,26940,50058,16245,93243,186486,
7467,61266,102680,137268,301214,61266,102680,137268,301214,602428,
9639,6885,6954,8919,22758,6885,6954,8919,22758,45516,
6892,43114,40168,193938,277220,43114,40168,193938,277220,554440,
6732,6047,3357,5192,14596,6047,3357,5192,14596,29192,
8578,55548,44678,45931,146157,55548,44678,45931,146157,292314,
2835,5129,11740,4428,21297,5129,11740,4428,21297,42594,
5441,32583,42133,108047,182763,32583,42133,108047,182763,365526,
2773,17893,34502,41196,93591,17893,34502,41196,93591,187182,
5960,28096,50463,14486,93045,28096,50463,14486,93045,186090,
5925,26444,17053,25719,69216,26444,17053,25719,69216,138432,
5152,353114,640036,868981,1862131,353114,640036,868981,1862131,3724262,
5153,41864,63319,157971,263154,41864,63319,157971,263154,526308,
4540,2035,1047,2230,5312,2035,1047,2230,5312,10624,
4893,259601,310987,359404,929992,259601,310987,359404,929992,1859984,182860.6083
5579,251304,300911,805757,1357972,251304,300911,805757,1357972,2715944,
4891,122991,139864,183067,445922,122991,139864,183067,445922,891844,82418.1164999997
2040,52149,22310,18105,92564,52149,22310,18105,92564,185128,
6574,127477,49534,48114,225125,127477,49534,48114,225125,450250,19745.2507
3390,48236,58794,19765,126795,48236,58794,19765,126795,253590,
5686,19539,9398,76841,105778,19539,9398,76841,105778,211556,
7326,4833,3060,2677,10570,4833,3060,2677,10570,21140,
5279,223167,681451,399323,1303941,223167,681451,399323,1303941,2607882,93110.4043000002
6907,2298,2783,7161,12242,2298,2783,7161,12242,24484,
5673,18713,14558,21848,55119,18713,14558,21848,55119,110238,
1350,4321,1490,52,5863,4321,1490,52,5863,11726,
8123,378,52,314,744,378,52,314,744,1488,
4486,14825,4754,1294,20873,14825,4754,1294,20873,41746,
4487,176012,108799,22842,307653,176012,108799,22842,307653,615306,7824.6203
5031,16412,27786,28548,72746,16412,27786,28548,72746,145492,
7514,13849,28128,10164,52141,13849,28128,10164,52141,104282,
1138,51822,88106,106471,246399,51822,88106,106471,246399,492798,
7383,22663,43214,18366,84243,22663,43214,18366,84243,168486,
4532,6587,9683,9126,25396,6587,9683,9126,25396,50792,
5232,3539,4202,4302,12043,3539,4202,4302,12043,24086,
4537,46088,63479,71939,181506,46088,63479,71939,181506,363012,
7917,20979,34247,5990,61216,20979,34247,5990,61216,122432,
3380,50989,66338,36247,153574,50989,66338,36247,153574,307148,
3392,60777,92591,45897,199265,60777,92591,45897,199265,398530,
5827,1051,4815,1007,6873,1051,4815,1007,6873,13746,
5838,19609,75065,4201,98875,19609,75065,4201,98875,197750,2845.2757
5856,17630,44210,2786,64626,17630,44210,2786,64626,129252,2150.2125
5857,1318,1852,106,3276,1318,1852,106,3276,6552,
3818,4364,165,362,4891,4364,165,362,4891,9782,
9990,22991,28129,19810,70930,22991,28129,19810,70930,141860,
8263,639360,2596354,624693,3860407,639360,2596354,624693,3860407,7720814,1179463.0244
1351,2338,676,1203,4217,2338,676,1203,4217,8434,
4026,86596,4301,61372,152269,86596,4301,61372,152269,304538,
3871,27566,1327,4011,32904,27566,1327,4011,32904,65808,
