NLC,Entries_Full,Entries_Reduced,Entries_Season,Entries_Total,Exits_Full,Exits_Reduced,Exits_Season,Exits_Total,1415 Entries & Exits,1415 Interchanges
5131,332510,435776,891418,1659704,332510,435776,891418,1659704,3319408,0
3813,46815,3371,56087,106273,46815,3371,56087,106273,212546,0
3801,73186,6716,52827,132729,73186,6716,52827,132729,265458,40847.1439
3982,160625,19037,96302,275964,160625,19037,96302,275964,551928,0
8976,654309,891364,325650,1871323,654309,891364,325650,1871323,3742646,219002.4081
9090,19038,29191,16508,64737,19038,29191,16508,64737,129474,0
4435,14127,4215,0,18342,14127,4215,0,18342,36684,0
4440,116,47,0,163,116,47,0,163,326,0
3602,98339,66950,47238,212527,98339,66950,47238,212527,425054,0
2448,17417,15742,3662,36821,17417,15742,3662,36821,73642,0
4303,62398,89209,262,151869,62398,89209,262,151869,303738,0
2552,114204,33616,43519,191339,114204,33616,43519,191339,382678,0
8600,204,37,0,241,204,37,0,241,482,0
8601,1049,812,0,1861,1049,812,0,1861,3722,0
8602,278,112,10,400,278,112,10,400,800,0
7662,90,13,0,103,90,13,0,103,206,0
7286,7490,12492,4056,24038,7490,12492,4056,24038,48076,0
4529,52862,71545,89333,213740,52862,71545,89333,213740,427480,0
2287,5238,2258,1247,8743,5238,2258,1247,8743,17486,0
1404,241943,326388,901968,1470299,241943,326388,901968,1470299,2940598,0
3000,34169,34820,158064,227053,34169,34820,158064,227053,454106,0
1036,5648,6405,17567,29620,5648,6405,17567,29620,59240,0
9310,3249,5536,2322,11107,3249,5536,2322,11107,22214,0
5550,72456,51996,78943,203395,72456,51996,78943,203395,406790,0
5160,2849,3737,4601,11187,2849,3737,4601,11187,22374,0
2939,5106,4617,1864,11587,5106,4617,1864,11587,23174,0
2641,22808,14184,18459,55451,22808,14184,18459,55451,110902,0
8353,50604,25411,20965,96980,50604,25411,20965,96980,193960,0
2255,93374,138581,141437,373392,93374,138581,141437,373392,746784,0
2350,127859,260452,103618,491929,127859,260452,103618,491929,983858,0
2125,148293,167740,226141,542174,148293,167740,226141,542174,1084348,0
9695,19358,29073,11133,59564,19358,29073,11133,59564,119128,0
9759,126490,247075,178530,552095,126490,247075,178530,552095,1104190,0
5132,100475,104204,319486,524165,100475,104204,319486,524165,1048330,0
4614,11672,14736,18297,44705,11672,14736,18297,44705,89410,0
2760,45630,44140,27317,117087,45630,44140,27317,117087,234174,0
3145,9012,15084,13327,37423,9012,15084,13327,37423,74846,0
5623,212310,280898,223917,717125,212310,280898,223917,717125,1434250,140503.853
5280,24634,48572,40396,113602,24634,48572,40396,113602,227204,0
6025,168810,200905,340211,709926,168810,200905,340211,709926,1419852,43894.7462
9905,40334,54797,41104,136235,40334,54797,41104,136235,272470,0
9861,41089,72144,66704,179937,41089,72144,66704,179937,359874,0
1805,56291,57546,21012,134849,56291,57546,21012,134849,269698,0
7520,20430,3064,6164,29658,20430,3064,6164,29658,59316,0
9883,49647,112652,38902,201201,49647,112652,38902,201201,402402,0
8605,8870,2382,1715,12967,8870,2382,1715,12967,25934,0
7787,54425,76196,21931,152552,54425,76196,21931,152552,305104,1403.5782
6847,5473,6889,18687,31049,5473,6889,18687,31049,62098,0
1223,27826,12352,7968,48146,27826,12352,7968,48146,96292,0
6869,4793,4982,12898,22673,4793,4982,12898,22673,45346,0
6532,1575,3124,344,5043,1575,3124,344,5043,10086,0
8606,105,15,0,120,105,15,0,120,240,0
5544,85118,125549,161402,372069,85118,125549,161402,372069,744138,0
2806,41689,69673,92556,203918,41689,69673,92556,203918,407836,70.2854
1198,24280,10389,37743,72412,24280,10389,37743,72412,144824,0
1678,6682,10434,2445,19561,6682,10434,2445,19561,39122,0
5250,5094,15368,8728,29190,5094,15368,8728,29190,58380,0
506,387878,403753,275358,1066989,387878,403753,275358,1066989,2133978,0
4236,6203,3757,159,10119,6203,3757,159,10119,20238,0
6358,2350,343,2262,4955,2350,343,2262,4955,9910,0
9965,77101,56485,183248,316834,77101,56485,183248,316834,633668,0
5510,113680,247366,227991,589037,113680,247366,227991,589037,1178074,1207.3877
5397,103394,141364,135487,380245,103394,141364,135487,380245,760490,0
6909,4620,1867,36398,42885,4620,1867,36398,42885,85770,0
5267,70558,222486,148196,441240,70558,222486,148196,441240,882480,0
9451,7145,54908,1350,63403,7145,54908,1350,63403,126806,0
9972,165619,233678,167224,566521,165619,233678,167224,566521,1133042,0
2662,10241,5970,2186,18397,10241,5970,2186,18397,36794,0
2052,24623,3249,667,28539,24623,3249,667,28539,57078,2.6586
5003,3273,6505,8954,18732,3273,6505,8954,18732,37464,0
3109,986,1873,1010,3869,986,1873,1010,3869,7738,0
2396,19046,69765,32706,121517,19046,69765,32706,121517,243034,0
1430,66483,76792,111957,255232,66483,76792,111957,255232,510464,0
9079,69538,87044,39915,196497,69538,87044,39915,196497,392994,799.6224
8613,3230,658,320,4208,3230,658,320,4208,8416,0
9962,1077,1460,0,2537,1077,1460,0,2537,5074,0
9453,35167,29586,138,64891,35167,29586,138,64891,129782,0
9569,25290,51888,32415,109593,25290,51888,32415,109593,219186,371.724
9455,2453,5137,3361,10951,2453,5137,3361,10951,21902,0
2960,138,102,31,271,138,102,31,271,542,0
9961,163848,385536,169814,719198,163848,385536,169814,719198,1438396,0
8821,2178,1620,0,3798,2178,1620,0,3798,7596,0
6171,77201,103982,132415,313598,77201,103982,132415,313598,627196,0
990,25703,34703,32761,93167,25703,34703,32761,93167,186334,0
2054,3367,434,92,3893,3367,434,92,3893,7786,0
1963,28434,21270,7341,57045,28434,21270,7341,57045,114090,0
8045,149,395,444,988,149,395,444,988,1976,0
9963,4239,2171,399,6809,4239,2171,399,6809,13618,0
5251,19496,78135,54599,152230,19496,78135,54599,152230,304460,0
5666,201823,287585,123467,612875,201823,287585,123467,612875,1225750,318851.6997
3003,1519,74,420,2013,1519,74,420,2013,4026,0
5641,37530,45092,61653,144275,37530,45092,61653,144275,288550,31889.4855
5547,57046,63061,117124,237231,57046,63061,117124,237231,474462,136286.4348
2941,11996,14834,18921,45751,11996,14834,18921,45751,91502,0
4700,16112,17263,10317,43692,16112,17263,10317,43692,87384,0
9953,11924,22158,6153,40235,11924,22158,6153,40235,80470,0
5667,125728,127954,268312,521994,125728,127954,268312,521994,1043988,0
5004,287399,735457,784539,1807395,287399,735457,784539,1807395,3614790,834962.791500003
2850,1268,1502,411,3181,1268,1502,411,3181,6362,0
5347,159492,177233,311492,648217,159492,177233,311492,648217,1296434,0
2790,39190,94839,55992,190021,39190,94839,55992,190021,380042,0
5398,2235,4462,5065,11762,2235,4462,5065,11762,23524,0
5906,14386,18891,28789,62066,14386,18891,28789,62066,124132,0
6083,15223,12103,41993,69319,15223,12103,41993,69319,138638,0
1953,18799,511,12516,31826,18799,511,12516,31826,63652,0
6233,3891,3876,3346,11113,3891,3876,3346,11113,22226,0
2095,8533,3219,2089,13841,8533,3219,2089,13841,27682,0
1380,862,2001,2180,5043,862,2001,2180,5043,10086,0
1004,50192,84588,109958,244738,50192,84588,109958,244738,489476,48372.9661
1074,26856,21714,11812,60382,26856,21714,11812,60382,120764,0
2584,39308,78493,103114,220915,39308,78493,103114,220915,441830,0
8608,217,175,0,392,217,175,0,392,784,0
1624,35822,5870,14574,56266,35822,5870,14574,56266,112532,0
7367,23717,34729,18468,76914,23717,34729,18468,76914,153828,0
9457,10194,15257,5878,31329,10194,15257,5878,31329,62658,0
7017,78387,142767,218219,439373,78387,142767,218219,439373,878746,6887.0483
2215,21704,40689,29277,91670,21704,40689,29277,91670,183340,0
8610,29534,43029,2799,75362,29534,43029,2799,75362,150724,37.0872
3265,4985,4253,478,9716,4985,4253,478,9716,19432,0
3200,41873,4204,13885,59962,41873,4204,13885,59962,119924,0
5714,19324,123118,50671,193113,19324,123118,50671,193113,386226,0
1492,158271,191377,217463,567111,158271,191377,217463,567111,1134222,3688.9591
1090,12981,15434,35907,64322,12981,15434,35907,64322,128644,0
5162,18579,14849,24525,57953,18579,14849,24525,57953,115906,0
5197,11974,17217,11223,40414,11974,17217,11223,40414,80828,0
9463,227417,403371,155303,786091,227417,403371,155303,786091,1572182,50473.8852
2187,66306,94072,23740,184118,66306,94072,23740,184118,368236,0
4186,6981,2338,4436,13755,6981,2338,4436,13755,27510,0
5681,30545,25398,27505,83448,30545,25398,27505,83448,166896,0
8552,51984,29507,43932,125423,51984,29507,43932,125423,250846,0
9763,17934,23753,14748,56435,17934,23753,14748,56435,112870,0
5492,11534,21356,31480,64370,11534,21356,31480,64370,128740,0
6084,82063,107926,121960,311949,82063,107926,121960,311949,623898,0
5399,780875,1239687,1801337,3821899,780875,1239687,1801337,3821899,7643798,372421.2855
9862,65283,146852,64668,276803,65283,146852,64668,276803,553606,0
9013,100,20,426,546,100,20,426,546,1092,0
2561,26471,5690,9425,41586,26471,5690,9425,41586,83172,0
2820,6631,6679,1004,14314,6631,6679,1004,14314,28628,0
8839,1322,1637,0,2959,1322,1637,0,2959,5918,0
4502,281505,551373,335548,1168426,281505,551373,335548,1168426,2336852,362072.337299999
2471,100228,212113,23044,335385,100228,212113,23044,335385,670770,1510.5917
2238,20158,36832,22729,79719,20158,36832,22729,79719,159438,0
5348,23593,17952,27788,69333,23593,17952,27788,69333,138666,0
9466,21761,35726,25668,83155,21761,35726,25668,83155,166310,0
7563,1870,2321,473,4664,1870,2321,473,4664,9328,0
2690,55856,6924,29135,91915,55856,6924,29135,91915,183830,0
9764,12964,17355,12615,42934,12964,17355,12615,42934,85868,0
4011,68774,6651,35722,111147,68774,6651,35722,111147,222294,0
7492,1312501,2030518,1494487,4837506,1312501,2030518,1494487,4837506,9675012,649314.0786
5133,17107,17621,30235,64963,17107,17621,30235,64963,129926,0
4445,59553,17486,9597,86636,59553,17486,9597,86636,173272,0
5089,143022,240130,505749,888901,143022,240130,505749,888901,1777802,0
5551,288410,342746,512013,1143169,288410,342746,512013,1143169,2286338,31473.0147
5580,119429,122803,139712,381944,119429,122803,139712,381944,763888,0
6406,6574,22773,4274,33621,6574,22773,4274,33621,67242,4309.0856
5252,78225,176722,252880,507827,78225,176722,252880,507827,1015654,922345.978299999
9973,11770,14887,9851,36508,11770,14887,9851,36508,73016,0
6774,249821,302354,198845,751020,249821,302354,198845,751020,1502040,23980.5899
5725,10122,175589,27986,213697,10122,175589,27986,213697,427394,0
1096,40400,28569,56661,125630,40400,28569,56661,125630,251260,36517.1109
9674,81759,123096,135281,340136,81759,123096,135281,340136,680272,0
9467,1708,3800,0,5508,1708,3800,0,5508,11016,0
6212,750,69,0,819,750,69,0,819,1638,0
1954,162083,105744,57085,324912,162083,105744,57085,324912,649824,14520.9959
1903,14267,12487,19751,46505,14267,12487,19751,46505,93010,0
3805,149769,20003,95793,265565,149769,20003,95793,265565,531130,3237.7184
3806,67799,5664,29150,102613,67799,5664,29150,102613,205226,0
3807,130196,20996,152910,304102,130196,20996,152910,304102,608204,0
9020,30,0,0,30,30,0,0,30,60,0
6207,18160,2528,1195,21883,18160,2528,1195,21883,43766,0
7494,411259,343011,650786,1405056,411259,343011,650786,1405056,2810112,0
5520,585717,1077508,1117482,2780707,585717,1077508,1117482,2780707,5561414,863027.5585
5090,11562,11439,18932,41933,11562,11439,18932,41933,83866,0
3271,623525,1930218,557320,3111063,623525,1930218,557320,3111063,6222126,193605.0763
9311,158091,241137,189029,588257,158091,241137,189029,588257,1176514,0
8484,53961,56235,47429,157625,53961,56235,47429,157625,315250,0
7909,637,107,0,744,637,107,0,744,1488,0
5420,197943,234087,776577,1208607,197943,234087,776577,1208607,2417214,3758.0329
5215,49923,112380,104017,266320,49923,112380,104017,266320,532640,0
6870,2176,2881,2418,7475,2176,2881,2418,7475,14950,0
6006,7546,8812,8540,24898,7546,8812,8540,24898,49796,0
3047,213481,201701,364007,779189,213481,201701,364007,779189,1558378,0
2420,262,125,224,611,262,125,224,611,1222,0
9966,84134,118163,83064,285361,84134,118163,83064,285361,570722,0
5091,26221,61308,110891,198420,26221,61308,110891,198420,396840,0
8822,161,75,0,236,161,75,0,236,472,0
5890,1068,2167,955,4190,1068,2167,955,4190,8380,0
8877,13709,13577,1437,28723,13709,13577,1437,28723,57446,0
2188,202785,154967,102139,459891,202785,154967,102139,459891,919782,0
7258,13358,32857,6412,52627,13358,32857,6412,52627,105254,0
5076,45177,43896,80538,169611,45177,43896,80538,169611,339222,0
5046,300277,339604,757186,1397067,300277,339604,757186,1397067,2794134,88470.1383999999
1512,246214.486765603,851878.161821509,758573.899003863,1856666.54759097,246214.486765603,851878.161821509,758573.899003863,1856666.54759097,3713333.09518195,48198.0234
1510,11483.5132343972,39731.8381784916,35380.1009961374,86595.4524090262,11483.5132343972,39731.8381784916,35380.1009961374,86595.4524090262,173190.904818052,0
5538,21267,18230,28979,68476,21267,18230,28979,68476,136952,0
3245,21242,12942,9587,43771,21242,12942,9587,43771,87542,0
1165,26789,3899,8126,38814,26789,3899,8126,38814,77628,0
3070,7534,32406,17964,57904,7534,32406,17964,57904,115808,0
1625,158340,96888,49623,304851,158340,96888,49623,304851,609702,85291.9903999998
5198,4256,6147,4487,14890,4256,6147,4487,14890,29780,0
2785,816,3199,725,4740,816,3199,725,4740,9480,0
9895,97264,141891,81974,321129,97264,141891,81974,321129,642258,38365.3108
5062,73770,77849,246210,397829,73770,77849,246210,397829,795658,0
9714,90889,147410,192037,430336,90889,147410,192037,430336,860672,47373.0976
5350,22186,12738,40827,75751,22186,12738,40827,75751,151502,0
1679,31846,48173,25001,105020,31846,48173,25001,105020,210040,706.0486
5227,1692,1353,3706,6751,1692,1353,3706,6751,13502,0
5092,105842,139457,208121,453420,105842,139457,208121,453420,906840,0
8047,2685,1978,1073,5736,2685,1978,1073,5736,11472,0
8564,38269,40977,25925,105171,38269,40977,25925,105171,210342,0
7439,434342,354922,921359,1710623,434342,354922,921359,1710623,3421246,0
2676,9405,1985,26,11416,9405,1985,26,11416,22832,0
5624,15259,14360,45810,75429,15259,14360,45810,75429,150858,0
8352,34756,13415,17482,65653,34756,13415,17482,65653,131306,0
3549,1334,11424,5783,18541,1334,11424,5783,18541,37082,0
3550,560,5231,2638,8429,560,5231,2638,8429,16858,0
1390,228201,279338,332311,839850,228201,279338,332311,839850,1679700,0
1045,27018,35604,69624,132246,27018,35604,69624,132246,264492,0
7330,391,270,37,698,391,270,37,698,1396,0
8431,5507,6630,3391,15528,5507,6630,3391,15528,31056,0
5581,47673,60412,94846,202931,47673,60412,94846,202931,405862,0
5323,6295,19641,12737,38673,6295,19641,12737,38673,77346,0
7791,15917,230459,22879,269255,15917,230459,22879,269255,538510,1339.085
2351,418,1034,15,1467,418,1034,15,1467,2934,0
1003,10685,23715,33820,68220,10685,23715,33820,68220,136440,0
5472,1903,2291,4029,8223,1903,2291,4029,8223,16446,0
6961,100232,141952,209602,451786,100232,141952,209602,451786,903572,0
2449,11629,8909,204,20742,11629,8909,204,20742,41484,0
8048,58779,148537,96908,304224,58779,148537,96908,304224,608448,10.3056
5211,90666,252404,411705,754775,90666,252404,411705,754775,1509550,0
5093,134887,188706,372129,695722,134887,188706,372129,695722,1391444,0
5094,297405,371650,984577,1653632,297405,371650,984577,1653632,3307264,0
3048,144811,448516,254874,848201,144811,448516,254874,848201,1696402,0
3104,4195,31229,8796,44220,4195,31229,8796,44220,88440,0
5063,118624,124017,232055,474696,118624,124017,232055,474696,949392,1304.4857
2136,61700,52906,45991,160597,61700,52906,45991,160597,321194,92813.9941
6170,102189,162847,206643,471679,102189,162847,206643,471679,943358,0
4618,15953,11528,29194,56675,15953,11528,29194,56675,113350,0
6871,246527,332196,974652,1553375,246527,332196,974652,1553375,3106750,0
7910,23251,8269,6470,37990,23251,8269,6470,37990,75980,0
5464,40419,84887,123456,248762,40419,84887,123456,248762,497524,0
6235,9034,12309,4546,25889,9034,12309,4546,25889,51778,0
8553,198057,222080,192069,612206,198057,222080,192069,612206,1224412,0
3907,12518,1125,9150,22793,12518,1125,9150,22793,45586,0
5163,15629,35345,111363,162337,15629,35345,111363,162337,324674,0
2304,147719,90151,105464,343334,147719,90151,105464,343334,686668,0
5401,18060,13512,20266,51838,18060,13512,20266,51838,103676,0
2352,84566,285116,107705,477387,84566,285116,107705,477387,954774,0
2217,201399,207895,122168,531462,201399,207895,122168,531462,1062924,0
2219,219337,406360,235813,861510,219337,406360,235813,861510,1723020,245424.6216
2145,184686,106524,80792,372002,184686,106524,80792,372002,744004,64990.8728
2220,180276,134805,77702,392783,180276,134805,77702,392783,785566,0
4513,413,4774,632,5819,413,4774,632,5819,11638,0
1215,702065,1158809,703522,2564396,702065,1158809,703522,2564396,5128792,81666.7362
4515,646192,1278488,1335956,3260636,646192,1278488,1335956,3260636,6521272,421290.9765
1127,3335594,6848276,7472524,17656394,3335594,6848276,7472524,17656394,35312788,5379133.46330003
1006,353703,681763,1233588,2269054,353703,681763,1233588,2269054,4538108,239371.9419
7835,35441,13316,5226,53983,35441,13316,5226,53983,107966,0
9940,98268,239835,80089,418192,98268,239835,80089,418192,836384,0
6800,310979,432134,771992,1515105,310979,432134,771992,1515105,3030210,85713.6339
5402,3655,9951,1861,15467,3655,9951,1861,15467,30934,0
9620,68311,110746,137623,316680,68311,110746,137623,316680,633360,0
5945,18638,16130,17283,52051,18638,16130,17283,52051,104102,0
2737,336255,167621,128311,632187,336255,167621,128311,632187,1264374,94168.2334
5112,1305279,1259641,5009592,7574512,1305279,1259641,5009592,7574512,15149024,1199416.117
5095,359381,451134,802536,1613051,359381,451134,802536,1613051,3226102,17584.1351
7400,186482,312029,52307,550818,186482,312029,52307,550818,1101636,0
2739,356096,469309,53366,878771,356096,469309,53366,878771,1757542,2771.348
2738,21489,31860,1237,54586,21489,31860,1237,54586,109172,0
2740,38915,22676,4126,65717,38915,22676,4126,65717,131434,58.0828
991,8503,10019,7213,25735,8503,10019,7213,25735,51470,0
2732,17868,17915,237023,272806,17868,17915,237023,272806,545612,0
5625,62049,119861,71739,253649,62049,119861,71739,253649,507298,0
2450,10261,13397,175,23833,10261,13397,175,23833,47666,0
8750,2612,5218,201,8031,2612,5218,201,8031,16062,0
9760,50875,82568,91406,224849,50875,82568,91406,224849,449698,0
1176,46968,44754,80274,171996,46968,44754,80274,171996,343992,0
4574,10050,5133,30666,45849,10050,5133,30666,45849,91698,0
9716,70262,123846,117421,311529,70262,123846,117421,311529,623058,0
7503,1887,1149,2904,5940,1887,1149,2904,5940,11880,0
6204,1862,247,160,2269,1862,247,160,2269,4538,0
1360,63171,184143,247145,494459,63171,184143,247145,494459,988918,85134.0127
1141,9830,10125,137,20092,9830,10125,137,20092,40184,0
1018,10342,9926,204,20472,10342,9926,204,20472,40944,0
2123,164547,352661,167617,684825,164547,352661,167617,684825,1369650,0
1282,18669,12953,7613,39235,18669,12953,7613,39235,78470,0
3501,7668,99201,12019,118888,7668,99201,12019,118888,237776,0
2435,1836,923,80,2839,1836,923,80,2839,5678,0
5253,101626,315818,200953,618397,101626,315818,200953,618397,1236794,0
9668,5142,5598,8488,19228,5142,5598,8488,19228,38456,0
2599,342022,730839,686497,1759358,342022,730839,686497,1759358,3518716,499120.414300001
8536,11564,15067,12234,38865,11564,15067,12234,38865,77730,0
5626,47477,48474,63470,159421,47477,48474,63470,159421,318842,0
1993,5520,304,1107,6931,5520,304,1107,6931,13862,0
2195,123949,248181,115157,487287,123949,248181,115157,487287,974574,3118.613
2239,81078,104161,123427,308666,81078,104161,123427,308666,617332,0
5130,34514,72360,100934,207808,34514,72360,100934,207808,415616,0
4304,19321,7417,93,26831,19321,7417,93,26831,53662,0
5254,12984,19654,19117,51755,12984,19654,19117,51755,103510,0
6216,39167,55986,9656,104809,39167,55986,9656,104809,209618,0
5894,22785,23043,31366,77194,22785,23043,31366,77194,154388,0
6237,10828,8270,9625,28723,10828,8270,9625,28723,57446,0
3018,29039,37089,56281,122409,29039,37089,56281,122409,244818,61801.8783
5876,316719,788039,207583,1312341,316719,788039,207583,1312341,2624682,74731.1701
1112,99558,183793,233761,517112,99558,183793,233761,517112,1034224,0
1381,2711,3788,13960,20459,2711,3788,13960,20459,40918,0
6027,59209,47881,372250,479340,59209,47881,372250,479340,958680,0
9968,4297,7057,16153,27507,4297,7057,16153,27507,55014,0
5403,10161,20031,21265,51457,10161,20031,21265,51457,102914,0
5693,424426,359240,373943,1157609,424426,359240,373943,1157609,2315218,0
8346,355432,343033,341836,1040301,355432,343033,341836,1040301,2080602,41486.153
8345,366594,611667,483217,1461478,366594,611667,483217,1461478,2922956,74189.2822
3341,102303,111022,54148,267473,102303,111022,54148,267473,534946,5776.2322
5530,17348,2184,5945,25477,17348,2184,5945,25477,50954,0
6801,56139,112399,235582,404120,56139,112399,235582,404120,808240,0
2053,9881,18531,7765,36177,9881,18531,7765,36177,72354,0
2944,27703,45535,59416,132654,27703,45535,59416,132654,265308,0
5500,29151,60422,49287,138860,29151,60422,49287,138860,277720,0
8496,50223,41094,61473,152790,50223,41094,61473,152790,305580,0
7565,3854,3616,2117,9587,3854,3616,2117,9587,19174,0
7259,1400,2342,742,4484,1400,2342,742,4484,8968,0
9938,17494,25636,15572,58702,17494,25636,15572,58702,117404,0
7200,20503,21154,9941,51598,20503,21154,9941,51598,103196,0
5875,39303,51200,37668,128171,39303,51200,37668,128171,256342,0
2045,377,69,0,446,377,69,0,446,892,0
2779,19556,43582,44693,107831,19556,43582,44693,107831,215662,0
9251,34,12,0,46,34,12,0,46,92,0
5552,279958,222699,347344,850001,279958,222699,347344,850001,1700002,0
6872,370690,359771,705204,1435665,370690,359771,705204,1435665,2871330,0
1560,4997,4021,5603,14621,4997,4021,5603,14621,29242,0
9889,55127,47096,35263,137486,55127,47096,35263,137486,274972,0
8823,2011,1001,0,3012,2011,1001,0,3012,6024,0
3809,268654,263218,227238,759110,268654,263218,227238,759110,1518220,45590.5426999999
9789,88664,121685,113158,323507,88664,121685,113158,323507,647014,0
3449,44390,94762,15276,154428,44390,94762,15276,154428,308856,0
8049,76678,103671,30994,211343,76678,103671,30994,211343,422686,168.1035
2554,10294,2166,3314,15774,10294,2166,3314,15774,31548,0
6464,407,93,0,500,407,93,0,500,1000,0
8514,52056,92826,47579,192461,52056,92826,47579,192461,384922,0
5268,1206481,4857462,2521427,8585370,1206481,4857462,2521427,8585370,17170740,1848530.1959
6810,92310,127500,162270,382080,92310,127500,162270,382080,764160,0
2603,6625,19374,9825,35824,6625,19374,9825,35824,71648,0
3230,321572,616923,231758,1170253,321572,616923,231758,1170253,2340506,682493.4272
3231,1345193,2677332,1027238,5049763,1345193,2677332,1027238,5049763,10099526,1474683.86869999
4012,5125,559,2109,7793,5125,559,2109,7793,15586,0
7932,290,1,494,785,290,1,494,785,1570,0
4187,12297,2644,3495,18436,12297,2644,3495,18436,36872,0
5081,133252,158936,235482,527670,133252,158936,235482,527670,1055340,0
2240,82811,97213,107783,287807,82811,97213,107783,287807,575614,0
2892,17241,31276,27332,75849,17241,31276,27332,75849,151698,0
5006,41857,175083,86270,303210,41857,175083,86270,303210,606420,0
5886,87898,189472,251303,528673,87898,189472,251303,528673,1057346,257625.3969
8429,10981,11705,6174,28860,10981,11705,6174,28860,57720,0
5404,428723,656787,787190,1872700,428723,656787,787190,1872700,3745400,0
2190,139260,125144,48065,312469,139260,125144,48065,312469,624938,0
2191,67973,56744,28681,153398,67973,56744,28681,153398,306796,0
2697,43550,65225,76951,185726,43550,65225,76951,185726,371452,0
5096,53434,46518,230592,330544,53434,46518,230592,330544,661088,0
5064,812979,1361269,1516481,3690729,812979,1361269,1516481,3690729,7381458,866876.824099999
4715,90537,43946,150122,284605,90537,43946,150122,284605,569210,0
1437,207398,388952,808605,1404955,207398,388952,808605,1404955,2809910,0
1438,140813,162607,615951,919371,140813,162607,615951,919371,1838742,0
6074,31658,27469,55918,115045,31658,27469,55918,115045,230090,0
5687,133612,96417,264884,494913,133612,96417,264884,494913,989826,55601.1587
4175,359,62,844,1265,359,62,844,1265,2530,0
8050,169,124,359,652,169,124,359,652,1304,0
8618,2017,791,0,2808,2017,791,0,2808,5616,0
8051,41680,103427,42120,187227,41680,103427,42120,187227,374454,6042.9827
9023,9486,6847,4290,20623,9486,6847,4290,20623,41246,0
6812,227058,318759,308169,853986,227058,318759,308169,853986,1707972,300845.9315
6958,56939,101087,132720,290746,56939,101087,132720,290746,581492,0
7289,16281,21007,11948,49236,16281,21007,11948,49236,98472,565.9217
7006,2200,2785,756,5741,2200,2785,756,5741,11482,0
8807,39268,21977,21021,82266,39268,21977,21021,82266,164532,0
3623,158000,137101,140827,435928,158000,137101,140827,435928,871856,0
5702,4579,10038,2431,17048,4579,10038,2431,17048,34096,0
2222,21505,39653,12808,73966,21505,39653,12808,73966,147932,0
7290,10,33,1,44,10,33,1,44,88,0
2422,22350,2001,1491,25842,22350,2001,1491,25842,51684,0
4182,1917,484,1769,4170,1917,484,1769,4170,8340,0
7501,59151,34466,51516,145133,59151,34466,51516,145133,290266,0
3502,16,2746,15,2777,16,2746,15,2777,5554,0
4317,2646,1381,0,4027,2646,1381,0,4027,8054,0
1865,12327,6405,6744,25476,12327,6405,6744,25476,50952,0
7085,6011,8529,15685,30225,6011,8529,15685,30225,60450,0
5483,111771,306120,473828,891719,111771,306120,473828,891719,1783438,0
8500,141556,131952,45851,319359,141556,131952,45851,319359,638718,0
8565,80960,79037,72452,232449,80960,79037,72452,232449,464898,0
2945,22729,42988,27672,93389,22729,42988,27672,93389,186778,0
1975,3873,2102,1154,7129,3873,2102,1154,7129,14258,0
3176,149397,195210,297893,642500,149397,195210,297893,642500,1285000,0
6873,28331,40971,70160,139462,28331,40971,70160,139462,278924,0
2743,8377,1494,3046,12917,8377,1494,3046,12917,25834,0
2550,45532,12843,14289,72664,45532,12843,14289,72664,145328,2.9758
2549,81008,32714,22778,136500,81008,32714,22778,136500,273000,560.3987
9767,37881,59160,40709,137750,37881,59160,40709,137750,275500,0
9107,26321,52987,31930,111238,26321,52987,31930,111238,222476,0
2279,31585,57802,24557,113944,31585,57802,24557,113944,227888,0
2280,7981,8948,2684,19613,7981,8948,2684,19613,39226,0
5927,11325,11166,9289,31780,11325,11166,9289,31780,63560,0
6200,1242,1144,300,2686,1242,1144,300,2686,5372,0
1658,113430,195363,59553,368346,113430,195363,59553,368346,736692,6615.9422
7008,90045,156907,50867,297819,90045,156907,50867,297819,595638,514.3254
9791,22662,32556,25328,80546,22662,32556,25328,80546,161092,0
6913,104030,139239,169417,412686,104030,139239,169417,412686,825372,0
1395,233735,266539,120199,620473,233735,266539,120199,620473,1240946,0
1179,24716,32154,46408,103278,24716,32154,46408,103278,206556,0
4409,407,451,0,858,407,451,0,858,1716,0
5324,15431,26145,33579,75155,15431,26145,33579,75155,150310,0
2946,32178,109423,20237,161838,32178,109423,20237,161838,323676,0
5689,72601,48716,98578,219895,72601,48716,98578,219895,439790,0
4124,592,431,0,1023,592,431,0,1023,2046,0
3811,85871,8779,39622,134272,85871,8779,39622,134272,268544,0
2536,9418,873,1226,11517,9418,873,1226,11517,23034,0
3812,202058,21375,131077,354510,202058,21375,131077,354510,709020,0
4412,13280,10661,684,24625,13280,10661,684,24625,49250,0
992,14625,23366,16528,54519,14625,23366,16528,54519,109038,0
3680,30437,5184,12541,48162,30437,5184,12541,48162,96324,0
1439,169684,246881,428291,844856,169684,246881,428291,844856,1689712,0
3562,749,13911,2192,16852,749,13911,2192,16852,33704,0
3238,33084,42972,16696,92752,33084,42972,16696,92752,185504,0
5682,86252,93256,50678,230186,86252,93256,50678,230186,460372,0
3504,14684,95887,29655,140226,14684,95887,29655,140226,280452,0
7022,1088909,2549575,1571605,5210089,1088909,2549575,1571605,5210089,10420178,557532.2279
6962,51277,76736,73026,201039,51277,76736,73026,201039,402078,0
9768,105556,145370,124085,375011,105556,145370,124085,375011,750022,207738.2848
1440,479443,780616,1216229,2476288,479443,780616,1216229,2476288,4952576,14861.1096
9878,22894,24395,17950,65239,22894,24395,17950,65239,130478,0
1659,1992575,3171286,1471,5165332,1992575,3171286,1471,5165332,10330664,0
1129,30048,55029,52064,137141,30048,55029,52064,137141,274282,0
1016,36094,57556,16912,110562,36094,57556,16912,110562,221124,0
5142,1191114,1258090,8615598,11064802,1191114,1258090,8615598,11064802,22129604,2350974.2724
1441,297922,517320,649073,1464315,297922,517320,649073,1464315,2928630,359149.7204
5164,98264.1104518302,282193.836707694,121504.720282244,501962.667441767,98264.1104518302,282193.836707694,121504.720282244,501962.667441767,1003925.33488353,21604.0873
5007,228666.88954817,656683.163292307,282749.279717756,1168099.33255823,228666.88954817,656683.163292307,282749.279717756,1168099.33255823,2336198.66511647,96584.3038
7292,3560,4169,2946,10675,3560,4169,2946,10675,21350,0
2186,43812,39891,21107,104810,43812,39891,21107,104810,209620,0
3542,9805,105899,196,115900,9805,105899,196,115900,231800,0
9112,10804,16661,3822,31287,10804,16661,3822,31287,62574,0
3815,261695,66811,243367,571873,261695,66811,243367,571873,1143746,0
3899,2361236,2094437,1514007,5969680,2361236,2094437,1514007,5969680,11939360,1754524.71760001
3900,679141,90050,492466,1261657,679141,90050,492466,1261657,2523314,983232.1684
9624,24630,34664,46392,105686,24630,34664,46392,105686,211372,0
9969,18202,30247,41748,90197,18202,30247,41748,90197,180394,0
9877,14593,22859,18388,55840,14593,22859,18388,55840,111680,0
1964,19119,11896,4475,35490,19119,11896,4475,35490,70980,0
2118,261253,644090,49093,954436,261253,644090,49093,954436,1908872,351107.535199999
6201,5024,3924,3636,12584,5024,3924,3636,12584,25168,0
9702,57401,74018,64987,196406,57401,74018,64987,196406,392812,0
4068,117686,64903,31458,214047,117686,64903,31458,214047,428094,13941.8122
9769,20616,25372,19569,65557,20616,25372,19569,65557,131114,0
2640,52395,32480,17223,102098,52395,32480,17223,102098,204196,9036.2678
9028,28725,21016,12223,61964,28725,21016,12223,61964,123928,0
9897,44057,68642,48022,160721,44057,68642,48022,160721,321442,0
1442,156973,252613,69595,479181,156973,252613,69595,479181,958362,0
8621,1831,1261,36,3128,1831,1261,36,3128,6256,0
5405,176323,217684,318811,712818,176323,217684,318811,712818,1425636,0
5406,126824,167130,216343,510297,126824,167130,216343,510297,1020594,0
9704,8661,7252,5781,21694,8661,7252,5781,21694,43388,10388.5373
9680,16952,24066,18249,59267,16952,24066,18249,59267,118534,0
3098,26925,23819,39508,90252,26925,23819,39508,90252,180504,0
5703,13910,93622,15116,122648,13910,93622,15116,122648,245296,26054.827
8359,80355,102502,100353,283210,80355,102502,100353,283210,566420,7403.4752
2919,15283,36253,22762,74298,15283,36253,22762,74298,148596,0
7914,2024,405,0,2429,2024,405,0,2429,4858,0
5351,111013,124280,297240,532533,111013,124280,297240,532533,1065066,0
5077,108964,106027,363758,578749,108964,106027,363758,578749,1157498,82966.5737
5047,187279,263893,650575,1101747,187279,263893,650575,1101747,2203494,34898.0643
3820,223532,49218,157501,430251,223532,49218,157501,430251,860502,0
9795,72066,96256,118452,286774,72066,96256,118452,286774,573548,1614.5214
8232,10446,14606,4922,29974,10446,14606,4922,29974,59948,0
3568,13,902,132,1047,13,902,132,1047,2094,0
2425,3690,278,491,4459,3690,278,491,4459,8918,0
6874,321579,492434,689484,1503497,321579,492434,689484,1503497,3006994,0
7447,398634,504555,233561,1136750,398634,504555,233561,1136750,2273500,0
539,157448,174713,76525,408686,157448,174713,76525,408686,817372,0
7469,210401,145668,553167,909236,210401,145668,553167,909236,1818472,0
5836,41100,39461,35395,115956,41100,39461,35395,115956,231912,0
2762,5064,14851,3072,22987,5064,14851,3072,22987,45974,0
5820,16,80,0,96,16,80,0,96,192,0
6664,69533,44903,59280,173716,69533,44903,59280,173716,347432,0
7051,2694,8816,9924,21434,2694,8816,9924,21434,42868,0
5097,8173,11181,13954,33308,8173,11181,13954,33308,66616,0
5143,3548433,6560087,11380925,21489445,3548433,6560087,11380925,21489445,42978890,1068171.802
9911,261973,316480,405708,984161,261973,316480,405708,984161,1968322,0
3004,32112,75347,45183,152642,32112,75347,45183,152642,305284,0
5144,159057,245490,495836,900383,159057,245490,495836,900383,1800766,264226.84
5008,10114,12819,6864,29797,10114,12819,6864,29797,59594,0
2947,5701,3223,13281,22205,5701,3223,13281,22205,44410,0
9707,8532,14334,14601,37467,8532,14334,14601,37467,74934,0
5199,248180,424671,675514,1348365,248180,424671,675514,1348365,2696730,1134.7215
7792,556,81,587,1224,556,81,587,1224,2448,0
2870,97796,138578,138907,375281,97796,138578,138907,375281,750562,5755.7933
5352,137313,159512,287198,584023,137313,159512,287198,584023,1168046,0
1372,8046,9994,18111,36151,8046,9994,18111,36151,72302,0
2764,6333,7682,2695,16710,6333,7682,2695,16710,33420,0
6836,728311,960628,2501644,4190583,728311,960628,2501644,4190583,8381166,53102.433
5098,84167,58796,361416,504379,84167,58796,361416,504379,1008758,0
4731,277955,617076,124171,1019202,277955,617076,124171,1019202,2038404,177552.6997
3774,53231,40873,21436,115540,53231,40873,21436,115540,231080,0
2573,14466,2748,4136,21350,14466,2748,4136,21350,42700,0
5553,101385,65557,181012,347954,101385,65557,181012,347954,695908,0
6814,299197,385452,385832,1070481,299197,385452,385832,1070481,2140962,237084.0495
5582,66621,88901,150162,305684,66621,88901,150162,305684,611368,0
5554,69876,83288,122487,275651,69876,83288,122487,275651,551302,0
2412,643846,1351714,266141,2261701,643846,1351714,266141,2261701,4523402,943138.216199997
1130,75459,115542,216819,407820,75459,115542,216819,407820,815640,0
6615,218393,463944,137807,820144,218393,463944,137807,820144,1640288,183342.3713
7736,34244,30559,35619,100422,34244,30559,35619,100422,200844,0
5200,9564,15392,37444,62400,9564,15392,37444,62400,124800,0
5840,294,667,206,1167,294,667,206,1167,2334,0
5255,325965,706242,584120,1616327,325965,706242,584120,1616327,3232654,33107.6661
5009,3620,8532,7189,19341,3620,8532,7189,19341,38682,0
5296,4002,3859,5094,12955,4002,3859,5094,12955,25910,0
6914,198055,298870,386499,883424,198055,298870,386499,883424,1766848,0
2823,18459,16232,19600,54291,18459,16232,19600,54291,108582,1527.4199
3267,177708,494380,275902,947990,177708,494380,275902,947990,1895980,27496.9232
5353,23112,24293,35737,83142,23112,24293,35737,83142,166284,0
4449,20985,11005,3372,35362,20985,11005,3372,35362,70724,0
5099,139790,159851,304752,604393,139790,159851,304752,604393,1208786,0
5583,152060,165485,206101,523646,152060,165485,206101,523646,1047292,0
3031,21739,60363,54113,136215,21739,60363,54113,136215,272430,0
2745,154381,105213,100471,360065,154381,105213,100471,360065,720130,0
546,103330,130280,127360,360970,103330,130280,127360,360970,721940,0
5879,71979,114889,45799,232667,71979,114889,45799,232667,465334,0
5319,14617,35819,41151,91587,14617,35819,41151,91587,183174,0
2556,13802,2048,5056,20906,13802,2048,5056,20906,41812,0
8233,21700,1501,10243,33444,21700,1501,10243,33444,66888,689.7783
4365,31036,15007,19840,65883,31036,15007,19840,65883,131766,0
3785,843,435,0,1278,843,435,0,1278,2556,0
5121,522209,591197,2063658,3177064,522209,591197,2063658,3177064,6354128,3298.6694
6850,62869,187678,146606,397153,62869,187678,146606,397153,794306,0
5555,29930,26156,52215,108301,29930,26156,52215,108301,216602,0
2653,2879,430,0,3309,2879,430,0,3309,6618,0
5301,212596,227003,171320,610919,212596,227003,171320,610919,1221838,0
5595,3264579,4370521,5597820,13232920,3264579,4370521,5597820,13232920,26465840,28425609.155
6926,158158,214424,442351,814933,158158,214424,442351,814933,1629866,2.0447
4069,3966,1479,78,5523,3966,1479,78,5523,11046,0
9792,73301,100063,101451,274815,73301,100063,101451,274815,549630,0
4593,478,383,0,861,478,383,0,861,1722,0
5556,75049,74954,186450,336453,75049,74954,186450,336453,672906,0
6274,39030,94411,1555,134996,39030,94411,1555,134996,269992,0
9718,12327,20888,12027,45242,12327,20888,12027,45242,90484,0
2795,35,25,16,76,35,25,16,76,152,0
3202,158651,38542,112690,309883,158651,38542,112690,309883,619766,0
2574,67288,41561,34902,143751,67288,41561,34902,143751,287502,0
5048,140758,151588,303322,595668,140758,151588,303322,595668,1191336,0
4070,8334,4150,0,12484,8334,4150,0,12484,24968,0
9855,51297,87248,58589,197134,51297,87248,58589,197134,394268,0
9747,9699,12382,3729,25810,9699,12382,3729,25810,51620,0
9752,77043,140221,111868,329132,77043,140221,111868,329132,658264,0
9762,41760,53184,77207,172151,41760,53184,77207,172151,344302,0
5557,94915,97362,128084,320361,94915,97362,128084,320361,640722,0
4616,13708,16619,24097,54424,13708,16619,24097,54424,108848,0
3828,85348,10782,48538,144668,85348,10782,48538,144668,289336,0
6861,283203.85476826,771187.140378549,1174261.77754186,2228652.77268867,283203.85476826,771187.140378549,1174261.77754186,2228652.77268867,4457305.54537734,461563.2755
6853,49038.1452317399,133534.859621451,203329.222458141,385902.227311332,49038.1452317399,133534.859621451,203329.222458141,385902.227311332,771804.454622665,533.039
9882,68397,9408,36388,114193,68397,9408,36388,114193,228386,0
6349,23287,2074,9035,34396,23287,2074,9035,34396,68792,0
5457,21946,34510,56151,112607,21946,34510,56151,112607,225214,0
2562,31354,8672,8389,48415,31354,8672,8389,48415,96830,0
4876,10502,12794,8484,31780,10502,12794,8484,31780,63560,18
2451,63461,68576,15392,147429,63461,68576,15392,147429,294858,3988.6407
3005,570,53,1,624,570,53,1,624,1248,0
7515,1564,269,468,2301,1564,269,468,2301,4602,0
1227,44751,68473,32427,145651,44751,68473,32427,145651,291302,0
6488,14942,14095,12986,42023,14942,14095,12986,42023,84046,0
8708,1545,1645,1092,4282,1545,1645,1092,4282,8564,0
6393,4732,2403,620,7755,4732,2403,620,7755,15510,0
8470,36052,13083,43648,92783,36052,13083,43648,92783,185566,0
3624,275069,208186,159000,642255,275069,208186,159000,642255,1284510,0
2486,9288,8260,3232,20780,9288,8260,3232,20780,41560,0
5458,9257,35797,18185,63239,9257,35797,18185,63239,126478,0
3019,23984,35200,47798,106982,23984,35200,47798,106982,213964,0
5336,3717,2837,16711,23265,3717,2837,16711,23265,46530,0
3570,7,6,0,13,7,6,0,13,26,0
5821,622,5135,981,6738,622,5135,981,6738,13476,0
7504,9650,19734,5046,34430,9650,19734,5046,34430,68860,0
1847,26502,77604,31275,135381,26502,77604,31275,135381,270762,1097.9937
9627,38439,42051,43385,123875,38439,42051,43385,123875,247750,0
2049,10850,785,8626,20261,10850,785,8626,20261,40522,0
8824,692,685,0,1377,692,685,0,1377,2754,0
8825,4220,2208,0,6428,4220,2208,0,6428,12856,0
3905,65074,6170,56217,127461,65074,6170,56217,127461,254922,0
1143,31558,71402,102832,205792,31558,71402,102832,205792,411584,0
4617,11056,22689,5297,39042,11056,22689,5297,39042,78084,0
5896,177889,205375,105121,488385,177889,205375,105121,488385,976770,0
8056,24011,39134,40264,103409,24011,39134,40264,103409,206818,0
8505,15871,11114,16636,43621,15871,11114,16636,43621,87242,0
5408,175879,275157,425679,876715,175879,275157,425679,876715,1753430,0
5382,28151,48792,81522,158465,28151,48792,81522,158465,316930,0
1030,722327,1550347,853770,3126444,722327,1550347,853770,3126444,6252888,339529.573199999
5409,3369,7468,15213,26050,3369,7468,15213,26050,52100,0
9185,25618,46488,13158,85264,25618,46488,13158,85264,170528,0
4639,73585,142696,154140,370421,73585,142696,154140,370421,740842,0
9970,17398,29417,38657,85472,17398,29417,38657,85472,170944,0
7579,22386,8044,14105,44535,22386,8044,14105,44535,89070,0
3634,27782,14648,15951,58381,27782,14648,15951,58381,116762,5483.1858
5484,204951,426678,367015,998644,204951,426678,367015,998644,1997288,5768.4946
5100,163555,213394,514722,891671,163555,213394,514722,891671,1783342,0
5754,3144,21245,1857,26246,3144,21245,1857,26246,52492,0
6837,2922,2698,11720,17340,2922,2698,11720,17340,34680,0
2225,55530,70540,112486,238556,55530,70540,112486,238556,477112,0
1874,8690,9156,1334,19180,8690,9156,1334,19180,38360,0
1243,426119,706515,192633,1325267,426119,706515,192633,1325267,2650534,1315610.77280001
5832,10343,55042,5521,70906,10343,55042,5521,70906,141812,0
6007,13893,65226,10453,89572,13893,65226,10453,89572,179144,0
8826,4000,4376,0,8376,4000,4376,0,8376,16752,1619.2976
4312,4942,2220,628,7790,4942,2220,628,7790,15580,0
1519,109985,177173,459621,746779,109985,177173,459621,746779,1493558,0
9778,21347,45568,36746,103661,21347,45568,36746,103661,207322,0
5078,94469,100634,195159,390262,94469,100634,195159,390262,780524,0
7295,27530,53936,10050,91516,27530,53936,10050,91516,183032,0
1822,6467,10990,2890,20347,6467,10990,2890,20347,40694,0
9628,23459,32421,19028,74908,23459,32421,19028,74908,149816,0
8473,85942,69414,86124,241480,85942,69414,86124,241480,482960,0
8554,75692,64481,115890,256063,75692,64481,115890,256063,512126,0
9814,36571,61348,59020,156939,36571,61348,59020,156939,313878,0
9902,34097,2969,19897,56963,34097,2969,19897,56963,113926,0
9796,79606,126695,99471,305772,79606,126695,99471,305772,611544,0
2313,8386,10394,3834,22614,8386,10394,3834,22614,45228,0
7406,91304,142064,182707,416075,91304,142064,182707,416075,832150,0
5325,31938,48679,119364,199981,31938,48679,119364,199981,399962,0
5233,4594,7322,9892,21808,4594,7322,9892,21808,43616,0
6524,3456,9592,2423,15471,3456,9592,2423,15471,30942,0
5628,41333,56687,53888,151908,41333,56687,53888,151908,303816,0
9943,152259,323375,195321,670955,152259,323375,195321,670955,1341910,0
5356,353283,544594,488507,1386384,353283,544594,488507,1386384,2772768,520436.557100001
2305,11921,16588,4814,33323,11921,16588,4814,33323,66646,0
6008,76381,89241,199754,365376,76381,89241,199754,365376,730752,0
3107,8830,5112,17663,31605,8830,5112,17663,31605,63210,0
8625,206,59,0,265,206,59,0,265,530,0
9721,33602,48632,22157,104391,33602,48632,22157,104391,208782,2982.3383
9121,33904,49908,15868,99680,33904,49908,15868,99680,199360,0
9218,14497,9432,9661,33590,14497,9432,9661,33590,67180,0
5201,7527,6729,6533,20789,7527,6729,6533,20789,41578,0
3981,9449,1516,529,11494,9449,1516,529,11494,22988,0
3738,104276,29855,42665,176796,104276,29855,42665,176796,353592,0
4147,445,198,0,643,445,198,0,643,1286,0
7440,45085,41274,98633,184992,45085,41274,98633,184992,369984,0
2777,21051,40647,71359,133057,21051,40647,71359,133057,266114,0
9135,45362,54166,54378,153906,45362,54166,54378,153906,307812,0
8711,1991,1107,1071,4169,1991,1107,1071,4169,8338,0
9790,29385,63285,15890,108560,29385,63285,15890,108560,217120,0
9415,51474,78112,96333,225919,51474,78112,96333,225919,451838,0
9992,108190,150929,190862,449981,108190,150929,190862,449981,899962,61455.9264
9864,32119,51038,112243,195400,32119,51038,112243,195400,390800,0
9483,25336,43409,29712,98457,25336,43409,29712,98457,196914,0
2077,6544,1161,3898,11603,6544,1161,3898,11603,23206,0
1429,494856,1093628,1605843,3194327,494856,1093628,1605843,3194327,6388654,0
1443,483625,963022,409247,1855894,483625,963022,409247,1855894,3711788,0.476
1957,16059,10570,3982,30611,16059,10570,3982,30611,61222,0
8628,773,457,0,1230,773,457,0,1230,2460,0
7915,3248,744,228,4220,3248,744,228,4220,8440,0
3797,26743,2514,18410,47667,26743,2514,18410,47667,95334,0
4519,1356,1399,580,3335,1356,1399,580,3335,6670,0
7877,296316,691730,140666,1128712,296316,691730,140666,1128712,2257424,395605.3772
6729,2998,1388,2111,6497,2998,1388,2111,6497,12994,0
7211,5621,20170,2581,28372,5621,20170,2581,28372,56744,0
5101,288068,449409,854230,1591707,288068,449409,854230,1591707,3183414,420373.626
8420,28115,37380,44801,110296,28115,37380,44801,110296,220592,0
2576,71947,55438,35949,163334,71947,55438,35949,163334,326668,0
5668,55313,58385,62201,175899,55313,58385,62201,175899,351798,0
2770,29860,43928,63636,137424,29860,43928,63636,137424,274848,0
3408,27562,184148,66688,278398,27562,184148,66688,278398,556796,0
3409,3613,70970,4023,78606,3613,70970,4023,78606,157212,0
5011,38195,110036,99149,247380,38195,110036,99149,247380,494760,0
5942,3682,5261,3961,12904,3682,5261,3961,12904,25808,0
2963,35725.9671521429,100652.505752268,49929.7608450309,186308.233749442,35725.9671521429,100652.505752268,49929.7608450309,186308.233749442,372616.467498884,0
5412,47520.9132590211,81135.5538863684,93287.1307273984,221943.597872788,47520.9132590211,81135.5538863684,93287.1307273984,221943.597872788,443887.195745576,207120.9225
2480,3478,1685,274,5437,3478,1685,274,5437,10874,0
8441,11914,10415,24594,46923,11914,10415,24594,46923,93846,0
2306,4976,15194,1517,21687,4976,15194,1517,21687,43374,0
8432,33751,36744,30099,100594,33751,36744,30099,100594,201188,0
3052,38856,36186,77001,152043,38856,36186,77001,152043,304086,0
3060,3216,1912,6241,11369,3216,1912,6241,11369,22738,0
5421,782616,719210,1313678,2815504,782616,719210,1313678,2815504,5631008,126836.4712
2103,3725,802,0,4527,3725,802,0,4527,9054,0
2855,44,6,10,60,44,6,10,60,120,0
5145,121850,177030,320380,619260,121850,177030,320380,619260,1238520,0
1823,535400,1000996,290850,1827246,535400,1000996,290850,1827246,3654492,771260.149899999
7212,9119,9812,3671,22602,9119,9812,3671,22602,45204,0
3579,2599,4791,9594,16984,2599,4791,9594,16984,33968,0
8326,204823,378041,262514,845378,204823,378041,262514,845378,1690756,0
3030,293907,652067,595655,1541629,293907,652067,595655,1541629,3083258,491568.2883
5753,42339,108831,134585,285755,42339,108831,134585,285755,571510,0
5502,3496,2359,3902,9757,3496,2359,3902,9757,19514,0
3901,22386,2956,4498,29840,22386,2956,4498,29840,59680,0
3830,29963,4299,18005,52267,29963,4299,18005,52267,104534,0
3861,27067,3067,10202,40336,27067,3067,10202,40336,80672,0
8632,26633,13278,3980,43891,26633,13278,3980,43891,87782,583.2712
7897,15434,3220,5652,24306,15434,3220,5652,24306,48612,0
2893,12530,23497,33614,69641,12530,23497,33614,69641,139282,0
2765,15038,32465,37645,85148,15038,32465,37645,85148,170296,0
7348,61410,173442,106219,341071,61410,173442,106219,341071,682142,0
3588,371,1250,1529,3150,371,1250,1529,3150,6300,0
6781,9071,7906,4872,21849,9071,7906,4872,21849,43698,0
4188,477,221,0,698,477,221,0,698,1396,0
5036,152,44,3129,3325,152,44,3129,3325,6650,0
2538,412,87,254,753,412,87,254,753,1506,0
2452,1177,860,140,2177,1177,860,140,2177,4354,0
6417,610868,889089,339031,1838988,610868,889089,339031,1838988,3677976,1320440.2901
5961,63158.5936006059,150949.719032518,21561.6761963364,235669.98882946,63158.5936006059,150949.719032518,21561.6761963364,235669.98882946,471339.97765892,388.5707
5962,17608.4063993941,42084.2809674824,6011.32380366356,65704.0111705401,17608.4063993941,42084.2809674824,6011.32380366356,65704.0111705401,131408.02234108,51.3152
6690,35143,22710,15125,72978,35143,22710,15125,72978,145956,0
5357,138362.571402818,236235.440314875,271616.145419584,646214.157137277,138362.571402818,236235.440314875,271616.145419584,646214.157137277,1292428.31427455,132373.2412
5297,6670.51533816062,11389.0057987561,13094.7238530181,31154.2449899348,6670.51533816062,11389.0057987561,13094.7238530181,31154.2449899348,62308.4899798696,1639.1547
5413,12035,14102,25049,51186,12035,14102,25049,51186,102372,0
4525,60708,144293,122332,327333,60708,144293,122332,327333,654666,0
2766,731,1686,38,2455,731,1686,38,2455,4910,0
5033,106799,252115,121673,480587,106799,252115,121673,480587,961174,138388.5532
6901,12867,28625,42534,84026,12867,28625,42534,84026,168052,0
4436,1000,178,5,1183,1000,178,5,1183,2366,1028.7418
7055,54435,122407,69030,245872,54435,122407,69030,245872,491744,0
3099,26634,18751,30970,76355,26634,18751,30970,76355,152710,0
6000,101362,57656,153700,312718,101362,57656,153700,312718,625436,0
9317,21630,18763,21234,61627,21630,18763,21234,61627,123254,0
8057,30382,56063,36690,123135,30382,56063,36690,123135,246270,0
1994,3363,344,1526,5233,3363,344,1526,5233,10466,0
4878,134733,52124,79777,266634,134733,52124,79777,266634,533268,71300.2279
6616,44674,28238,20054,92966,44674,28238,20054,92966,185932,0
9994,51676,85604,54665,191945,51676,85604,54665,191945,383890,0
9967,9065,14867,12529,36461,9065,14867,12529,36461,72922,0
9757,46304,72914,74416,193634,46304,72914,74416,193634,387268,0
9993,35226,59212,31209,125647,35226,59212,31209,125647,251294,0
1040,18951,13470,61896,94317,18951,13470,61896,94317,188634,0
1212,33118,68602,108965,210685,33118,68602,108965,210685,421370,0
1691,12359,10677,5961,28997,12359,10677,5961,28997,57994,0
8681,406,118,0,524,406,118,0,524,1048,0
9906,20258,25388,14091,59737,20258,25388,14091,59737,119474,0
7027,3939,3030,12795,19764,3939,3030,12795,19764,39528,0
9866,81936,136994,152042,370972,81936,136994,152042,370972,741944,117035.321
9868,52110,89412,72116,213638,52110,89412,72116,213638,427276,0
9622,19875,37399,18010,75284,19875,37399,18010,75284,150568,0
9490,25189,161217,3950,190356,25189,161217,3950,190356,380712,83.1349
5034,2587,3966,5485,12038,2587,3966,5485,12038,24076,0
9397,14239,121420,77317,212976,14239,121420,77317,212976,425952,0
8713,75723,138247,53061,267031,75723,138247,53061,267031,534062,0
5944,4136,5829,3718,13683,4136,5829,3718,13683,27366,0
8682,199,25,0,224,199,25,0,224,448,0
9039,282798,528648,106543,917989,282798,528648,106543,917989,1835978,68511.7242
9186,87179,134058,106868,328105,87179,134058,106868,328105,656210,0
9187,33046,42560,36464,112070,33046,42560,36464,112070,224140,0
8763,6961,8014,550,15525,6961,8014,550,15525,31050,0
9492,13430,25165,11762,50357,13430,25165,11762,50357,100714,0
8642,278,133,0,411,278,133,0,411,822,0
7744,1074,750,628,2452,1074,750,628,2452,4904,0
5102,10764,16193,61810,88767,10764,16193,61810,88767,177534,0
7745,156398,926928,177736,1261062,156398,926928,177736,1261062,2522124,9060.037
5282,63555,136235,124817,324607,63555,136235,124817,324607,649214,0
8905,252914,64987,94032,411933,252914,64987,94032,411933,823866,0
4455,6271,2369,710,9350,6271,2369,710,9350,18700,0
7916,35900,48511,13221,97632,35900,48511,13221,97632,195264,0
3190,716102,1050416,1142448,2908966,716102,1050416,1142448,2908966,5817932,107101.3707
2292,60058,115819,73682,249559,60058,115819,73682,249559,499118,84611.7924
5694,95274,106528,118142,319944,95274,106528,118142,319944,639888,0
5584,664656,786512,1825420,3276588,664656,786512,1825420,3276588,6553176,0
5414,36448,38956,164445,239849,36448,38956,164445,239849,479698,0
4520,2841,12739,2519,18099,2841,12739,2519,18099,36198,0
5355,2325957,3826883,5230658,11383498,2325957,3826883,5230658,11383498,22766996,7516091.82539994
2949,33829,48948,44346,127123,33829,48948,44346,127123,254246,0
5358,221111,211304,564237,996652,221111,211304,564237,996652,1993304,0
5234,4407,4729,5520,14656,4407,4729,5520,14656,29312,0
8472,32569,33426,47563,113558,32569,33426,47563,113558,227116,0
5486,129061,229559,445587,804207,129061,229559,445587,804207,1608414,0
9793,117773,190581,268470,576824,117773,190581,268470,576824,1153648,0
5134,7056,11750,31008,49814,7056,11750,31008,49814,99628,0
1901,37492,98989,15524,152005,37492,98989,15524,152005,304010,24393.3585
7471,58818,49422,62570,170810,58818,49422,62570,170810,341620,0
5283,31543,51554,111182,194279,31543,51554,111182,194279,388558,0
5448,173160,934901,768306,1876367,173160,934901,768306,1876367,3752734,10039.2347
3795,50210,5673,29384,85267,50210,5673,29384,85267,170534,0
9894,58551,79231,77271,215053,58551,79231,77271,215053,430106,0
2128,81884,51425,34445,167754,81884,51425,34445,167754,335508,0
5899,221967,284070,315701,821738,221967,284070,315701,821738,1643476,210120.690499999
8114,408,152,169,729,408,152,169,729,1458,0
5566,198679,319440,218955,737074,198679,319440,218955,737074,1474148,51974.4031
9915,86067,17238,23647,126952,86067,17238,23647,126952,253904,0
2950,19890,25287,23595,68772,19890,25287,23595,68772,137544,0
7370,157,91,301,549,157,91,301,549,1098,0
2227,15646,28401,10870,54917,15646,28401,10870,54917,109834,0
2824,12001,25374,759,38134,12001,25374,759,38134,76268,0
5056,78463,89238,123453,291154,78463,89238,123453,291154,582308,0
5473,19772.9958772332,38421.4727439304,71307.6775080165,129502.14612918,19772.9958772332,38421.4727439304,71307.6775080165,129502.14612918,259004.29225836,182143.6453
5359,20757.0041227668,40333.5272560696,74856.3224919835,135946.85387082,20757.0041227668,40333.5272560696,74856.3224919835,135946.85387082,271893.70774164,153559.5433
2169,31400,18797,28587,78784,31400,18797,28587,78784,157568,11763.5589
9328,2429657,6166128,1957485,10553270,2429657,6166128,1957485,10553270,21106540,1256506.536
9395,188044,113413,145307,446764,188044,113413,145307,446764,893528,0
6941,264050,446455,725865,1436370,264050,446455,725865,1436370,2872740,29084.6073
5642,46767,43676,67945,158388,46767,43676,67945,158388,316776,19755.2968
5822,897,10247,3409,14553,897,10247,3409,14553,29106,0
5669,340502,405543,314797,1060842,340502,405543,314797,1060842,2121684,0
7918,1343,422,3641,5406,1343,422,3641,5406,10812,0
5246,267639,333187,1027478,1628304,267639,333187,1027478,1628304,3256608,117616.3208
8977,58348,93458,19427,171233,58348,93458,19427,171233,342466,0
2121,83471,82679,35386,201536,83471,82679,35386,201536,403072,730.7508
5049,124379,129817,335078,589274,124379,129817,335078,589274,1178548,0
5135,142883,129164,440254,712301,142883,129164,440254,712301,1424602,0
7349,14593,12880,9669,37142,14593,12880,9669,37142,74284,0
6667,28648,25318,31113,85079,28648,25318,31113,85079,170158,0
6832,21489,20897,54983,97369,21489,20897,54983,97369,194738,0
1542,385687,687478,948675,2021840,385687,687478,948675,2021840,4043680,0
5103,313076,348023,599656,1260755,313076,348023,599656,1260755,2521510,0
6238,36,8,0,44,36,8,0,44,88,0
7068,202235,397539,434346,1034120,202235,397539,434346,1034120,2068240,366391.619699999
7473,37713,21737,18792,78242,37713,21737,18792,78242,156484,0
5257,49241,80778,65007,195026,49241,80778,65007,195026,390052,3495.622
375,15843,1119,17733,34695,15843,1119,17733,34695,69390,0
6010,170724,180507,343824,695055,170724,180507,343824,695055,1390110,13027.4977
6815,129593,236478,228051,594122,129593,236478,228051,594122,1188244,0
6959,191333,317081,478105,986519,191333,317081,478105,986519,1973038,49.064
2747,2072,4637,809,7518,2072,4637,809,7518,15036,0
5360,548038,557593,952681,2058312,548038,557593,952681,2058312,4116624,214336.1704
5361,17964,12648,13925,44537,17964,12648,13925,44537,89074,0
1041,66689,106764,239726,413179,66689,106764,239726,413179,826358,0
5459,11033,16036,40489,67558,11033,16036,40489,67558,135116,0
5104,97626,137469,189779,424874,97626,137469,189779,424874,849748,0
5558,130760,132759,330803,594322,130760,132759,330803,594322,1188644,0
6004,103257,61609,148849,313715,103257,61609,148849,313715,627430,0
5217,16279,36748,61472,114499,16279,36748,61472,114499,228998,0
1444,2894599,12062976,6518574,21476149,2894599,12062976,6518574,21476149,42952298,3534660.12569999
2080,17671,10072,4653,32396,17671,10072,4653,32396,64792,0
4740,24828,80535,18499,123862,24828,80535,18499,123862,247724,351.8889
5415,88537,89662,85947,264146,88537,89662,85947,264146,528292,0
5586,191969,225390,209406,626765,191969,225390,209406,626765,1253530,0
5755,144169,760174,267475,1171818,144169,760174,267475,1171818,2343636,114325.2287
3410,149250,991351,114009,1254610,149250,991351,114009,1254610,2509220,938816.9101
3414,12258,47167,47499,106924,12258,47167,47499,106924,213848,0
9914,188094,470958,160875,819927,188094,470958,160875,819927,1639854,0
5756,51811,334966,76814,463591,51811,334966,76814,463591,927182,0
5760,1558,7589,2392,11539,1558,7589,2392,11539,23078,0
5065,15902,17162,51427,84491,15902,17162,51427,84491,168982,0
4416,16516,5044,509,22069,16516,5044,509,22069,44138,0
2780,2875,3918,5203,11996,2875,3918,5203,11996,23992,0
9452,5563,11095,2866,19524,5563,11095,2866,19524,39048,0
3873,17313,1368,14944,33625,17313,1368,14944,33625,67250,0
5137,148992,137881,289782,576655,148992,137881,289782,576655,1153310,0
9930,95035.0620777798,155508.425871828,105876.648530217,356420.136479825,95035.0620777798,155508.425871828,105876.648530217,356420.136479825,712840.27295965,84777.6050999999
9931,120094.93792222,196514.574128172,133795.351469783,450404.863520175,120094.93792222,196514.574128172,133795.351469783,450404.863520175,900809.727040351,5219.7358
8726,212,115,0,327,212,115,0,327,654,0
5337,149305,415786,103076,668167,149305,415786,103076,668167,1336334,0
3508,3943,58760,5945,68648,3943,58760,5945,68648,137296,0
3591,7977,73079,25864,106920,7977,73079,25864,106920,213840,0
6875,7217,6912,32263,46392,7217,6912,32263,46392,92784,0
5900,276381,354678,261543,892602,276381,354678,261543,892602,1785204,180673.9082
5521,415806.027372806,461349.921600714,663378.956114252,1540534.90508777,415806.027372806,461349.921600714,663378.956114252,1540534.90508777,3081069.81017554,7469.304
5688,89901.9726271943,99749.0783992859,143430.043885748,333081.094912228,89901.9726271943,99749.0783992859,143430.043885748,333081.094912228,666162.189824457,6317.7446
5643,104473,111183,219678,435334,104473,111183,219678,435334,870668,0
5545,220186,244013,352553,816752,220186,244013,352553,816752,1633504,215.6134
5105,14345,24762,58431,97538,14345,24762,58431,97538,195076,0
2811,4438,10047,6028,20513,4438,10047,6028,20513,41026,0
577,392226,327236,2784273,3503735,392226,327236,2784273,3503735,7007470,113232.6111
9245,8000,10251,4499,22750,8000,10251,4499,22750,45500,0
5167,108488,244181,362457,715126,108488,244181,362457,715126,1430252,44121.5161
5493,1617,753,4396,6766,1617,753,4396,6766,13532,0
2126,130082,209326,204693,544101,130082,209326,204693,544101,1088202,0
8637,1692,1080,293,3065,1692,1080,293,3065,6130,0
8544,15484,15986,2158,33628,15484,15986,2158,33628,67256,0
7214,28906,58091,15591,102588,28906,58091,15591,102588,205176,0
5559,579561,714119,853701,2147381,579561,714119,853701,2147381,4294762,0
7490,2246201,1745865,4807055,8799121,2246201,1745865,4807055,8799121,17598242,616232.0056
5808,9330,19024,6913,35267,9330,19024,6913,35267,70534,0
1377,2597,4522,6448,13567,2597,4522,6448,13567,27134,0
3862,9406,1432,1755,12593,9406,1432,1755,12593,25186,0
8061,13285,3092,7300,23677,13285,3092,7300,23677,47354,0
4074,5301,2313,2049,9663,5301,2313,2049,9663,19326,0
4066,926,484,0,1410,926,484,0,1410,2820,0
8062,32916,22716,4976,60608,32916,22716,4976,60608,121216,0
3235,232793,82423,188674,503890,232793,82423,188674,503890,1007780,0
1445,198684,275400,612424,1086508,198684,275400,612424,1086508,2173016,0
6119,488160,899093,1744744,3131997,488160,899093,1744744,3131997,6263994,1045406.8725
3012,576,74,252,902,576,74,252,902,1804,0
5261,10219,12054,14316,36589,10219,12054,14316,36589,73178,0
5284,17280,28281,15501,61062,17280,28281,15501,61062,122124,0
6680,3822,6093,22,9937,3822,6093,22,9937,19874,0
4076,1691,11570,0,13261,1691,11570,0,13261,26522,18.6308
6351,4449,629,1480,6558,4449,629,1480,6558,13116,0
8583,49414,53287,36595,139296,49414,53287,36595,139296,278592,238.4895
4503,172224,189941,364204,726369,172224,189941,364204,726369,1452738,0
5522,190115,259124,457865,907104,190115,259124,457865,907104,1814208,11661.4424
2026,3652,1628,1234,6514,3652,1628,1234,6514,13028,0
2513,64018,49222,19715,132955,64018,49222,19715,132955,265910,0
1532,103873,234759,386853,725485,103873,234759,386853,725485,1450970,0
2935,13915,15433,19957,49305,13915,15433,19957,49305,98610,0
2786,17526,38505,37879,93910,17526,38505,37879,93910,187820,0
5035,79762,222173,216674,518609,79762,222173,216674,518609,1037218,14960.6659
5027,37450,99878,101750,239078,37450,99878,101750,239078,478156,4443.679
5258,14560,26101,21524,62185,14560,26101,21524,62185,124370,95507.8401
6876,206209,434991,752024,1393224,206209,434991,752024,1393224,2786448,0
5362,505288,769260,1056078,2330626,505288,769260,1056078,2330626,4661252,0
2354,144212,338290,173457,655959,144212,338290,173457,655959,1311918,0
8638,21254,37277,7168,65699,21254,37277,7168,65699,131398,0
8639,489,239,0,728,489,239,0,728,1456,0
9675,18006,29516,17787,65309,18006,29516,17787,65309,130618,0
8827,21967,50086,0,72053,21967,50086,0,72053,144106,387.2388
1042,60363,103370,156410,320143,60363,103370,156410,320143,640286,0
2046,11688,364,1297,13349,11688,364,1297,13349,26698,0
7029,9659,14361,23020,47040,9659,14361,23020,47040,94080,0
5218,7231,14084,41020,62335,7231,14084,41020,62335,124670,0
5509,274084,435256,112472,821812,274084,435256,112472,821812,1643624,75761.1720000002
2355,91291,211236,83297,385824,91291,211236,83297,385824,771648,0
3344,10045,8173,3989,22207,10045,8173,3989,22207,44414,0
5683,44637,33721,26693,105051,44637,33721,26693,105051,210102,0
6854,16172,42438,40348,98958,16172,42438,40348,98958,197916,0
8556,87252,54795,64838,206885,87252,54795,64838,206885,413770,0
2284,43775,22716,16867,83358,43775,22716,16867,83358,166716,0
5707,29509,44533,10699,84741,29509,44533,10699,84741,169482,15.4848
5587,68656,70998,108746,248400,68656,70998,108746,248400,496800,0
2952,2207,5404,1069,8680,2207,5404,1069,8680,17360,0
3144,17121,18314,48017,83452,17121,18314,48017,83452,166904,0
6465,641,130,5,776,641,130,5,776,1552,3.2561
6424,32182,28901,9834,70917,32182,28901,9834,70917,141834,187.2188
9971,1123,1637,700,3460,1123,1637,700,3460,6920,0
8474,113273,100917,111936,326126,113273,100917,111936,326126,652252,0
2654,12946,979,663,14588,12946,979,663,14588,29176,0
9904,59977,88221,86471,234669,59977,88221,86471,234669,469338,0
9979,30571,51842,30069,112482,30571,51842,30069,112482,224964,0
2104,6092,1715,0,7807,6092,1715,0,7807,15614,0
1559,7651,5767,19230,32648,7651,5767,19230,32648,65296,0
2335,28255,71523,39403,139181,28255,71523,39403,139181,278362,0
9723,22484,38079,27946,88509,22484,38079,27946,88509,177018,0
3961,6258,587,560,7405,6258,587,560,7405,14810,0
4148,473,277,0,750,473,277,0,750,1500,0
8640,1796,619,123,2538,1796,619,123,2538,5076,0
2397,11448,16419,15158,43025,11448,16419,15158,43025,86050,0
2953,40349,55359,59255,154963,40349,55359,59255,154963,309926,0
5416,5500415,2475323,771424,8747162,5500415,2475323,771424,8747162,17494324,1045981.7284
8641,544,304,0,848,544,304,0,848,1696,0
3051,211634,194176,297894,703704,211634,194176,297894,703704,1407408,42832.5386
6877,268187,374796,829436,1472419,268187,374796,829436,1472419,2944838,7694.0592
9794,48857,66252,48377,163486,48857,66252,48377,163486,326972,0
2655,6042,430,0,6472,6042,430,0,6472,12944,0
8117,8410,11140,6463,26013,8410,11140,6463,26013,52026,307.1924
4022,977,265,561,1803,977,265,561,1803,3606,0
5796,42648,129051,39907,211606,42648,129051,39907,211606,423212,0
5169,261964,438816,569314,1270094,261964,438816,569314,1270094,2540188,355031.8623
9956,11841,23869,15259,50969,11841,23869,15259,50969,101938,0
5363,218700,273827,539446,1031973,218700,273827,539446,1031973,2063946,0
9501,20842,40793,8167,69802,20842,40793,8167,69802,139604,0
7921,1543,384,5596,7523,1543,384,5596,7523,15046,0
2454,1309,775,342,2426,1309,775,342,2426,4852,0
9813,3216085,6550592,4715703,14482380,3216085,6550592,4715703,14482380,28964760,3498668.94250001
9950,1868160,4729293,1882162,8479615,1868160,4729293,1882162,8479615,16959230,1715015.1194
8360,30868,44789,14843,90500,30868,44789,14843,90500,181000,0
2301,5604,6551,12566,24721,5604,6551,12566,24721,49442,0
8715,11915,15689,2071,29675,11915,15689,2071,29675,59350,0
8828,1941,2448,0,4389,1941,2448,0,4389,8778,0
9503,38503,54800,72761,166064,38503,54800,72761,166064,332128,0
9301,11791,17462,4420,33673,11791,17462,4420,33673,67346,0
2895,65005,173717,209150,447872,65005,173717,209150,447872,895744,0
4760,180681,418264,83126,682071,180681,418264,83126,682071,1364142,65213.7044
5338,8052,18038,11181,37271,8052,18038,11181,37271,74542,0
4457,51490,41113,8598,101201,51490,41113,8598,101201,202402,0
5629,182353,167574,344676,694603,182353,167574,344676,694603,1389206,0
2948,7314,18010,10091,35415,7314,18010,10091,35415,70830,0
5474,7122,13054,19667,39843,7122,13054,19667,39843,79686,0
8284,9372,11956,8625,29953,9372,11956,8625,29953,59906,0
9096,43,0,0,43,43,0,0,43,86,0
8643,2053,1332,0,3385,2053,1332,0,3385,6770,0
5298,6238,12126,10876,29240,6238,12126,10876,29240,58480,0
6878,273879,412678,729818,1416375,273879,412678,729818,1416375,2832750,0
8025,47089,73545,27359,147993,47089,73545,27359,147993,295986,774.9323
1220,9447,8889,3170,21506,9447,8889,3170,21506,43012,0
6028,154703,157706,323258,635667,154703,157706,323258,635667,1271334,0
3033,31718,96834,72126,200678,31718,96834,72126,200678,401356,0
5272,57144,112740,119097,288981,57144,112740,119097,288981,577962,0
2962,9176,25548,14990,49714,9176,25548,14990,49714,99428,0
1409,330939,481054,972393,1784386,330939,481054,972393,1784386,3568772,1720505.9692
9635,84660,106861,75780,267301,84660,106861,75780,267301,534602,0
4131,22239,16776,26319,65334,22239,16776,26319,65334,130668,0
6206,6836,628,1170,8634,6836,628,1170,8634,17268,0
6029,56814,58184,87615,202613,56814,58184,87615,202613,405226,0
1965,37387,31620,7781,76788,37387,31620,7781,76788,153576,0
3839,59679,6352,25376,91407,59679,6352,25376,91407,182814,11299.8992
6469,96229,369748,163839,629816,96229,369748,163839,629816,1259632,202691.2654
5514,19360,35382,70678,125420,19360,35382,70678,125420,250840,0
1132,51108,78172,212994,342274,51108,78172,212994,342274,684548,0
5172,233014,492022,661184,1386220,233014,492022,661184,1386220,2772440,71578.0963
7443,560895,563471,610934,1735300,560895,563471,610934,1735300,3470600,83731.0927
7922,3464,424,0,3888,3464,424,0,3888,7776,0
6855,5018,9288,23497,37803,5018,9288,23497,37803,75606,0
7032,12150,12128,31245,55523,12150,12128,31245,55523,111046,0
6275,5037,530,203,5770,5037,530,203,5770,11540,0
4892,92496,91243,87860,271599,92496,91243,87860,271599,543198,73.045
1463,71524,83503,146747,301774,71524,83503,146747,301774,603548,0
7328,41516,157213,19688,218417,41516,157213,19688,218417,436834,171.6761
2218,120068,53674,48695,222437,120068,53674,48695,222437,444874,0
1996,2139,122,1339,3600,2139,122,1339,3600,7200,0
2325,28584,28179,35876,92639,28584,28179,35876,92639,185278,0
9725,18350,27515,22392,68257,18350,27515,22392,68257,136514,0
2900,29005,64379,63872,157256,29005,64379,63872,157256,314512,0
3136,42846,43945,29289,116080,42846,43945,29289,116080,232160,0
5138,91655,140247,366178,598080,91655,140247,366178,598080,1196160,0
9681,48077,80609,67030,195716,48077,80609,67030,195716,391432,1159.0221
9682,69733,96882,109921,276536,69733,96882,109921,276536,553072,0
5146,428048,536492,908436,1872976,428048,536492,908436,1872976,3745952,0
9610,4115,15759,221,20095,4115,15759,221,20095,40190,0
6276,1506,190,770,2466,1506,190,770,2466,4932,0
6280,72092,145223,8514,225829,72092,145223,8514,225829,451658,8724.7061
2825,12759,14211,2073,29043,12759,14211,2073,29043,58086,0
8155,4386,916,2770,8072,4386,916,2770,8072,16144,0
5139,234650,317404,576956,1129010,234650,317404,576956,1129010,2258020,877056.095
2955,30425,51738,58129,140292,30425,51738,58129,140292,280584,7060.9531
5631,1102553,1632724,1310064,4045341,1102553,1632724,1310064,4045341,8090682,1096982.153
8567,200725,191434,227780,619939,200725,191434,227780,619939,1239878,0
5588,357883,281156,648370,1287409,357883,281156,648370,1287409,2574818,0
3563,1393,22471,3314,27178,1393,22471,3314,27178,54356,0
7299,2798,4161,1110,8069,2798,4161,1110,8069,16138,0
4300,17301,1033,1635,19969,17301,1033,1635,19969,39938,0
7930,10663,1057,1479,13199,10663,1057,1479,13199,26398,0
6281,6732,7256,1953,15941,6732,7256,1953,15941,31882,529.447
5364,100760,107048,291654,499462,100760,107048,291654,499462,998924,0
6977,549046,980732,1324237,2854015,549046,980732,1324237,2854015,5708030,584224.684699999
6867,220635,293144,568086,1081865,220635,293144,568086,1081865,2163730,897108.612299999
6978,196378,363607,277224,837209,196378,363607,277224,837209,1674418,418.2762
3053,87040,100086,194214,381340,87040,100086,194214,381340,762680,0
7300,2003,2993,1420,6416,2003,2993,1420,6416,12832,0
2896,30968,73955,80456,185379,30968,73955,80456,185379,370758,0
6075,49092,58005,73537,180634,49092,58005,73537,180634,361268,0
2585,5996,12811,7957,26764,5996,12811,7957,26764,53528,0
1022,361567,585674,235832,1183073,361567,585674,235832,1183073,2366146,0
4577,32639,27583,180006,240228,32639,27583,180006,240228,480456,0
9810,88914,116459,158334,363707,88914,116459,158334,363707,727414,0
2845,20244,36967,25582,82793,20244,36967,25582,82793,165586,0
7266,13296,29783,4272,47351,13296,29783,4272,47351,94702,0
2295,9395,30250,17008,56653,9395,30250,17008,56653,113306,0
8411,270956,404728,292198,967882,270956,404728,292198,967882,1935764,47259.9321
4521,44075,60317,88255,192647,44075,60317,88255,192647,385294,0
2572,20950,25254,23694,69898,20950,25254,23694,69898,139796,0
2229,20698,83505,25666,129869,20698,83505,25666,129869,259738,0
5173,7149,7927,12544,27620,7149,7927,12544,27620,55240,0
7568,10344,21523,5287,37154,10344,21523,5287,37154,74308,0
5037,5756,14439,28387,48582,5756,14439,28387,48582,97164,0
5947,20342,12410,26551,59303,20342,12410,26551,59303,118606,0
9726,103865,208637,111393,423895,103865,208637,111393,423895,847790,7710.2817
9727,121550,185996,165559,473105,121550,185996,165559,473105,946210,0
8241,5022,5523,3064,13609,5022,5523,3064,13609,27218,0
5450,59304,142270,95241,296815,59304,142270,95241,296815,593630,84868.8657
1413,352472,549857,750688,1653017,352472,549857,750688,1653017,3306034,0
5560,150716,177318,305127,633161,150716,177318,305127,633161,1266322,0
5561,249282,508297,534257,1291836,249282,508297,534257,1291836,2583672,0
5589,127320,164845,187471,479636,127320,164845,187471,479636,959272,0
1033,14476,17746,30473,62695,14476,17746,30473,62695,125390,0
1145,23745,33872,70399,128016,23745,33872,70399,128016,256032,0
5940,27708,32978,18284,78970,27708,32978,18284,78970,157940,0
3007,33247,41881,46656,121784,33247,41881,46656,121784,243568,0
2767,51157,41114,44129,136400,51157,41114,44129,136400,272800,0
3191,60583,48097,116065,224745,60583,48097,116065,224745,449490,0
2557,6622,1070,1422,9114,6622,1070,1422,9114,18228,0
4458,21272,4812,26678,52762,21272,4812,26678,52762,105524,0
1521,100483,149654,290045,540182,100483,149654,290045,540182,1080364,0
7374,520,149,977,1646,520,149,977,1646,3292,0
1533,29186,65129,68228,162543,29186,65129,68228,162543,325086,0
6804,27246,22979,50806,101031,27246,22979,50806,101031,202062,0
6827,240457,344706,310563,895726,240457,344706,310563,895726,1791452,0
6879,273142,452051,844843,1570036,273142,452051,844843,1570036,3140072,0
1543,263455,561543,832947,1657945,263455,561543,832947,1657945,3315890,239.6749
5140,8560,9166,19480,37206,8560,9166,19480,37206,74412,0
6012,130880,146647,352617,630144,130880,146647,352617,630144,1260288,0
7401,121601,232693,291973,646267,121601,232693,291973,646267,1292534,0
2027,6602,2398,3757,12757,6602,2398,3757,12757,25514,0
8213,250089,395302,146914,792305,250089,395302,146914,792305,1584610,277.9427
1397,414504,765104,364488,1544096,414504,765104,364488,1544096,3088192,348205.3739
598,425273,449571,88084,962928,425273,449571,88084,962928,1925856,0
2230,39125,68044,13477,120646,39125,68044,13477,120646,241292,0
4579,5917,2147,11611,19675,5917,2147,11611,19675,39350,0
8009,123735,136794,47544,308073,123735,136794,47544,308073,616146,1219.5313
9246,2473,3365,2755,8593,2473,3365,2755,8593,17186,0
6902,13872,26491,9947,50310,13872,26491,9947,50310,100620,0
6905,10533,28271,36525,75329,10533,28271,36525,75329,150658,0
5633,142210,284800,465671,892681,142210,284800,465671,892681,1785362,103349.1156
5489,80658,210182,381351,672191,80658,210182,381351,672191,1344382,0
5219,132317,547885,443584,1123786,132317,547885,443584,1123786,2247572,31276.0688
1398,82531,343342,124574,550447,82531,343342,124574,550447,1100894,0
6070,299632,443569,323841,1067042,299632,443569,323841,1067042,2134084,0
6528,18614,17664,9698,45976,18614,17664,9698,45976,91952,3351.6788
6845,21757,34805,151045,207607,21757,34805,151045,207607,415214,0
2826,13809,15619,1276,30704,13809,15619,1276,30704,61408,0
2604,5618,13764,6609,25991,5618,13764,6609,25991,51982,0
4594,5735,2698,11814,20247,5735,2698,11814,20247,40494,0
5532,290320,476495,409086,1175901,290320,476495,409086,1175901,2351802,328338.2492
6260,74,9,0,83,74,9,0,83,166,0
4079,37973,31802,335,70110,37973,31802,335,70110,140220,0
2428,14922,1569,1720,18211,14922,1569,1720,18211,36422,0
2146,1328,786,322,2436,1328,786,322,2436,4872,0
9634,21218,34983,35720,91921,21218,34983,35720,91921,183842,0
7569,5883,8338,5237,19458,5883,8338,5237,19458,38916,0
5289,52518,45816,182719,281053,52518,45816,182719,281053,562106,0
3186,424249,616424,522303,1562976,424249,616424,522303,1562976,3125952,117104.837
5050,123151,148402,367291,638844,123151,148402,367291,638844,1277688,0
3513,3460,32809,7705,43974,3460,32809,7705,43974,87948,0
9419,464047,513761,246506,1224314,464047,513761,246506,1224314,2448628,567956.050100001
5490,295996,713383,1225920,2235299,295996,713383,1225920,2235299,4470598,706770.117399999
2768,65193,120522,143398,329113,65193,120522,143398,329113,658226,3052.2674
5220,40550,105413,160140,306103,40550,105413,160140,306103,612206,0
8498,78148,66796,37693,182637,78148,66796,37693,182637,365274,2.5138
1434,53735,111312,172474,337521,53735,111312,172474,337521,675042,0
2860,51936,95174,101884,248994,51936,95174,101884,248994,497988,3681.8159
6283,5672,724,122,6518,5672,724,122,6518,13036,0
3845,110514,9703,67290,187507,110514,9703,67290,187507,375014,0
3908,18241,2123,8402,28766,18241,2123,8402,28766,57532,0
2861,79725,137671,130863,348259,79725,137671,130863,348259,696518,0
8524,118172,157196,106809,382177,118172,157196,106809,382177,764354,34191.9802
6220,17463,8260,11679,37402,17463,8260,11679,37402,74804,0
5893,64555,71842,116642,253039,64555,71842,116642,253039,506078,0
1148,21894,37190,22140,81224,21894,37190,22140,81224,162448,0
7887,7483,480,1912,9875,7483,480,1912,9875,19750,0
9981,97032.0558982267,210324.800308404,114314.682151118,421671.538357749,97032.0558982267,210324.800308404,114314.682151118,421671.538357749,843343.076715497,263.8464
9982,1809.94410177332,3923.19969159599,2132.31784888204,7865.46164225135,1809.94410177332,3923.19969159599,2132.31784888204,7865.46164225135,15730.9232845027,0
2656,13642,767,336,14745,13642,767,336,14745,29490,2696.1446
8647,1588,744,216,2548,1588,744,216,2548,5096,0
2149,18819,14519,6880,40218,18819,14519,6880,40218,80436,7670.7591
1391,266722,385714,313904,966340,266722,385714,313904,966340,1932680,32407.1164
1522,112225,143591,399192,655008,112225,143591,399192,655008,1310016,0
4028,36565,3462,24773,64800,36565,3462,24773,64800,129600,0
4524,16213,18236,28155,62604,16213,18236,28155,62604,125208,0
3146,77284,165416,143003,385703,77284,165416,143003,385703,771406,0
8129,91,0,0,91,91,0,0,91,182,0
3607,126530,269151,200775,596456,126530,269151,200775,596456,1192912,48684.9069999999
5174,45620,108755,264787,419162,45620,108755,264787,419162,838324,0
5066,345155,367448,986246,1698849,345155,367448,986246,1698849,3397698,1529437.8143
5590,99500,77242,238689,415431,99500,77242,238689,415431,830862,0
6818,81718.8222558995,122172.955185105,209691.78321426,413583.560655265,81718.8222558995,122172.955185105,209691.78321426,413583.560655265,827167.121310529,0
6085,141190.1777441,211085.044814895,362296.21678574,714571.439344736,141190.1777441,211085.044814895,362296.21678574,714571.439344736,1429142.87868947,3764.82
8067,11277,3646,5108,20031,11277,3646,5108,20031,40062,0
2138,13413,9104,5413,27930,13413,9104,5413,27930,55860,0
5417,2592,9737,6594,18923,2592,9737,6594,18923,37846,0
7766,4109,2124,1483,7716,4109,2124,1483,7716,15432,138.5895
7506,64362,82993,43316,190671,64362,82993,43316,190671,381342,2713.7591
3194,4455,8320,6259,19034,4455,8320,6259,19034,38068,0
2691,2569,2235,0,4804,2569,2235,0,4804,9608,0
5235,109768,181228,285617,576613,109768,181228,285617,576613,1153226,0
9909,107452,126095,104978,338525,107452,126095,104978,338525,677050,0
3054,422203,420545,532076,1374824,422203,420545,532076,1374824,2749648,68042.1488
5202,14906,18370,57813,91089,14906,18370,57813,91089,182178,0
6919,215909,259163,523981,999053,215909,259163,523981,999053,1998106,0
3314,28803,53906,12489,95198,28803,53906,12489,95198,190396,0
6009,2593095,4498801,2895865,9987761,2593095,4498801,2895865,9987761,19975522,2893368.31170001
2356,44657,78619,35163,158439,44657,78619,35163,158439,316878,0
5236,42700,65873,207841,316414,42700,65873,207841,316414,632828,0
9983,48714,69928,44806,163448,48714,69928,44806,163448,326896,0
9676,27392,32245,47630,107267,27392,32245,47630,107267,214534,0
9630,54895,62970,96431,214296,54895,62970,96431,214296,428592,0
2231,67207,116295,87501,271003,67207,116295,87501,271003,542006,0
5539,69357,37682,55588,162627,69357,37682,55588,162627,325254,8184.5444
5591,37602,36214,116372,190188,37602,36214,116372,190188,380376,0
1870,39168,60224,51151,150543,39168,60224,51151,150543,301086,0
2398,32700,79746,53118,165564,32700,79746,53118,165564,331128,17879.9598
5880,26623,31089,30104,87816,26623,31089,30104,87816,175632,0
6086,369018,496980,651848,1517846,369018,496980,651848,1517846,3035692,165748.5371
5107,298018,370650,1121393,1790061,298018,370650,1121393,1790061,3580122,510128.949700001
6880,78266,122932,283147,484345,78266,122932,283147,484345,968690,0
5141,4208,7918,11151,23277,4208,7918,11151,23277,46554,0
1221,35794,30726,16662,83182,35794,30726,16662,83182,166364,0
5308,7361,7074,15997,30432,7361,7074,15997,30432,60864,0
5941,11197,3122,4489,18808,11197,3122,4489,18808,37616,0
2437,31702,81287,4541,117530,31702,81287,4541,117530,235060,628.3536
9738,17550,27541,25287,70378,17550,27541,25287,70378,140756,0.3228
6979,468357,776270,1375474,2620101,468357,776270,1375474,2620101,5240202,0
4794,5639,18213,4237,28089,5639,18213,4237,28089,56178,0
5717,31127,119375,45428,195930,31127,119375,45428,195930,391860,6267.1815
8436,12594,8200,11393,32187,12594,8200,11393,32187,64374,0
5418,313121,438686,519065,1270872,313121,438686,519065,1270872,2541744,0
5523,89347,120399,195039,404785,89347,120399,195039,404785,809570,0
2193,217140,91229,71391,379760,217140,91229,71391,379760,759520,118800.975
2432,11456,1051,1228,13735,11456,1051,1228,13735,27470,0
2828,11669,15661,2042,29372,11669,15661,2042,29372,58744,0
4189,587,120,1276,1983,587,120,1276,1983,3966,0
5365,149041,197116,146309,492466,149041,197116,146309,492466,984932,0
8212,72225,46324,54586,173135,72225,46324,54586,173135,346270,0
6015,160111,164634,351006,675751,160111,164634,351006,675751,1351502,0
8499,179739,171917,174720,526376,179739,171917,174720,526376,1052752,1014.7284
5309,247697,494817,676479,1418993,247697,494817,676479,1418993,2837986,208990.4239
5562,54690,58804,104446,217940,54690,58804,104446,217940,435880,0
2105,6885,943,0,7828,6885,943,0,7828,15656,0
8720,83686,96125,128135,307946,83686,96125,128135,307946,615892,0
2399,173,311,46,530,173,311,46,530,1060,0
2303,42756,61693,36622,141071,42756,61693,36622,141071,282142,0
5563,159177,175044,308287,642508,159177,175044,308287,642508,1285016,2195.1286
5273,200922,521290,504385,1226597,200922,521290,504385,1226597,2453194,491253.1003
7327,18855,35911,10746,65512,18855,35911,10746,65512,131024,0
1563,4500,3589,3855,11944,4500,3589,3855,11944,23888,0
8071,13891,18559,17292,49742,13891,18559,17292,49742,99484,0
1734,10135,12407,37396,59938,10135,12407,37396,59938,119876,0
1023,312716,550136,159079,1021931,312716,550136,159079,1021931,2043862,0
2194,124026,136325,54865,315216,124026,136325,54865,315216,630432,0
6221,79,5,78,162,79,5,78,162,324,0
1862,41433,17585,15699,74717,41433,17585,15699,74717,149434,0
8437,587155,1271547,638470,2497172,587155,1271547,638470,2497172,4994344,378113.229199999
8126,223376,692822,183348,1099546,223376,692822,183348,1099546,2199092,63015.4897
2937,4138,4155,8085,16378,4138,4155,8085,16378,32756,0
2558,6348,835,4346,11529,6348,835,4346,11529,23058,0
3072,31325,68733,72020,172078,31325,68733,72020,172078,344156,0
8098,7141,2971,1540,11652,7141,2971,1540,11652,23304,0
6108,188038,370818,325995,884851,188038,370818,325995,884851,1769702,35.1332
8921,24004,16621,11642,52267,24004,16621,11642,52267,104534,0
2235,127276,357839,197136,682251,127276,357839,197136,682251,1364502,58494.9589
5463,43593,70060,214519,328172,43593,70060,214519,328172,656344,112299.1702
8099,4044,9095,5595,18734,4044,9095,5595,18734,37468,0
2160,98223,216907,161214,476344,98223,216907,161214,476344,952688,19685.0361
2829,9885,18567,14575,43027,9885,18567,14575,43027,86054,0
2959,4696,5909,10469,21074,4696,5909,10469,21074,42148,0
6310,14389,4864,5733,24986,14389,4864,5733,24986,49972,0
9845,218346,353398,285489,857233,218346,353398,285489,857233,1714466,833354.876900001
6851,12710,13334,42676,68720,12710,13334,42676,68720,137440,0
9618,3408,1087,19193,23688,3408,1087,19193,23688,47376,0
5495,32580,44778,99393,176751,32580,44778,99393,176751,353502,0
6881,620580,1199091,2191573,4011244,620580,1199091,2191573,4011244,8022488,23310.7797
8568,173524,295128,181096,649748,173524,295128,181096,649748,1299496,0
9586,379973,425825,185592,991390,379973,425825,185592,991390,1982780,0
2236,2403,5197,2242,9842,2403,5197,2242,9842,19684,0
2122,648,27,102,777,648,27,102,777,1554,0
6882,64864,65667,249282,379813,64864,65667,249282,379813,759626,0
8922,31261,12551,17390,61202,31261,12551,17390,61202,122404,0
8648,11629,2490,1862,15981,11629,2490,1862,15981,31962,0
8778,1388,304,510,2202,1388,304,510,2202,4404,0
9136,164851,334805,137838,637494,164851,334805,137838,637494,1274988,75295.8963
9646,11582,16078,14461,42121,11582,16078,14461,42121,84242,0
8649,228872,401395,21564,651831,228872,401395,21564,651831,1303662,72055.4766
8614,197,46,0,243,197,46,0,243,486,0
8924,106111,78377,82743,267231,106111,78377,82743,267231,534462,0
7217,336362,749161,562176,1647699,336362,749161,562176,1647699,3295398,583965.3589
2817,34881,47030,48310,130221,34881,47030,48310,130221,260442,0
9508,113689,220390,143486,477565,113689,220390,143486,477565,955130,0
5592,166754,161635,286595,614984,166754,161635,286595,614984,1229968,0
3110,135,1014,2280,3429,135,1014,2280,3429,6858,0
3170,26519,23421,62430,112370,26519,23421,62430,112370,224740,0
3555,2832,20720,6135,29687,2832,20720,6135,29687,59374,0
9507,7880,1566,2142,11588,7880,1566,2142,11588,23176,0
1097,47722,56601,91928,196251,47722,56601,91928,196251,392502,0
4081,3197,1278,5,4480,3197,1278,5,4480,8960,0
9648,152896,260648,240795,654339,152896,260648,240795,654339,1308678,0
9995,45845,69886,36334,152065,45845,69886,36334,152065,304130,0
2605,5579,8114,7183,20876,5579,8114,7183,20876,41752,0
5038,5140,8682,3341,17163,5140,8682,3341,17163,34326,0
8468,328540,334604,197258,860402,328540,334604,197258,860402,1720804,1487.1316
8925,21403,23846,5788,51037,21403,23846,5788,51037,102074,0
6838,38612,74279,314153,427044,38612,74279,314153,427044,854088,0
1655,12341,20311,20121,52773,12341,20311,20121,52773,105546,0
3325,24711,111530,41798,178039,24711,111530,41798,178039,356078,0
1384,1100,1272,1484,3856,1100,1272,1484,3856,7712,0
5678,8479,22733,4526,35738,8479,22733,4526,35738,71476,0
5079,2930,2178,6739,11847,2930,2178,6739,11847,23694,0
5205,24738,14579,31158,70475,24738,14579,31158,70475,140950,0
1976,30540,46862,34888,112290,30540,46862,34888,112290,224580,0
5419,52076,62806,148254,263136,52076,62806,148254,263136,526272,0
7011,4429,2590,8929,15948,4429,2590,8929,15948,31896,0
9816,8927,16210,7504,32641,8927,16210,7504,32641,65282,0
1447,72157,122873,247170,442200,72157,122873,247170,442200,884400,0
1448,272923,384530,783005,1440458,272923,384530,783005,1440458,2880916,0
3092,735380,981192,1907979,3624551,735380,981192,1907979,3624551,7249102,3394.2302
5080,134723,128860,226687,490270,134723,128860,226687,490270,980540,73.7859
1553,341607,384755,392935,1119297,341607,384755,392935,1119297,2238594,0
1449,225315,290538,502295,1018148,225315,290538,502295,1018148,2036296,0
1399,122559,227970,206087,556616,122559,227970,206087,556616,1113232,0
1966,6337,4811,1942,13090,6337,4811,1942,13090,26180,0
1857,88197,208076,214737,511010,88197,208076,214737,511010,1022020,81798.0913
5593,151584,141507,369142,662233,151584,141507,369142,662233,1324466,0
5594,153124,222932,211930,587986,153124,222932,211930,587986,1175972,0
3571,462,1966,1040,3468,462,1966,1040,3468,6936,0
3237,82732,72637,50932,206301,82732,72637,50932,206301,412602,0
5108,134950,126803,395608,657361,134950,126803,395608,657361,1314722,0
4581,140840,255680,384437,780957,140840,255680,384437,780957,1561914,0
1229,45709,36910,15297,97916,45709,36910,15297,97916,195832,9439.521
4132,7283,3709,4528,15520,7283,3709,4528,15520,31040,0
1415,73575,200426,674662,948663,73575,200426,674662,948663,1897326,0
7516,750,162,0,912,750,162,0,912,1824,0
8652,34,14,0,48,34,14,0,48,96,0
4083,6550,2039,5,8594,6550,2039,5,8594,17188,0
9512,87963,155699,62526,306188,87963,155699,62526,306188,612376,13555.3753
9516,12925,23743,18226,54894,12925,23743,18226,54894,109788,0
9960,13836,21311,29094,64241,13836,21311,29094,64241,128482,0
9517,124324,210180,160068,494572,124324,210180,160068,494572,989144,137867.4068
8653,205,59,0,264,205,59,0,264,528,0
3008,15792,55151,19325,90268,15792,55151,19325,90268,180536,0
9142,15310,23580,11023,49913,15310,23580,11023,49913,99826,0
6121,2371927,9297923,4003581,15673431,2371927,9297923,4003581,15673431,31346862,3735772.9964
1392,94635,98300,152588,345523,94635,98300,152588,345523,691046,0
7115,105317,303337,76791,485445,105317,303337,76791,485445,970890,8.9513
1109,99635,142784,330502,572921,99635,142784,330502,572921,1145842,0
5823,147,1193,371,1711,147,1193,371,1711,3422,0
9817,22971,40290,30128,93389,22971,40290,30128,93389,186778,0
4508,9940,12544,9186,31670,9940,12544,9186,31670,63340,0
9217,4903,4523,1178,10604,4903,4523,1178,10604,21208,0
5565,734483,1126437,1232505,3093425,734483,1126437,1232505,3093425,6186850,0
5366,49673,40562,61766,152001,49673,40562,61766,152001,304002,0
8655,11296,8646,1319,21261,11296,8646,1319,21261,42522,0
3073,7184,23002,16090,46276,7184,23002,16090,46276,92552,0
6862,3346,6531,10338,20215,3346,6531,10338,20215,40430,0
6527,26735,15995,18798,61528,26735,15995,18798,61528,123056,0
2124,157450,746101,300854,1204405,157450,746101,300854,1204405,2408810,61661.0232
1867,32454,34181,18823,85458,32454,34181,18823,85458,170916,0
2057,11211,2812,861,14884,11211,2812,861,14884,29768,0
1959,5191,141,1838,7170,5191,141,1838,7170,14340,0
9145,146263,287417,123269,556949,146263,287417,123269,556949,1113898,20660.1899
9518,2806,6682,837,10325,2806,6682,837,10325,20650,0
2245,145620,153301,134188,433109,145620,153301,134188,433109,866218,50048.3413
2668,66497,27707,28699,122903,66497,27707,28699,122903,245806,37985.6377
9771,13414,19899,4148,37461,13414,19899,4148,37461,74922,0
9230,8821,9457,7178,25456,8821,9457,7178,25456,50912,0
9766,15723,28607,21460,65790,15723,28607,21460,65790,131580,0
6466,68,13,0,81,68,13,0,81,162,0
6401,14350,7867,11327,33544,14350,7867,11327,33544,67088,0
6565,12216,5286,8344,25846,12216,5286,8344,25846,51692,0
8214,61925,81852,33075,176852,61925,81852,33075,176852,353704,0
6088,82229,72748,142443,297420,82229,72748,142443,297420,594840,0
4206,7623,3858,30,11511,7623,3858,30,11511,23022,0
5109,33111,42540,95914,171565,33111,42540,95914,171565,343130,0
8546,32502,31844,14712,79058,32502,31844,14712,79058,158116,0
4228,1575,542,347,2464,1575,542,347,2464,4928,0
2848,63704,79204,103917,246825,63704,79204,103917,246825,493650,0
8657,13029,19099,0,32128,13029,19099,0,32128,64256,0
9149,15283,17023,3316,35622,15283,17023,3316,35622,71244,4379.7526
5057,124725,151182,285293,561200,124725,151182,285293,561200,1122400,0
7445,317864,197861,493220,1008945,317864,197861,493220,1008945,2017890,0
8658,2645,1112,0,3757,2645,1112,0,3757,7514,0
5504,19184,2296,5023,26503,19184,2296,5023,26503,53006,0
7201,75,139,15,229,75,139,15,229,458,0
4084,2153,653,0,2806,2153,653,0,2806,5612,0
9710,50773,75147,38525,164445,50773,75147,38525,164445,328890,0
2685,420917,442370,138774,1002061,420917,442370,138774,1002061,2004122,343227.3027
5275,105802,229918,164175,499895,105802,229918,164175,499895,999790,0
1017,16158,21746,8295,46199,16158,21746,8295,46199,92398,0
9652,8800,16044,5898,30742,8800,16044,5898,30742,61484,0
2735,11484,5787,5758,23029,11484,5787,5758,23029,46058,0
3171,87395,109238,166468,363101,87395,109238,166468,363101,726202,0
4607,20049,22549,42335,84933,20049,22549,42335,84933,169866,0
1761,31209,12301,9761,53271,31209,12301,9761,53271,106542,0
9818,34993,43924,41070,119987,34993,43924,41070,119987,239974,0
2058,8004,2764,648,11416,8004,2764,648,11416,22832,0
1871,5600,5893,1197,12690,5600,5893,1197,12690,25380,0
5824,54,565,733,1352,54,565,733,1352,2704,0
4595,4349,3569,7614,15532,4349,3569,7614,15532,31064,0
9876,117283,167959,126497,411739,117283,167959,126497,411739,823478,0
9521,58186,136632,31622,226440,58186,136632,31622,226440,452880,0
9728,46781,94447,68837,210065,46781,94447,68837,210065,420130,0
8931,19142,17142,20173,56457,19142,17142,20173,56457,112914,0
3225,43258,12950,19179,75387,43258,12950,19179,75387,150774,0
2669,20421,5341,11296,37058,20421,5341,11296,37058,74116,0
2059,4739,628,2534,7901,4739,628,2534,7901,15802,0
2339,46519,89812,60447,196778,46519,89812,60447,196778,393556,0
1133,38289,58687,146452,243428,38289,58687,146452,243428,486856,0
1534,130262,391809,425076,947147,130262,391809,425076,947147,1894294,0
7925,1292,390,6262,7944,1292,390,6262,7944,15888,0
4597,363563,473180,321175,1157918,363563,473180,321175,1157918,2315836,140790.2853
2237,131531,95090,79494,306115,131531,95090,79494,306115,612230,0
5368,313499,273030,487409,1073938,313499,273030,487409,1073938,2147876,63221.9078
4784,25841,48235,27730,101806,25841,48235,27730,101806,203612,10.1978
5110,161512,182877,495658,840047,161512,182877,495658,840047,1680094,0
8487,3641837,6495403,4286584,14423824,3641837,6495403,4286584,14423824,28847648,2889752.59759998
1947,558120,1441751,526142,2526013,558120,1441751,526142,2526013,5052026,467455.776
5294,4346,6117,12100,22563,4346,6117,12100,22563,45126,0
7446,296656,248591,456139,1001386,296656,248591,456139,1001386,2002772,0
1373,118511,283323,461845,863679,118511,283323,461845,863679,1727358,0
3539,177,1199,61,1437,177,1199,61,1437,2874,0
3498,3986,54413,0,58399,3986,54413,0,58399,116798,0
5111,13073,15511,25513,54097,13073,15511,25513,54097,108194,0
9955,96515,227368,99991,423874,96515,227368,99991,423874,847748,0
3620,39509,48031,49416,136956,39509,48031,49416,136956,273912,1.2928
6089,234333,315416,326161,875910,234333,315416,326161,875910,1751820,0
9188,69119,172861,14872,256852,69119,172861,14872,256852,513704,0
2862,50128,125396,66498,242022,50128,125396,66498,242022,484044,0
5329,213466,636035,482253,1331754,213466,636035,482253,1331754,2663508,639971.546
5051,823426,1056189,2729557,4609172,823426,1056189,2729557,4609172,9218344,2002594.2475
2710,104777,44338,47639,196754,104777,44338,47639,196754,393508,0
7402,117602,201211,358722,677535,117602,201211,358722,677535,1355070,0
7403,95528,163826,241556,500910,95528,163826,241556,500910,1001820,0
1177,118573,133073,90941,342587,118573,133073,90941,342587,685174,0
1291,58634,157133,275179,490946,58634,157133,275179,490946,981892,86160.3340999999
1579,912,6345,7114,14371,912,6345,7114,14371,28742,0
7491,410342,232805,954517,1597664,410342,232805,954517,1597664,3195328,0
6340,311023,409341,104428,824792,311023,409341,104428,824792,1649584,25993.6822
5369,42142,80387,129457,251986,42142,80387,129457,251986,503972,0
7305,8354,9301,5828,23483,8354,9301,5828,23483,46966,0
9438,159681,283165,156173,599019,159681,283165,156173,599019,1198038,0
5634,51570,78614,120997,251181,51570,78614,120997,251181,502362,0
3573,11734,115976,50833,178543,11734,115976,50833,178543,357086,67888.1543
5635,26201,43737,45289,115227,26201,43737,45289,115227,230454,0
3853,55198,5860,32796,93854,55198,5860,32796,93854,187708,0
3066,1290,570,1237,3097,1290,570,1237,3097,6194,0
2156,38559,26456,7690,72705,38559,26456,7690,72705,145410,0
2661,26819,82680,80894,190393,26819,82680,80894,190393,380786,0
5260,66610,240792,211793,519195,66610,240792,211793,519195,1038390,4013.5272
5498,33817,50563,77420,161800,33817,50563,77420,161800,323600,0
7072,23059,34206,61766,119031,23059,34206,61766,119031,238062,0
2242,1924151.66,3928400.86,1783865.92,7636418.44,1924151.66,3928400.86,1783865.92,7636418.44,15272836.88,398608.749700001
2244,405084.56,827031.76,375550.72,1607667.04,405084.56,827031.76,375550.72,1607667.04,3215334.08,0
2246,1873516.09,3825021.89,1736922.08,7435460.06,1873516.09,3825021.89,1736922.08,7435460.06,14870920.12,1237463.5355
9709,180398,446387,274869,901654,180398,446387,274869,901654,1803308,714610.8814
6965,5326921,8259187,18229515,31815623,5326921,8259187,18229515,31815623,63631246,3143569.8667
9371,172408,226258,163975,562641,172408,226258,163975,562641,1125282,0
9372,52623,63206,42760,158589,52623,63206,42760,158589,317178,0
4327,851,131,0,982,851,131,0,982,1964,0
4356,4509,1025,590,6124,4509,1025,590,6124,12248,0
4226,350,271,0,621,350,271,0,621,1242,0
4018,32393,1908,27659,61960,32393,1908,27659,61960,123920,0
3844,123897,14549,85580,224026,123897,14549,85580,224026,448052,0
4460,1637,556,110,2303,1637,556,110,2303,4606,0
4334,602,74,0,676,602,74,0,676,1352,0
4248,4798,3895,0,8693,4798,3895,0,8693,17386,0
4059,5315,4030,100,9445,5315,4030,100,9445,18890,0
4227,11772,10038,43,21853,11772,10038,43,21853,43706,0
2484,71037,74939,9927,155903,71037,74939,9927,155903,311806,0
2485,72455,82398,15431,170284,72455,82398,15431,170284,340568,70595.1682
4247,2106,1627,0,3733,2106,1627,0,3733,7466,0
4133,87442,58666,55629,201737,87442,58666,55629,201737,403474,5066.4026
2488,3041,2799,151,5991,3041,2799,151,5991,11982,0
2467,3654,4154,1692,9500,3654,4154,1692,9500,19000,0
4060,2128,1068,0,3196,2128,1068,0,3196,6392,0
4162,903,493,0,1396,903,493,0,1396,2792,0
4138,821,365,141,1327,821,365,141,1327,2654,0
4207,236,169,0,405,236,169,0,405,810,0
9925,26899,24656,30919,82474,26899,24656,30919,82474,164948,0
9916,26954,4008,7994,38956,26954,4008,7994,38956,77912,0
3847,68503,6470,43840,118813,68503,6470,43840,118813,237626,0
2457,6316,3704,553,10573,6316,3704,553,10573,21146,0
4223,9486,3515,3423,16424,9486,3515,3423,16424,32848,0
9699,76143,44724,29873,150740,76143,44724,29873,150740,301480,0
4061,635,447,0,1082,635,447,0,1082,2164,0
4163,2842,1634,0,4476,2842,1634,0,4476,8952,0
4421,7935,2520,5540,15995,7935,2520,5540,15995,31990,0
3852,20886,3031,3853,27770,20886,3031,3853,27770,55540,0
8712,1467,517,392,2376,1467,517,392,2376,4752,0
8846,228,88,0,316,228,88,0,316,632,0
8829,660,320,0,980,660,320,0,980,1960,0
8830,179,86,0,265,179,86,0,265,530,0
9156,11259,17965,6101,35325,11259,17965,6101,35325,70650,0
8660,181,60,0,241,181,60,0,241,482,0
9655,19496,25996,56838,102330,19496,25996,56838,102330,204660,0
9614,18723,85430,3497,107650,18723,85430,3497,107650,215300,0
8443,8264,5992,10714,24970,8264,5992,10714,24970,49940,0
5148,4162843,5792285,14803799,24758927,4162843,5792285,14803799,24758927,49517854,8454417.51159999
6966,109120,141018,110314,360452,109120,141018,110314,360452,720904,0
5281,56429,134761,61687,252877,56429,134761,61687,252877,505754,0
5632,76400,56585,147877,280862,76400,56585,147877,280862,561724,0
1067,22239,59909,62281,144429,22239,59909,62281,144429,288858,0
1829,200714,57510,85377,343601,200714,57510,85377,343601,687202,5017.7686
2657,6560,574,30,7164,6560,574,30,7164,14328,3.3236
7978,13133,3552,3508,20193,13133,3552,3508,20193,40386,0
1110,104453,134382,177140,415975,104453,134382,177140,415975,831950,0
5674,3688,238,554,4480,3688,238,554,4480,8960,0
5114,46035,95130,160049,301214,46035,95130,160049,301214,602428,0
9354,35365,34774,25671,95810,35365,34774,25671,95810,191620,0
1305,13159,5712,5290,24161,13159,5712,5290,24161,48322,0
1306,18104,9487,4501,32092,18104,9487,4501,32092,64184,0
3574,2208,53147,7102,62457,2208,53147,7102,62457,124914,0
2307,6827,5833,5613,18273,6827,5833,5613,18273,36546,0
2689,12075,2244,6402,20721,12075,2244,6402,20721,41442,0
2598,24604,29849,65024,119477,24604,29849,65024,119477,238954,0
3517,2884,21909,9327,34120,2884,21909,9327,34120,68240,0
1897,157910,370914,121883,650707,157910,370914,121883,650707,1301414,36203.7652
5082,111182,102398,488696,702276,111182,102398,488696,702276,1404552,0
6202,15307,3753,2875,21935,15307,3753,2875,21935,43870,0
5053,72563,82931,108257,263751,72563,82931,108257,263751,527502,0
7268,57142,142018,31032,230192,57142,142018,31032,230192,460384,5022.5409
3635,53327,54361,46504,154192,53327,54361,46504,154192,308384,3395.2621
1536,277290,954080,542761,1774131,277290,954080,542761,1774131,3548262,120126.8684
3645,582625,550306,244419,1377350,582625,550306,244419,1377350,2754700,113934.5143
3518,12,1073,0,1085,12,1073,0,1085,2170,0
4826,52383,27444,16189,96016,52383,27444,16189,96016,192032,0
4640,7484,13257,20311,41052,7484,13257,20311,41052,82104,0
5892,13548,35036,10385,58969,13548,35036,10385,58969,117938,0
5887,35460,65884,16906,118250,35460,65884,16906,118250,236500,0
5762,2031,25278,177,27486,2031,25278,177,27486,54972,0
5761,4893,37829,6804,49526,4893,37829,6804,49526,99052,0
2670,26792,13072,3967,43831,26792,13072,3967,43831,87662,0
2871,161570,466835,108901,737306,161570,466835,108901,737306,1474612,9332.4013
4422,35951,23749,701,60401,35951,23749,701,60401,120802,20018.7667
3963,63685,9467,21078,94230,63685,9467,21078,94230,188460,0
3962,1069,160,147,1376,1069,160,147,1376,2752,0
2155,156007,472548,282191,910746,156007,472548,282191,910746,1821492,0
5853,4663,5378,794,10835,4663,5378,794,10835,21670,0
3147,436701,764537,952550,2153788,436701,764537,952550,2153788,4307576,503739.6972
5237,27969.8422203038,48485.6065977261,58866.9735319508,135322.422349981,27969.8422203038,48485.6065977261,58866.9735319508,135322.422349981,270644.844699961,23690.2953
5115,140379.511801333,243347.307073453,295450.969674706,679177.788549492,140379.511801333,243347.307073453,295450.969674706,679177.788549492,1358355.57709898,28938.9335
5222,87147.6459783627,151070.086328821,183416.056793343,421633.789100527,87147.6459783627,151070.086328821,183416.056793343,421633.789100527,843267.578201054,68846.7613
5599,55257,56435,188836,300528,55257,56435,188836,300528,601056,0
8831,8919,33567,0,42486,8919,33567,0,42486,84972,0
8164,44221,77227,37886,159334,44221,77227,37886,159334,318668,0
4884,57172,52154,47437,156763,57172,52154,47437,156763,313526,20740.4008
2961,434901,1151900,143626,1730427,434901,1151900,143626,1730427,3460854,15885.5388
2966,728514.335739761,2052478.88899372,1018154.28539017,3799147.51012365,728514.335739761,2052478.88899372,1018154.28539017,3799147.51012365,7598295.0202473,733568.0618
2968,2360050.35645475,6649084.71384674,3298350.17140879,12307485.2417103,2360050.35645475,6649084.71384674,3298350.17140879,12307485.2417103,24614970.4834206,2722349.6614
2970,698194.340653351,1967056.89140727,975779.782356006,3641031.01441663,698194.340653351,1967056.89140727,975779.782356006,3641031.01441663,7282062.02883326,618704.5193
7165,2615,1544,1238,5397,2615,1544,1238,5397,10794,0
6856,96919,227304,260421,584644,96919,227304,260421,584644,1169288,332829.5219
6883,143657,278013,502619,924289,143657,278013,502619,924289,1848578,0
2253,51729,54837,29155,135721,51729,54837,29155,135721,271442,0
4094,3605,1215,0,4820,3605,1215,0,4820,9640,0
7603,2133,572,532,3237,2133,572,532,3237,6474,0
1727,72658,90121,20650,183429,72658,90121,20650,183429,366858,0
1728,29787,31266,18293,79346,29787,31266,18293,79346,158692,0
7166,52950,75666,60677,189293,52950,75666,60677,189293,378586,64.51
5223,26832,57718,155699,240249,26832,57718,155699,240249,480498,0
5018,48311,191435,99747,339493,48311,191435,99747,339493,678986,2404.3481
1909,69701,192650,153649,416000,69701,192650,153649,416000,832000,0
6318,9196,17907,3140,30243,9196,17907,3140,30243,60486,0
9160,44238,79949,17350,141537,44238,79949,17350,141537,283074,0
6863,34638,51600,165532,251770,34638,51600,165532,251770,503540,374591.8534
3021,37864,54499,52239,144602,37864,54499,52239,144602,289204,0
2830,47242,77491,103002,227735,47242,77491,103002,227735,455470,0
8445,25216,33491,25583,84290,25216,33491,25583,84290,168580,0
7928,23913,6961,8750,39624,23913,6961,8750,39624,79248,0
1034,46992,95093,168754,310839,46992,95093,168754,310839,621678,0
5040,2698,6789,6590,16077,2698,6789,6590,16077,32154,0
5692,84483,98971,108617,292071,84483,98971,108617,292071,584142,0
7947,4450,581,253,5284,4450,581,253,5284,10568,0
9957,13958,22175,10038,46171,13958,22175,10038,46171,92342,0
6970,86564,165745,230229,482538,86564,165745,230229,482538,965076,0
1475,1545603,3359568,3083760,7988931,1545603,3359568,3083760,7988931,15977862,495659.8617
1988,26650,12633,10580,49863,26650,12633,10580,49863,99726,0
1581,26607,64878,12602,104087,26607,64878,12602,104087,208174,0
1582,4824,24913,1889,31626,4824,24913,1889,31626,63252,0
2867,36454,88040,36445,160939,36454,88040,36445,160939,321878,0
9802,22286,39415,16469,78170,22286,39415,16469,78170,156340,0
9529,13794,24312,6550,44656,13794,24312,6550,44656,89312,0
5149,128381,161439,222889,512709,128381,161439,222889,512709,1025418,0
6663,310733,520119,281814,1112666,310733,520119,281814,1112666,2225332,47041.3363
7036,31329,37262,65018,133609,31329,37262,65018,133609,267218,0
3346,9449,11040,5440,25929,9449,11040,5440,25929,51858,0
7221,8522,17185,6648,32355,8522,17185,6648,32355,64710,0
1851,42264,61648,22839,126751,42264,61648,22839,126751,253502,0
3576,319,457,1288,2064,319,457,1288,2064,4128,0
8574,95820,101280,116778,313878,95820,101280,116778,313878,627756,0
2254,91614,81605,30689,203908,91614,81605,30689,203908,407816,0
2357,14525,9963,10750,35238,14525,9963,10750,35238,70476,0
5116,26350,50388,90986,167724,26350,50388,90986,167724,335448,0
9705,13085,27867,17165,58117,13085,27867,17165,58117,116234,0
5475,59292,81819,218475,359586,59292,81819,218475,359586,719172,0
3855,159400,24659,97369,281428,159400,24659,97369,281428,562856,0
3857,19943,3509,7963,31415,19943,3509,7963,31415,62830,0
6297,23497,4457,19421,47375,23497,4457,19421,47375,94750,0
7725,67026,108944,5584,181554,67026,108944,5584,181554,363108,0
6707,36388,43653,29525,109566,36388,43653,29525,109566,219132,0
5908,12914,19199,49078,81191,12914,19199,49078,81191,162382,0
8477,27177,19102,39029,85308,27177,19102,39029,85308,170616,3626.51
7929,338104,247721,89922,675747,338104,247721,89922,675747,1351494,68497.1469
2971,1569,5681,5745,12995,1569,5681,5745,12995,25990,0
3159,4413,8180,4405,16998,4413,8180,4405,16998,33996,0
5644,32875,29705,72853,135433,32875,29705,72853,135433,270866,0
4095,19262,13195,221,32678,19262,13195,221,32678,65356,0
2750,24866,4980,5383,35229,24866,4980,5383,35229,70458,0
1527,251618,255640,830037,1337295,251618,255640,830037,1337295,2674590,0
1537,1084,4038,3070,8192,1084,4038,3070,8192,16384,0
5909,7089,3753,9420,20262,7089,3753,9420,20262,40524,0
9658,24408,34526,40158,99092,24408,34526,40158,99092,198184,0
1997,70866,4201,31606,106673,70866,4201,31606,106673,213346,0
2920,36576,76290,43902,156768,36576,76290,43902,156768,313536,0
9985,131702,216214,151261,499177,131702,216214,151261,499177,998354,0
1378,588716,1625177,1110840,3324733,588716,1625177,1110840,3324733,6649466,428909.460300001
4469,1981,641,3116,5738,1981,641,3116,5738,11476,0
5019,7385,12837,10010,30232,7385,12837,10010,30232,60464,2713.8177
8518,62947,89113,75230,227290,62947,89113,75230,227290,454580,63897.2961
6906,6744,7863,24082,38689,6744,7863,24082,38689,77378,0
5069,133864,169390,157631,460885,133864,169390,157631,460885,921770,0
5427,60096,69062,115891,245049,60096,69062,115891,245049,490098,1421.9518
2849,2978,4033,1400,8411,2978,4033,1400,8411,16822,0
9060,1016,212,1112,2340,1016,212,1112,2340,4680,0
3067,2977,1559,5207,9743,2977,1559,5207,9743,19486,0
3203,32614,17230,15436,65280,32614,17230,15436,65280,130560,0
9080,76533,79234,46301,202068,76533,79234,46301,202068,404136,0
2226,860804.69,1757442.49,798045.28,3416292.46,860804.69,1757442.49,798045.28,3416292.46,6832584.92,500161.432699999
6005,930987,691937,3076021,4698945,930987,691937,3076021,4698945,9397890,580450.461
2799,5301,6950,6834,19085,5301,6950,6834,19085,38170,0
8539,38033,48688,45205,131926,38033,48688,45205,131926,263852,0
8833,1037,1119,0,2156,1037,1119,0,2156,4312,0
5825,689,4089,1133,5911,689,4089,1133,5911,11822,0
5291,13533,11044,35203,59780,13533,11044,35203,59780,119560,0
2695,83629,23313,15832,122774,83629,23313,15832,122774,245548,0
5957,8266,17138,1987,27391,8266,17138,1987,27391,54782,0
2151,101063,91025,84085,276173,101063,91025,84085,276173,552346,0
4814,17518,87445,13636,118599,17518,87445,13636,118599,237198,0
4470,4175,1173,31,5379,4175,1173,31,5379,10758,0
8504,61619,55089,50576,167284,61619,55089,50576,167284,334568,0
7680,66979,69615,30913,167507,66979,69615,30913,167507,335014,280.74
5501,17748,37807,36018,91573,17748,37807,36018,91573,183146,0
5600,255920,279811,586730,1122461,255920,279811,586730,1122461,2244922,0
2606,3685,4500,3186,11371,3685,4500,3186,11371,22742,0
2675,1069,163,187,1419,1069,163,187,1419,2838,0
2903,27215,50873,68303,146391,27215,50873,68303,146391,292782,0
2171,40489,48909,37819,127217,40489,48909,37819,127217,254434,0
9632,16143,28646,14723,59512,16143,28646,14723,59512,119024,0
2973,8592,21352,11299,41243,8592,21352,11299,41243,82486,0
9691,206587,242547,163690,612824,206587,242547,163690,612824,1225648,173657.6073
5645,133466,154272,342058,629796,133466,154272,342058,629796,1259592,27097.7938
5118,151603,165920,298764,616287,151603,165920,298764,616287,1232574,0
2158,5872,8495,603,14970,5872,8495,603,14970,29940,0
5312,52796,111903,48274,212973,52796,111903,48274,212973,425946,0
9819,163304,217618,167666,548588,163304,217618,167666,548588,1097176,5082.9397
3859,36679,5831,5854,48364,36679,5831,5854,48364,96728,0
9779,9677,10826,8995,29498,9677,10826,8995,29498,58996,0
8665,19830,11897,1561,33288,19830,11897,1561,33288,66576,0
9608,49777,65074,68637,183488,49777,65074,68637,183488,366976,0
9304,110147,65307,52905,228359,110147,65307,52905,228359,456718,0
8526,34975,29229,21648,85852,34975,29229,21648,85852,171704,0
8107,5554,8169,4615,18338,5554,8169,4615,18338,36676,0
3389,81435,79969,63851,225255,81435,79969,63851,225255,450510,0
8666,19919,37625,6046,63590,19919,37625,6046,63590,127180,0
1247,39820,25764,18691,84275,39820,25764,18691,84275,168550,0
4098,8053,2739,356,11148,8053,2739,356,11148,22296,0
1881,41555,26348,123623,191526,41555,26348,123623,191526,383052,0
2940,14582,17730,20640,52952,14582,17730,20640,52952,105904,0
4216,188456,151773,77111,417340,188456,151773,77111,417340,834680,0
7354,19691,15664,10854,46209,19691,15664,10854,46209,92418,0
9773,32531,56331,120522,209384,32531,56331,120522,209384,418768,0
2565,41325,10599,14008,65932,41325,10599,14008,65932,131864,0
2139,21755,3982,1114,26851,21755,3982,1114,26851,53702,0
6241,1650,468,907,3025,1650,468,907,3025,6050,0
2047,258,12,30,300,258,12,30,300,600,0
5911,18323,18848,19808,56979,18323,18848,19808,56979,113958,0
6018,160790,143216,329169,633175,160790,143216,329169,633175,1266350,0
5058,111289,112674,184451,408414,111289,112674,184451,408414,816828,844.9856
2152,171184,173894,121994,467072,171184,173894,121994,467072,934144,0
6289,222,40,0,262,222,40,0,262,524,0
5150,347581,569009,593096,1509686,347581,569009,593096,1509686,3019372,1111876.98520001
5345,476288,913555,792428,2182271,476288,913555,792428,2182271,4364542,800712.271400001
9533,5013,7324,3589,15926,5013,7324,3589,15926,31852,0
5119,263833,268844,744388,1277065,263833,268844,744388,1277065,2554130,0
6209,7840,1093,871,9804,7840,1093,871,9804,19608,0
5238,18106,16679,19557,54342,18106,16679,19557,54342,108684,0
2358,457,2562,311,3330,457,2562,311,3330,6660,0
5567,373077,465476,923303,1761856,373077,465476,923303,1761856,3523712,60657.2809
2974,18043,30442,52002,100487,18043,30442,52002,100487,200974,1611.2309
2769,17132,27275,68544,112951,17132,27275,68544,112951,225902,0
5881,82535,149663,69422,301620,82535,149663,69422,301620,603240,0
8506,140640,132880,148503,422023,140640,132880,148503,422023,844046,0
6019,107883,77503,160576,345962,107883,77503,160576,345962,691924,0
6498,69464.4398340249,156648.236053481,43138.9727985247,269251.64868603,69464.4398340249,156648.236053481,43138.9727985247,269251.64868603,538503.297372061,41293.4859
6499,127230.560165975,286915.763946519,79013.0272014753,493159.35131397,127230.560165975,286915.763946519,79013.0272014753,493159.35131397,986318.702627939,233988.847
9919,41839,5969,18412,66220,41839,5969,18412,66220,132440,0
3074,181332,359762,331761,872855,181332,359762,331761,872855,1745710,53136.1443
3071,8545,25993,8954,43492,8545,25993,8954,43492,86984,0
7728,789828,2789039,447689,4026556,789828,2789039,447689,4026556,8053112,422443.251600001
8808,50074,49226,22079,121379,50074,49226,22079,121379,242758,0
5330,5646,8286,11507,25439,5646,8286,11507,25439,50878,0
5331,40161,74724,45309,160194,40161,74724,45309,160194,320388,0
5175,13531,14806,38327,66664,13531,14806,38327,66664,133328,0
7038,40925,55560,48382,144867,40925,55560,48382,144867,289734,0
7039,16525,21951,57638,96114,16525,21951,57638,96114,192228,0
3674,359829,533330,301093,1194252,359829,533330,301093,1194252,2388504,566986.3403
3523,893,49185,26,50104,893,49185,26,50104,100208,0
1863,8696,4939,3334,16969,8696,4939,3334,16969,33938,0
9774,63394,108920,112189,284503,63394,108920,112189,284503,569006,64485.1277
3426,71328,395030,104162,570520,71328,395030,104162,570520,1141040,327262.5751
7834,23200,6186,4280,33666,23200,6186,4280,33666,67332,0
2789,17157,35164,39012,91333,17157,35164,39012,91333,182666,0
5828,194,747,314,1255,194,747,314,1255,2510,0
2257,96194,124316,153198,373708,96194,124316,153198,373708,747416,117794.1106
8668,2419,1879,20,4318,2419,1879,20,4318,8636,0
9571,14700,14687,8111,37498,14700,14687,8111,37498,74996,0
4426,40455,23118,1580,65153,40455,23118,1580,65153,130306,0
3895,29685,2868,17579,50132,29685,2868,17579,50132,100264,0
9609,14762,23642,16198,54602,14762,23642,16198,54602,109204,0
5568,314525,377172,622179,1313876,314525,377172,622179,1313876,2627752,0
5428,286217,469763,960924,1716904,286217,469763,960924,1716904,3433808,0
5460,1404,2989,1320,5713,1404,2989,1320,5713,11426,0
8528,43006,43314,38061,124381,43006,43314,38061,124381,248762,0
9358,72526,142974,59585,275085,72526,142974,59585,275085,550170,0
5636,54932,84568,66352,205852,54932,84568,66352,205852,411704,0
5429,129792,105638,179974,415404,129792,105638,179974,415404,830808,0
2455,498,462,21,981,498,462,21,981,1962,0
9189,21422,42405,16023,79850,21422,42405,16023,79850,159700,0
7895,10085,1991,3513,15589,10085,1991,3513,15589,31178,0
5601,64898,65266,108735,238899,64898,65266,108735,238899,477798,0
7308,32807,60756,26404,119967,32807,60756,26404,119967,239934,0
1422,100611,176828,109283,386722,100611,176828,109283,386722,773444,0
7996,59760,218738,57076,335574,59760,218738,57076,335574,671148,0
1069,217932,765796,448696,1432424,217932,765796,448696,1432424,2864848,3485.1824
1111,72876,112818,202998,388692,72876,112818,202998,388692,777384,0
5120,14651,13618,20735,49004,14651,13618,20735,49004,98008,0
1478,30475,30984,39168,100627,30475,30984,39168,100627,201254,0
6971,28217,69623,199399,297239,28217,69623,199399,297239,594478,0
2326,38341,49790,19682,107813,38341,49790,19682,107813,215626,0
7309,380243,1380855,274653,2035751,380243,1380855,274653,2035751,4071502,464319.3342
5376,398063,622717,911227,1932007,398063,622717,911227,1932007,3864014,1309360.7583
1826,929345,1985005,509741,3424091,929345,1985005,509741,3424091,6848182,399290.958
1077,198741,240169,130131,569041,198741,240169,130131,569041,1138082,440061.094500001
5068,136556,122296,384530,643382,136556,122296,384530,643382,1286764,0
7946,13252,1830,1173,16255,13252,1830,1173,16255,32510,0
5262,10064,11938,19403,41405,10064,11938,19403,41405,82810,0
5476,11081,14370,27364,52815,11081,14370,27364,52815,105630,0
4689,6713,14437,6055,27205,6713,14437,6055,27205,54410,0
1904,30248,56529,17600,104377,30248,56529,17600,104377,208754,4164.6793
6020,144995,101554,263148,509697,144995,101554,263148,509697,1019394,0
8725,29145,51331,4865,85341,29145,51331,4865,85341,170682,0
7451,160122,138601,77613,376336,160122,138601,77613,376336,752672,0
5310,6502,4936,10425,21863,6502,4936,10425,21863,43726,0
5786,-3,1495,0,1492,-3,1495,0,1492,2984,0
4641,24603,28055,40045,92703,24603,28055,40045,92703,185406,0
2258,90770,240512,116999,448281,90770,240512,116999,448281,896562,0
6003,284510,260573,295984,841067,284510,260573,295984,841067,1682134,0
3219,64570,36216,55687,156473,64570,36216,55687,156473,312946,0
4533,55163,72088,85107,212358,55163,72088,85107,212358,424716,0
5021,14424,17990,54718,87132,14424,17990,54718,87132,174264,0
2281,221276,513251,313637,1048164,221276,513251,313637,1048164,2096328,47637.4108
5122,486407,1058143,1462508,3007058,486407,1058143,1462508,3007058,6014116,981192.604500001
2259,14078,24060,10688,48826,14078,24060,10688,48826,97652,0
2247,163061,153043,204075,520179,163061,153043,204075,520179,1040358,0
5071,39995,73947,76794,190736,39995,73947,76794,190736,381472,47393.437
7273,17115,34812,10826,62753,17115,34812,10826,62753,125506,0
7274,7667,12990,3409,24066,7667,12990,3409,24066,48132,0
8309,75411,44607,67183,187201,75411,44607,67183,187201,374402,0
2157,41781,27591,7413,76785,41781,27591,7413,76785,153570,0
5526,14985,21515,60049,96549,14985,21515,60049,96549,193098,0
2090,43014,194270,7295,244579,43014,194270,7295,244579,489158,244503.0027
3115,462972,1990503,859002,3312477,462972,1990503,859002,3312477,6624954,225903.3723
5602,63994,64046,120014,248054,63994,64046,120014,248054,496108,0
5377,105942,220409,535353,861704,105942,220409,535353,861704,1723408,0
3087,2889020,8931866,6041456,17862342,2889020,8931866,6041456,17862342,35724684,2842655.48259999
5224,97787,177687,298350,573824,97787,177687,298350,573824,1147648,90619.3618
2387,27914,15092,20770,63776,27914,15092,20770,63776,127552,0
3427,28724,252477,34552,315753,28724,252477,34552,315753,631506,0
9657,34222,54230,93129,181581,34222,54230,93129,181581,363162,0
9683,464469,650605,930209,2045283,464469,650605,930209,2045283,4090566,171298.6598
9664,9365,14567,9660,33592,9365,14567,9660,33592,67184,0
6021,224783,228399,485820,939002,224783,228399,485820,939002,1878004,0
3036,45070,77006,93626,215702,45070,77006,93626,215702,431404,0
8479,34400,25022,18676,78098,34400,25022,18676,78098,156196,0
4250,1122,1059,0,2181,1122,1059,0,2181,4362,0
3524,8523,67995,22317,98835,8523,67995,22317,98835,197670,76986.166
2402,13749,28627,16189,58565,13749,28627,16189,58565,117130,0
1561,3118,2328,5026,10472,3118,2328,5026,10472,20944,0
5882,34975,50258,27902,113135,34975,50258,27902,113135,226270,0
3246,22985,19832,14412,57229,22985,19832,14412,57229,114458,0
9917,333463,555359,505220,1394042,333463,555359,505220,1394042,2788084,510438.190999999
2032,1979,615,1311,3905,1979,615,1311,3905,7810,0
3213,25051,6492,14727,46270,25051,6492,14727,46270,92540,0
2916,4997,9032,5620,19649,4997,9032,5620,19649,39298,0
9775,44419,56027,107543,207989,44419,56027,107543,207989,415978,0
1687,1671,90,589,2350,1671,90,589,2350,4700,0
5423,660535,933850,942655,2537040,660535,933850,942655,2537040,5074080,2934485.31399999
7685,195,14,348,557,195,14,348,557,1114,0
2403,8724,15764,7414,31902,8724,15764,7414,31902,63804,0
4140,32671,15583,24525,72779,32671,15583,24525,72779,145558,0
4101,11149,4022,5,15176,11149,4022,5,15176,30352,0
4102,17792,5661,236,23689,17792,5661,236,23689,47378,0
4129,1858,637,0,2495,1858,637,0,2495,4990,0
3863,162033,27001,109229,298263,162033,27001,109229,298263,596526,0
3851,53848,31044,34664,119556,53848,31044,34664,119556,239112,0
4021,122260,8580,103686,234526,122260,8580,103686,234526,469052,0
5072,179705,240963,388481,809149,179705,240963,388481,809149,1618298,2910.7986
5378,69980,102213,87602,259795,69980,102213,87602,259795,519590,0
4335,3741,737,0,4478,3741,737,0,4478,8956,0
6634,28967,31619,19256,79842,28967,31619,19256,79842,159684,0
1195,43374,17551,39845,100770,43374,17551,39845,100770,201540,0
2494,2681,2548,1739,6968,2681,2548,1739,6968,13936,0
3499,10823,60219,29789,100831,10823,60219,29789,100831,201662,0
3992,19691,2554,2600,24845,19691,2554,2600,24845,49690,0
4473,3136,1584,15261,19981,3136,1584,15261,19981,39962,0
2102,35133,181676,21173,237982,35133,181676,21173,237982,475964,74148.0301
3525,13772,86330,33188,133290,13772,86330,33188,133290,266580,0
4463,775,267,0,1042,775,267,0,1042,2084,0
5477,4168,6660,12346,23174,4168,6660,12346,23174,46348,0
3944,8146,1743,6859,16748,8146,1743,6859,16748,33496,0
4254,453,400,0,853,453,400,0,853,1706,0
2433,10100,689,1502,12291,10100,689,1502,12291,24582,0
3526,15374,230870,28621,274865,15374,230870,28621,274865,549730,171.6748
3528,2511,11171,4141,17823,2511,11171,4141,17823,35646,0
1128,57109,100911,183790,341810,57109,100911,183790,341810,683620,0
4887,11326,28353,7976,47655,11326,28353,7976,47655,95310,0
8805,150543,330395,57861,538799,150543,330395,57861,538799,1077598,118847.9342
6133,396133,1345084,556855,2298072,396133,1345084,556855,2298072,4596144,918693.075199996
5657,134481,248058,297802,680341,134481,248058,297802,680341,1360682,11616.0159
5123,237819,259467,661832,1159118,237819,259467,661832,1159118,2318236,0
5461,14622,27384,40558,82564,14622,27384,40558,82564,165128,0
5462,328,380,12024,12732,328,380,12024,12732,25464,0
3062,14606,50125,44577,109308,14606,50125,44577,109308,218616,0
3214,29,5,0,34,29,5,0,34,68,0
5757,12000,17588,14848,44436,12000,17588,14848,44436,88872,0
8801,10866,45138,244,56248,10866,45138,244,56248,112496,0
7452,181175,155892,218162,555229,181175,155892,218162,555229,1110458,160122.8547
2752,3860,1155,36,5051,3860,1155,36,5051,10102,0
8670,4203,2210,0,6413,4203,2210,0,6413,12826,0
5225,8959,15686,29612,54257,8959,15686,29612,54257,108514,0
2308,4201,6273,2784,13258,4201,6273,2784,13258,26516,0
5332,11067,28970,28746,68783,11067,28970,28746,68783,137566,0
5208,165354,236155,379711,781220,165354,236155,379711,781220,1562440,0
3580,120118,990271,137235,1247624,120118,990271,137235,1247624,2495248,93423.3772999998
5885,55732,66903,35016,157651,55732,66903,35016,157651,315302,0
5455,52463,274108,187044,513615,52463,274108,187044,513615,1027230,0
1078,126,3,281,410,126,3,281,410,820,0
9820,44423,51364,75980,171767,44423,51364,75980,171767,343534,0
9804,20288,33006,17770,71064,20288,33006,17770,71064,142128,0
9821,55710,81819,49939,187468,55710,81819,49939,187468,374936,0
9623,27574,41835,18386,87795,27574,41835,18386,87795,175590,0
9936,99375,158538,116200,374113,99375,158538,116200,374113,748226,0
3422,7543,43485,7248,58276,7543,43485,7248,58276,116552,0
6819,57354,93150,78690,229194,57354,93150,78690,229194,458388,0
4251,1476,1167,24,2667,1476,1167,24,2667,5334,0
8540,1213,1066,424,2703,1213,1066,424,2703,5406,2.4256
8548,40871,51507,28574,120952,40871,51507,28574,120952,241904,2322.9103
8541,10254,6751,159,17164,10254,6751,159,17164,34328,0
4023,7968,1280,1689,10937,7968,1280,1689,10937,21874,0
3850,46421,46150,55318,147889,46421,46150,55318,147889,295778,0
2459,400,437,0,837,400,437,0,837,1674,0
3744,17451,4028,7773,29252,17451,4028,7773,29252,58504,0
3904,231520,28505,139870,399895,231520,28505,139870,399895,799790,100768.1314
5883,163285,316785,137954,618024,163285,316785,137954,618024,1236048,6818.9902
8254,12569,11510,8086,32165,12569,11510,8086,32165,64330,0
9667,59081,99523,100850,259454,59081,99523,100850,259454,518908,3383.5829
2198,134220,122210,82593,339023,134220,122210,82593,339023,678046,0
4181,98579,98075,53291,249945,98579,98075,53291,249945,499890,0
5928,69769,75913,51193,196875,69769,75913,51193,196875,393750,0
3870,84161,10049,62655,156865,84161,10049,62655,156865,313730,0
4313,15238,8862,3846,27946,15238,8862,3846,27946,55892,0
8860,13443,4532,10601,28576,13443,4532,10601,28576,57152,0
5276,107593,208662,257399,573654,107593,208662,257399,573654,1147308,0
5537,218405.047076313,577842.160555005,281995.919226957,1078243.12685828,218405.047076313,577842.160555005,281995.919226957,1078243.12685828,2156486.25371655,29386.6471
5829,93,286,376,755,93,286,376,755,1510,0
5540,223440.952923687,591165.839444995,288498.080773043,1103104.87314172,223440.952923687,591165.839444995,288498.080773043,1103104.87314172,2206209.74628345,187157.5425
9958,13380,21826,13663,48869,13380,21826,13663,48869,97738,0
6022,214652,315211,395899,925762,214652,315211,395899,925762,1851524,0
2671,114351,100356,40099,254806,114351,100356,40099,254806,509612,0
2874,36784,48794,19946,105524,36784,48794,19946,105524,211048,0
1346,1198,1176,747,3121,1198,1176,747,3121,6242,0
2337,37005,68702,76259,181966,37005,68702,76259,181966,363932,0
2521,92791,58606,23245,174642,92791,58606,23245,174642,349284,0
2875,9269,10880,3425,23574,9269,10880,3425,23574,47148,0
2753,918029,1021919,338807,2278755,918029,1021919,338807,2278755,4557510,1349046.7175
5285,59902,98908,58977,217787,59902,98908,58977,217787,435574,0
9366,48435,35864,51431,135730,48435,35864,51431,135730,271460,0
9543,56317,99408,32017,187742,56317,99408,32017,187742,375484,0
9544,127511,15869,3564,146944,127511,15869,3564,146944,293888,0
9808,18598,26421,22068,67087,18598,26421,22068,67087,134174,0
3055,79039,76422,138887,294348,79039,76422,138887,294348,588696,49658.0369
7419,22909,28506,160987,212402,22909,28506,160987,212402,424804,0
7509,26810,31141,21445,79396,26810,31141,21445,79396,158792,0
5468,42820,83425,84853,211098,42820,83425,84853,211098,422196,0
7453,123051,102123,45132,270306,123051,102123,45132,270306,540612,0
5379,302378,619250,681205,1602833,302378,619250,681205,1602833,3205666,601832.6266
5430,71427,87249,166914,325590,71427,87249,166914,325590,651180,0
5603,882736,1093930,3602510,5579176,882736,1093930,3602510,5579176,11158352,0
4314,8278,11438,7450,27166,8278,11438,7450,27166,54332,0
1663,5630,349,1547,7526,5630,349,1547,7526,15052,0
4185,18620,14149,24032,56801,18620,14149,24032,56801,113602,0
3994,26400,4996,9968,41364,26400,4996,9968,41364,82728,0
5176,21796,19930,17376,59102,21796,19930,17376,59102,118204,0
9822,85055,136201,90746,312002,85055,136201,90746,312002,624004,0
1419,417112,729142,1258423,2404677,417112,729142,1258423,2404677,4809354,0
5424,241906,345956,307531,895393,241906,345956,307531,895393,1790786,0
5596,171065,167224,441286,779575,171065,167224,441286,779575,1559150,0
3531,10,687,0,697,10,687,0,697,1394,0
6242,2302,655,56,3013,2302,655,56,3013,6026,0
1546,125908,190301,283142,599351,125908,190301,283142,599351,1198702,0
3118,16639,25796,27013,69448,16639,25796,27013,69448,138896,0
3874,116836,13708,107009,237553,116836,13708,107009,237553,475106,83682.5848
2404,6067,14612,4106,24785,6067,14612,4106,24785,49570,0
7454,248827,258577,407030,914434,248827,258577,407030,914434,1828868,0
5177,128918,223657,508430,861005,128918,223657,508430,861005,1722010,0
2296,44717,84976,44739,174432,44717,84976,44739,174432,348864,0
5023,72177,251439,244621,568237,72177,251439,244621,568237,1136474,128375.1382
2734,23236,15239,17397,55872,23236,15239,17397,55872,111744,0
8834,2814,1903,0,4717,2814,1903,0,4717,9434,0
6361,698,65,447,1210,698,65,447,1210,2420,0
1999,15619,1273,775,17667,15619,1273,775,17667,35334,0
5083,32237,22604,43195,98036,32237,22604,43195,98036,196072,0
8519,5821,2839,8827,17487,5821,2839,8827,17487,34974,0
8031,297,11,0,308,297,11,0,308,616,0
6884,135558,234888,561586,932032,135558,234888,561586,932032,1864064,0
5569,500507,621782,1134620,2256909,500507,621782,1134620,2256909,4513818,234957.0356
3149,1678315,3645480,2846006,8169801,1678315,3645480,2846006,8169801,16339602,3924743.38610001
3160,53536,65063,74067,192666,53536,65063,74067,192666,385332,6411.6501
6967,112618,118218,189994,420830,112618,118218,189994,420830,841660,0
5912,8043,4367,6965,19375,8043,4367,6965,19375,38750,348.3521
7950,113526,44554,22353,180433,113526,44554,22353,180433,360866,0
7974,36239,10370,15387,61996,36239,10370,15387,61996,123992,0
2979,17924,37577,29642,85143,17924,37577,29642,85143,170286,0
2857,19,8,0,27,19,8,0,27,54,0
1208,123560,171732,135043,430335,123560,171732,135043,430335,860670,0
5478,358746,661476,754859,1775081,358746,661476,754859,1775081,3550162,1187309.4573
3247,25832,16302,10671,52805,25832,16302,10671,52805,105610,0
3530,16825,121071,33965,171861,16825,121071,33965,171861,343722,0
5431,24198,28620,85362,138180,24198,28620,85362,138180,276360,0
7316,6291,8883,7494,22668,6291,8883,7494,22668,45336,441.2293
5480,141398,182280,482847,806525,141398,182280,482847,806525,1613050,0
9867,13247,21262,24669,59178,13247,21262,24669,59178,118356,0
6511,76585,117099,34382,228066,76585,117099,34382,228066,456132,107981.369
3906,20069,2274,12260,34603,20069,2274,12260,34603,69206,0
3876,40080,23062,20924,84066,40080,23062,20924,84066,168132,0
2544,4453,1909,2135,8497,4453,1909,2135,8497,16994,0
2461,125997,107332,38849,272178,125997,107332,38849,272178,544356,0
4027,58113,6079,41397,105589,58113,6079,41397,105589,211178,0
2106,8620,1224,66,9910,8620,1224,66,9910,19820,0
2131,43967,55893,57321,157181,43967,55893,57321,157181,314362,0
5570,1413026,1848230,1622656,4883912,1413026,1848230,1622656,4883912,9767824,1877074.0247
687,188899,216421,60397,465717,188899,216421,60397,465717,931434,0
5432,34498,54453,113975,202926,34498,54453,113975,202926,405852,0
1538,2841,5235,9638,17714,2841,5235,9638,17714,35428,0
7510,5608,5664,5234,16506,5608,5664,5234,16506,33012,0
9920,32795,3620,17478,53893,32795,3620,17478,53893,107786,0
2580,17744,4689,4492,26925,17744,4689,4492,26925,53850,0
5226,17665,44756,93451,155872,17665,44756,93451,155872,311744,0
2261,28438,53031,48816,130285,28438,53031,48816,130285,260570,0
2924,103600,247171,198544,549315,103600,247171,198544,549315,1098630,8099.2796
3532,31,1124,0,1155,31,1124,0,1155,2310,0
5203,115531,279287,257555,652373,115531,279287,257555,652373,1304746,26514.7705
6885,60715,90159,199233,350107,60715,90159,199233,350107,700214,0
2189,155670,122707,78305,356682,155670,122707,78305,356682,713364,0
8671,573,188,0,761,573,188,0,761,1522,0
9921,32804,2164,18001,52969,32804,2164,18001,52969,105938,0
6353,1439,582,251,2272,1439,582,251,2272,4544,0
2444,153,215,5,373,153,215,5,373,746,0
6886,788020,1674388,2010853,4473261,788020,1674388,2010853,4473261,8946522,545593.939299999
2833,31569,59496,63565,154630,31569,59496,63565,154630,309260,12174.4229
5943,79395,93959,74137,247491,79395,93959,74137,247491,494982,0
1962,10359,4669,6907,21935,10359,4669,6907,21935,43870,0
2722,14405,1999,5184,21588,14405,1999,5184,21588,43176,1.064
2873,20599,27276,29717,77592,20599,27276,29717,77592,155184,0
9190,42877,40980,75259,159116,42877,40980,75259,159116,318232,0
6676,127068,107784,124189,359041,127068,107784,124189,359041,718082,1614.0112
1039,159538,283740,156377,599655,159538,283740,156377,599655,1199310,0
7297,2832,2777,623,6232,2832,2777,623,6232,12464,0
5658,13250,17037,25051,55338,13250,17037,25051,55338,110676,0
4606,106977,147517,206064,460558,106977,147517,206064,460558,921116,0
8835,1478,782,0,2260,1478,782,0,2260,4520,0
6829,16655,21286,33317,71258,16655,21286,33317,71258,142516,0
6090,168903,231457,296692,697052,168903,231457,296692,697052,1394104,26022.3593
4477,28221,17558,4112,49891,28221,17558,4112,49891,99782,0
2315,3081,4628,1026,8735,3081,4628,1026,8735,17470,0
1087,197816,468768,356768,1023352,197816,468768,356768,1023352,2046704,86488.2029999997
1135,23848,32845,9584,66277,23848,32845,9584,66277,132554,0
1084,21301,35701,16294,73296,21301,35701,16294,73296,146592,30693.8892
2291,95520,251764,27876,375160,95520,251764,27876,375160,750320,24330.3532
2294,56711,15801,20920,93432,56711,15801,20920,93432,186864,0
6327,25480,2631,13509,41620,25480,2631,13509,41620,83240,0
8174,1309,305,0,1614,1309,305,0,1614,3228,0
9787,115855,213754,207357,536966,115855,213754,207357,536966,1073932,0
5542,76701,29432,38654,144787,76701,29432,38654,144787,289574,0
5541,60111,36004,12915,109030,60111,36004,12915,109030,218060,165677.8407
5543,41181,7540,43741,92462,41181,7540,43741,92462,184924,0
2977,2853,7404,4663,14920,2853,7404,4663,14920,29840,0
5024,31874,122115,65004,218993,31874,122115,65004,218993,437986,0
6820,45959,58352,111790,216101,45959,58352,111790,216101,432202,0
2798,40939,35787,113226,189952,40939,35787,113226,189952,379904,0
2794,139792,201934,177133,518859,139792,201934,177133,518859,1037718,352713.1211
5380,23811,14693,27228,65732,23811,14693,27228,65732,131464,0
7318,1441,2062,1400,4903,1441,2062,1400,4903,9806,0
5663,232785,523118,225743,981646,232785,523118,225743,981646,1963292,233216.1136
8561,139873,129390,160653,429916,139873,129390,160653,429916,859832,0
3587,3615,19966,10682,34263,3615,19966,10682,34263,68526,0
7951,78981,30261,17692,126934,78981,30261,17692,126934,253868,0
9547,38346,99218,36155,173719,38346,99218,36155,173719,347438,0
8033,737,510,26,1273,737,510,26,1273,2546,0
2673,813,66,427,1306,813,66,427,1306,2612,0
8724,0,98,0,98,0,98,0,98,196,0
8358,45271,30229,62184,137684,45271,30229,62184,137684,275368,0
1261,48957,29260,24624,102841,48957,29260,24624,102841,205682,0
5433,100490,191464,320878,612832,100490,191464,320878,612832,1225664,0
2249,132504,333830,195700,662034,132504,333830,195700,662034,1324068,136658.5603
5646,17285,30394,29992,77671,17285,30394,29992,77671,155342,0
5025,8241,23086,22213,53540,8241,23086,22213,53540,107080,0
5525,68092,8657,24822,101571,68092,8657,24822,101571,203142,0
3584,124,546,211,881,124,546,211,881,1762,0
1149,76336,178643,160899,415878,76336,178643,160899,415878,831756,0
5026,20653,40268,67464,128385,20653,40268,67464,128385,256770,0
6172,60823,97859,92144,250826,60823,97859,92144,250826,501652,0
2388,28622,28437,10019,67078,28622,28437,10019,67078,134156,0
9549,4379,8720,637,13736,4379,8720,637,13736,27472,0
4270,20199,1630,8929,30758,20199,1630,8929,30758,61516,0
4108,2490,1651,0,4141,2490,1651,0,4141,8282,0
3056,10768,5285,13436,29489,10768,5285,13436,29489,58978,0
6806,64169,67482,117967,249618,64169,67482,117967,249618,499236,0
6328,19894,4053,4702,28649,19894,4053,4702,28649,57298,0
7224,16360,47913,5350,69623,16360,47913,5350,69623,139246,0
8185,118048,311014,34449,463511,118048,311014,34449,463511,927022,1087.7383
8672,125,69,0,194,125,69,0,194,388,0
9996,63522,102772,57987,224281,63522,102772,57987,224281,448562,0
6456,52244,131624,21924,205792,52244,131624,21924,205792,411584,4990.7045
3254,15320,4381,12555,32256,15320,4381,12555,32256,64512,0
5333,56987,166765,175205,398957,56987,166765,175205,398957,797914,0
2250,110127,172159,92810,375096,110127,172159,92810,375096,750192,0
7814,27459,20906,13761,62126,27459,20906,13761,62126,124252,0
8178,16828,29398,9421,55647,16828,29398,9421,55647,111294,24180.0568
2003,13883,1578,2744,18205,13883,1578,2744,18205,36410,0
8007,14554,7049,7091,28694,14554,7049,7091,28694,57388,0
3061,23658,13271,32715,69644,23658,13271,32715,69644,139288,0
8201,57908,118510,98487,274905,57908,118510,98487,274905,549810,49216.8624000001
5434,167755,233901,411712,813368,167755,233901,411712,813368,1626736,5303.406
2004,39230,475,81790,121495,39230,475,81790,121495,242990,6.7897
5179,7830,13250,12618,33698,7830,13250,12618,33698,67396,0
1105,197560,422802,595934,1216296,197560,422802,595934,1216296,2432592,0
2107,64700,9432,82,74214,64700,9432,82,74214,148428,0
6893,246623,392183,573176,1211982,246623,392183,573176,1211982,2423964,0
6931,518744,912301,788175,2219220,518744,912301,788175,2219220,4438440,12334.1503
5124,316691,679429,1072740,2068860,316691,679429,1072740,2068860,4137720,410852.3647
3205,35296,1234,75799,112329,35296,1234,75799,112329,224658,0
3679,59657,12947,46713,119317,59657,12947,46713,119317,238634,38211.3292
1082,422256,765308,148903,1336467,422256,765308,148903,1336467,2672934,0
5638,16681,15248,35871,67800,16681,15248,35871,67800,135600,0
5529,96879,26281,24189,147349,96879,26281,24189,147349,294698,0
5929,17788,20508,56865,95161,17788,20508,56865,95161,190322,0
9823,18095,33914,24354,76363,18095,33914,24354,76363,152726,0
5184,53209,83308,61468,197985,53209,83308,61468,197985,395970,0
6691,1345392,2359436,851535,4556363,1345392,2359436,851535,4556363,9112726,1007469.8666
7043,20313,34587,25060,79960,20313,34587,25060,79960,159920,0
6888,417934,513537,811915,1743386,417934,513537,811915,1743386,3486772,1617991.8579
1178,21806,9317,58131,89254,21806,9317,58131,89254,178508,0
9587,767985,1227095,221655,2216735,767985,1227095,221655,2216735,4433470,19472.0064
5186,5394,11688,4425,21507,5394,11688,4425,21507,43014,0
8448,11752,14437,10491,36680,11752,14437,10491,36680,73360,0
5605,53741,64813,102728,221282,53741,64813,102728,221282,442564,0
7044,10935,22059,19907,52901,10935,22059,19907,52901,105802,0
5835,17519,81628,8910,108057,17519,81628,8910,108057,216114,0
8257,13521,1051,7555,22127,13521,1051,7555,22127,44254,0
7319,27591,61244,9199,98034,27591,61244,9199,98034,196068,0
9903,74101,155691,123938,353730,74101,155691,123938,353730,707460,0
9552,12473,11665,20451,44589,12473,11665,20451,44589,89178,0
4619,19527,25309,20771,65607,19527,25309,20771,65607,131214,0
7893,17100,5733,2515,25348,17100,5733,2515,25348,50696,0
3150,13103,11650,21537,46290,13103,11650,21537,46290,92580,0
8347,268511,315315,304158,887984,268511,315315,304158,887984,1775968,344790.4765
7073,11,0,0,11,11,0,0,11,22,0
3009,1315,564,563,2442,1315,564,563,2442,4884,0
1595,15838,17823,3708,37369,15838,17823,3708,37369,74738,0
3206,16950,3298,5992,26240,16950,3298,5992,26240,52480,0
6570,11385,2454,3950,17789,11385,2454,3950,17789,35578,0
4526,32390,55148,77193,164731,32390,55148,77193,164731,329462,0
7455,92273,94066,163602,349941,92273,94066,163602,349941,699882,0
5930,22413,15433,22305,60151,22413,15433,22305,60151,120302,0
1024,761676,1356317,320839,2438832,761676,1356317,320839,2438832,4877664,193632.8504
5074,3538,7418,9887,20843,3538,7418,9887,20843,41686,0
5277,133831,383223,228817,745871,133831,383223,228817,745871,1491742,0
5084,188287,167421,470161,825869,188287,167421,470161,825869,1651738,1681.3467
2546,79908,29612,10778,120298,79908,29612,10778,120298,240596,16963.8294
9739,28313,42612,38375,109300,28313,42612,38375,109300,218600,0
4387,317979,452791,184859,955629,317979,452791,184859,955629,1911258,221008.622
5125,323415,425041,892014,1640470,323415,425041,892014,1640470,3280940,0
1902,18323,15376,23114,56813,18323,15376,23114,56813,113626,0
2000,3497,185,1504,5186,3497,185,1504,5186,10372,0
6782,7908,8543,3282,19733,7908,8543,3282,19733,39466,0
6972,111674,166756,165422,443852,111674,166756,165422,443852,887704,0
1968,13081,8442,8153,29676,13081,8442,8153,29676,59352,0
9988,75931,128515,128322,332768,75931,128515,128322,332768,665536,0
5187,209113,358139,464439,1031691,209113,358139,464439,1031691,2063382,545765.3209
6265,47701,117873,9993,175567,47701,117873,9993,175567,351134,0
4217,15075,2747,4854,22676,15075,2747,4854,22676,45352,0
2728,306502,129338,117178,553018,306502,129338,117178,553018,1106036,9923.9272
5154,76459,101927,174332,352718,76459,101927,174332,352718,705436,9714.5715
8450,34120,34796,35750,104666,34120,34796,35750,104666,209332,0
9236,8157,5530,2952,16639,8157,5530,2952,16639,33278,0
6362,61726,58963,35755,156444,61726,58963,35755,156444,312888,36885.7869
8179,1883,637,0,2520,1883,637,0,2520,5040,0
3172,668053,1119905,992878,2780836,668053,1119905,992878,2780836,5561672,1625495.0885
4530,16108,14958,27223,58289,16108,14958,27223,58289,116578,0
5494,3241,2374,0,5615,3241,2374,0,5615,11230,0
1114,60121,68343,160147,288611,60121,68343,160147,288611,577222,461664.446299999
1150,25420,45221,133042,203683,25420,45221,133042,203683,407366,38.3287
2660,12752,42980,16371,72103,12752,42980,16371,72103,144206,0
8036,792,6,0,798,792,6,0,798,1596,0
5189,25285,30633,41559,97477,25285,30633,41559,97477,194954,0
5185,1006,1442,963,3411,1006,1442,963,3411,6822,0
5126,3567,7688,19366,30621,3567,7688,19366,30621,61242,0
4527,189849,372251,308910,871010,189849,372251,308910,871010,1742020,29094.2797
7320,1606,2764,935,5305,1606,2764,935,5305,10610,0
1452,91654,97302,252222,441178,91654,97302,252222,441178,882356,0
7953,9284,495,1651,11430,9284,495,1651,11430,22860,0
5425,83144,97249,222633,403026,83144,97249,222633,403026,806052,0
5410,141730,143394,362047,647171,141730,143394,362047,647171,1294342,0
8355,63147,96902,49567,209616,63147,96902,49567,209616,419232,0
3138,9978,9343,4341,23662,9978,9343,4341,23662,47324,0
9318,90926,46957,141153,279036,90926,46957,141153,279036,558072,0
1451,42587,75463,217864,335914,42587,75463,217864,335914,671828,0
1453,58115,98654,21655,178424,58115,98654,21655,178424,356848,0
5292,20241,17394,59411,97046,20241,17394,59411,97046,194092,0
8142,22562,18184,24783,65529,22562,18184,24783,65529,131058,0
3057,41502,33943,14266,89711,41502,33943,14266,89711,179422,0
7404,109681,207334,206243,523258,109681,207334,206243,523258,1046516,0
1949,12427,8641,12948,34016,12427,8641,12948,34016,68032,0
3187,285617,449827,475604,1211048,285617,449827,475604,1211048,2422096,0
5922,284225,343305,198283,825813,284225,343305,198283,825813,1651626,186163.5962
5932,809714,1579452,827591,3216757,809714,1579452,827591,3216757,6433514,1069895.8915
5263,22486,43457,52641,118584,22486,43457,52641,118584,237168,0
6947,60507,105438,99331,265276,60507,105438,99331,265276,530552,0
5339,2914,6295,1122,10331,2914,6295,1122,10331,20662,0
4787,96731,128020,35616,260367,96731,128020,35616,260367,520734,0
7456,341441.496497681,507397.26710379,610626.73737406,1459465.50097553,341441.496497681,507397.26710379,610626.73737406,1459465.50097553,2918931.00195106,56142.0297
7457,194433.197920998,288936.38960499,347720.211226611,831089.798752599,194433.197920998,288936.38960499,347720.211226611,831089.798752599,1662179.5975052,12
7420,158942.305581321,236195.34329122,284249.051399328,679386.70027187,158942.305581321,236195.34329122,284249.051399328,679386.70027187,1358773.40054374,5734.032
6890,15178,19340,39333,73851,15178,19340,39333,73851,147702,0
2262,300407,1401209,363054,2064670,300407,1401209,363054,2064670,4129340,24633.3177
5286,43370,94821,50798,188989,43370,94821,50798,188989,377978,0
8527,72562,64685,54675,191922,72562,64685,54675,191922,383844,0
6388,22951,49917,12769,85637,22951,49917,12769,85637,171274,0
8836,2400,1220,0,3620,2400,1220,0,3620,7240,0
2199,99568,80397,55164,235129,99568,80397,55164,235129,470258,0
1699,5748,271,7146,13165,5748,271,7146,13165,26330,0
7379,158,51,36,245,158,51,36,245,490,0
4535,23075,27657,29669,80401,23075,27657,29669,80401,160802,0
9997,66009,64874,76975,207858,66009,64874,76975,207858,415716,1401.3662
9175,313,125,21,459,313,125,21,459,918,0
2666,6638,2890,1234,10762,6638,2890,1234,10762,21524,0
1562,21305,35133,14494,70932,21305,35133,14494,70932,141864,0
1548,819468,1243004,1674593,3737065,819468,1243004,1674593,3737065,7474130,100811.2869
3252,3532,113,1947,5592,3532,113,1947,5592,11184,0
2672,36448,22453,6682,65583,36448,22453,6682,65583,131166,0
3534,21258,166380,46265,233903,21258,166380,46265,233903,467806,0
2002,18556,6385,5646,30587,18556,6385,5646,30587,61174,0
3590,136,642,1185,1963,136,642,1185,1963,3926,0
3592,431,3157,1578,5166,431,3157,1578,5166,10332,0
3536,15,937,0,952,15,937,0,952,1904,0
5914,52638,48010,48534,149182,52638,48010,48534,149182,298364,63811.8816
3537,5225,91280,5898,102403,5225,91280,5898,102403,204806,180564.4235
3586,2669,13500,12382,28551,2669,13500,12382,28551,57102,0
2341,103916,284718,133270,521904,103916,284718,133270,521904,1043808,0
2340,47446,83498,48571,179515,47446,83498,48571,179515,359030,5659.9516
5290,30240,26414,60385,117039,30240,26414,60385,117039,234078,0
3538,16926,300529,1922,319377,16926,300529,1922,319377,638754,0
5751,5411,24399,2483,32293,5411,24399,2483,32293,64586,0
6973,82636,126937,275674,485247,82636,126937,275674,485247,970494,0
5059,91647,95678,246196,433521,91647,95678,246196,433521,867042,0
3572,102,591,300,993,102,591,300,993,1986,0
5239,70200,206233,90746,367179,70200,206233,90746,367179,734358,212083.3771
5604,224185,210666,437661,872512,224185,210666,437661,872512,1745024,0
6821,38263,50496,89006,177765,38263,50496,89006,177765,355530,0
5073,171206,275357,457005,903568,171206,275357,457005,903568,1807136,0
2248,130105,161618,176647,468370,130105,161618,176647,468370,936740,0
6110,124633,212967,298476,636076,124633,212967,298476,636076,1272152,0
1555,2319943,6416242,5384780,14120965,2319943,6416242,5384780,14120965,28241930,3887930.2469
1268,297421,492358,269846,1059625,297421,492358,269846,1059625,2119250,265261.578199999
5670,431103,508445,501032,1440580,431103,508445,501032,1440580,2881160,397021.9586
6287,5698,614,212,6524,5698,614,212,6524,13048,0
2983,103250,227258,212350,542858,103250,227258,212350,542858,1085716,87924.436
6140,73282,60146,41375,174803,73282,60146,41375,174803,349606,0
6968,43297,68158,116024,227479,43297,68158,116024,227479,454958,0
7458,160276,115327,239344,514947,160276,115327,239344,514947,1029894,0
2159,52,22,5,79,52,22,5,79,158,0
6834,1343163,869522,38313,2250998,1343163,869522,38313,2250998,4501996,27511.0992
6833,60222,72586,130487,263295,60222,72586,130487,263295,526590,10246.3459
5228,58399,144268,241341,444008,58399,144268,241341,444008,888016,0
3250,52195,22404,14458,89057,52195,22404,14458,89057,178114,0
8221,36522,30757,19149,86428,36522,30757,19149,86428,172856,0
3413,7726,26918,15858,50502,7726,26918,15858,50502,101004,0
1977,7891,7642,8213,23746,7891,7642,8213,23746,47492,0
1043,30328,44528,119552,194408,30328,44528,119552,194408,388816,0
8469,150401,137059,143563,431023,150401,137059,143563,431023,862046,0
9842,40866,67437,40137,148440,40866,67437,40137,148440,296880,0
6092,647138,953335,704019,2304492,647138,953335,704019,2304492,4608984,243032.485799999
9553,16269,32446,20229,68944,16269,32446,20229,68944,137888,0
1386,2626,5513,8026,16165,2626,5513,8026,16165,32330,0
9554,40251,72430,53276,165957,40251,72430,53276,165957,331914,0
9888,342025,668345,197393,1207763,342025,668345,197393,1207763,2415526,330491.2823
2771,381444,954250,370053,1705747,381444,954250,370053,1705747,3411494,820107.356900001
7513,10552,9844,9233,29629,10552,9844,9233,29629,59258,0
8451,4410,5043,2235,11688,4410,5043,2235,11688,23376,0
7975,23361,6547,6545,36453,23361,6547,6545,36453,72906,20.8896
1467,32361,35383,88628,156372,32361,35383,88628,156372,312744,0
6934,125127,147449,217077,489653,125127,147449,217077,489653,979306,0
1314,393128,771185,178337,1342650,393128,771185,178337,1342650,2685300,200667.7428
1316,30552,16227,6458,53237,30552,16227,6458,53237,106474,0
5248,20575,12972,57145,90692,20575,12972,57145,90692,181384,0
1454,91979,137623,335379,564981,91979,137623,335379,564981,1129962,0
5240,10624,25838,36851,73313,10624,25838,36851,73313,146626,0
8964,86250,113892,67304,267446,86250,113892,67304,267446,534892,0
4770,10999,49569,13622,74190,10999,49569,13622,74190,148380,0
5606,138875,167670,285443,591988,138875,167670,285443,591988,1183976,0
4646,103390,263862,294665,661917,103390,263862,294665,661917,1323834,415469.8829
4643,44063,91076,113729,248868,44063,91076,113729,248868,497736,0
7355,109113,176726,180416,466255,109113,176726,180416,466255,932510,43428.2796
9555,9414,16387,16,25817,9414,16387,16,25817,51634,0
6969,3321206,6089604,6076292,15487102,3321206,6089604,6076292,15487102,30974204,3053316.6178
7222,145682,248313,143264,537259,145682,248313,143264,537259,1074518,0
6794,11035,16932,3777,31744,11035,16932,3777,31744,63488,1349.8287
4558,57464,231961,208451,497876,57464,231961,208451,497876,995752,17.0874
8673,2795,1336,0,4131,2795,1336,0,4131,8262,0
5607,154348,161731,251376,567455,154348,161731,251376,567455,1134910,3.5921
5383,265323,326352,1005374,1597049,265323,326352,1005374,1597049,3194098,468879.046
5384,346292,554520,1101157,2001969,346292,554520,1101157,2001969,4003938,197574.5897
5435,260534,379545,766512,1406591,260534,379545,766512,1406591,2813182,0
8543,6450,4320,2935,13705,6450,4320,2935,13705,27410,0
2834,1990,3757,6718,12465,1990,3757,6718,12465,24930,0
8674,624,193,0,817,624,193,0,817,1634,0
5191,145852,232484,212738,591074,145852,232484,212738,591074,1182148,422512.8288
4771,22033,183946,39294,245273,22033,183946,39294,245273,490546,0.6624
5029,7835,13382,16419,37636,7835,13382,16419,37636,75272,0
2868,930,1512,392,2834,930,1512,392,2834,5668,0
7098,30533,69060,67094,166687,30533,69060,67094,166687,333374,0
1483,4004,675,4883,9562,4004,675,4883,9562,19124,0
1484,11073,5771,10087,26931,11073,5771,10087,26931,53862,0
4157,31,24,0,55,31,24,0,55,110,0
9959,22592,44684,16164,83440,22592,44684,16164,83440,166880,0
5608,56250,58896,103094,218240,56250,58896,103094,218240,436480,0
7640,104440,106331,22121,232892,104440,106331,22121,232892,465784,5683.4828
5155,43603,30156,78001,151760,43603,30156,78001,151760,303520,0
5671,125105,127224,96514,348843,125105,127224,96514,348843,697686,0
5675,7627,7350,8448,23425,7627,7350,8448,23425,46850,0
5571,999370,1673831,2128683,4801884,999370,1673831,2128683,4801884,9603768,936933.9348
1083,344112,659017,323797,1326926,344112,659017,323797,1326926,2653852,965519.555700001
5385,733191,1066909,1589366,3389466,733191,1066909,1589366,3389466,6778932,644361.3097
1044,124966,215026,397694,737686,124966,215026,397694,737686,1475372,0
5436,53733,40892,104498,199123,53733,40892,104498,199123,398246,0
1861,35623,27693,21213,84529,35623,27693,21213,84529,169058,0
5249,1060,630,823,2513,1060,630,823,2513,5026,0
5075,123544,209908,312080,645532,123544,209908,312080,645532,1291064,189599.68
5156,16377,23279,39800,79456,16377,23279,39800,79456,158912,0
4222,386917,510125,185810,1082852,386917,510125,185810,1082852,2165704,87677.2193
5920,114561,101900,131832,348293,114561,101900,131832,348293,696586,0
5884,13582,19370,19164,52116,13582,19370,19164,52116,104232,0
5933,19698,17199,32148,69045,19698,17199,32148,69045,138090,0
6355,4945,344,2222,7511,4945,344,2222,7511,15022,0
3333,291051,958684,502256,1751991,291051,958684,502256,1751991,3503982,283143.215299999
6228,911,40,992,1943,911,40,992,1943,3886,0
2800,16120,27453,19531,63104,16120,27453,19531,63104,126208,0
6686,65935,72161,63390,201486,65935,72161,63390,201486,402972,3664.3987
5437,374770,561158,763162,1699090,374770,561158,763162,1699090,3398180,0
5085,72752,81394,196021,350167,72752,81394,196021,350167,700334,0
5609,202930,120668,254965,578563,202930,120668,254965,578563,1157126,0
1900,54874,11507,29443,95824,54874,11507,29443,95824,191648,0
3195,2413,6125,2768,11306,2413,6125,2768,11306,22612,0
5386,40158,44181,54549,138888,40158,44181,54549,138888,277776,0
3880,92970,7781,68205,168956,92970,7781,68205,168956,337912,0
8676,10572,3866,564,15002,10572,3866,564,15002,30004,0
4479,1951,967,0,2918,1951,967,0,2918,5836,0
4355,9281,1666,125,11072,9281,1666,125,11072,22144,0
2463,584,333,134,1051,584,333,134,1051,2102,0
1010,49444,92064,125801,267309,49444,92064,125801,267309,534618,0
1322,222393,193141,111561,527095,222393,193141,111561,527095,1054190,344300.1959
3151,33002,44468,46064,123534,33002,44468,46064,123534,247068,0
5387,33879,37506,74961,146346,33879,37506,74961,146346,292692,0
3471,118122,479763,59687,657572,118122,479763,59687,657572,1315144,75149.6914
8727,5974,2520,2490,10984,5974,2520,2490,10984,21968,0
5572,326833,432190,556360,1315383,326833,432190,556360,1315383,2630766,131909.5191
7521,9,7,0,16,9,7,0,16,32,0
3430,32757,198968,69718,301443,32757,198968,69718,301443,602886,0
4691,141729,256709,148167,546605,141729,256709,148167,546605,1093210,8893.645
5837,11365,32772,12729,56866,11365,32772,12729,56866,113732,0
4110,40956,19470,236,60662,40956,19470,236,60662,121324,0
5193,12814,18820,27103,58737,12814,18820,27103,58737,117474,0
5610,132318,141182,218476,491976,132318,141182,218476,491976,983952,0
3152,59408,101629,106549,267586,59408,101629,106549,267586,535172,0
2264,30266,50712,26006,106984,30266,50712,26006,106984,213968,0
4523,39947,86027,85401,211375,39947,86027,85401,211375,422750,0
4538,1862,2538,1658,6058,1862,2538,1658,6058,12116,0
3153,74766,65637,97566,237969,74766,65637,97566,237969,475938,0
6949,40567,57659,50536,148762,40567,57659,50536,148762,297524,0
7203,35467,82603,29452,147522,35467,82603,29452,147522,295044,2.241
8191,30142,63933,11863,105938,30142,63933,11863,105938,211876,0
7976,128166,112636,55348,296150,128166,112636,55348,296150,592300,39850.5886
6530,37147,35285,21783,94215,37147,35285,21783,94215,188430,1441.0765
6531,15999,17159,10447,43605,15999,17159,10447,43605,87210,16.5858
5849,505,838,229,1572,505,838,229,1572,3144,0.0148
9812,32347,43048,39808,115203,32347,43048,39808,115203,230406,0
6210,470,112,0,582,470,112,0,582,1164,0
5388,307426,532702,793193,1633321,307426,532702,793193,1633321,3266642,0
9825,3473,4533,1151,9157,3473,4533,1151,9157,18314,0
7460,134048,108491,171791,414330,134048,108491,171791,414330,828660,0
6267,127,15,0,142,127,15,0,142,284,0
6857,12419,20396,34620,67435,12419,20396,34620,67435,134870,277955.6233
5491,303789,577475,733651,1614915,303789,577475,733651,1614915,3229830,875503.914199999
5028,998,1774,1459,4231,998,1774,1459,4231,8462,0
6203,806,51,108,965,806,51,108,965,1930,0
8282,10798,15298,11348,37444,10798,15298,11348,37444,74888,0
8677,9062,11985,-6,21041,9062,11985,-6,21041,42082,0
7356,12636,10990,11302,34928,12636,10990,11302,34928,69856,0
7462,154174,107548,187765,449487,154174,107548,187765,449487,898974,18025.5492
1035,60324,92525,119124,271973,60324,92525,119124,271973,543946,0
3154,44593,80202,148534,273329,44593,80202,148534,273329,546658,0
1159,27780,55997,59824,143601,27780,55997,59824,143601,287202,0
4025,9163,1378,2576,13117,9163,1378,2576,13117,26234,0
5798,23694,60311,36757,120762,23694,60311,36757,120762,241524,0
3474,28368,174607,20667,223642,28368,174607,20667,223642,447284,0
2677,76381,118749,86830,281960,76381,118749,86830,281960,563920,0
5573,80496,81385,148899,310780,80496,81385,148899,310780,621560,0
3897,16751,3217,3583,23551,16751,3217,3583,23551,47102,0
5229,333698,655781,1114185,2103664,333698,655781,1114185,2103664,4207328,678452.548200001
4271,12934,1470,7296,21700,12934,1470,7296,21700,43400,0
4432,1235,229,165,1629,1235,229,165,1629,3258,0
3882,29024,4301,7873,41198,29024,4301,7873,41198,82396,0
5389,130492,128424,466950,725866,130492,128424,466950,725866,1451732,0
5758,14700,81112,19749,115561,14700,81112,19749,115561,231122,0
3434,18679,187811,22372,228862,18679,187811,22372,228862,457724,965.9731
3432,20579,59695,57080,137354,20579,59695,57080,137354,274708,0
3558,31660,257865,39352,328877,31660,257865,39352,328877,657754,0
6951,842025,1190851,839642,2872518,842025,1190851,839642,2872518,5745036,645205.130399999
5921,44789,44080,64142,153011,44789,44080,64142,153011,306022,0
2283,46689,84429,42183,173301,46689,84429,42183,173301,346602,0
2969,8146,7966,8550,24662,8146,7966,8550,24662,49324,0
3887,266748,21414,116668,404830,266748,21414,116668,404830,809660,0
3886,38932,2351,18545,59828,38932,2351,18545,59828,119656,0
3888,10459,1414,3979,15852,10459,1414,3979,15852,31704,0
3889,155279,15395,90256,260930,155279,15395,90256,260930,521860,0
3891,28931,4378,5615,38924,28931,4378,5615,38924,77848,0
7225,8058,6832,3163,18053,8058,6832,3163,18053,36106,0
1393,106606,146832,156006,409444,106606,146832,156006,409444,818888,78.95
4276,13587,2421,8186,24194,13587,2421,8186,24194,48388,0
9562,86317,160272,94962,341551,86317,160272,94962,341551,683102,6173.7727
3348,170325,179845,101454,451624,170325,179845,101454,451624,903248,31879.1728
3540,54378,423402,150740,628520,54378,423402,150740,628520,1257040,213942.8073
8837,783,216,0,999,783,216,0,999,1998,0
5390,266704,334476,697696,1298876,266704,334476,697696,1298876,2597752,709884.8329
5230,286039,688085,892366,1866490,286039,688085,892366,1866490,3732980,71130.855
6952,52063,109896,135248,297207,52063,109896,135248,297207,594414,0
1783,14516,14171,3028,31715,14516,14171,3028,31715,63430,0
5574,754555,1075848,1176217,3006620,754555,1075848,1176217,3006620,6013240,453185.516899999
3155,145697,246818,292048,684563,145697,246818,292048,684563,1369126,638123.1729
2439,1366,629,423,2418,1366,629,423,2418,4836,0
3817,39489,3036,30788,73313,39489,3036,30788,73313,146626,0
4357,458,126,0,584,458,126,0,584,1168,0
8728,2140,527,0,2667,2140,527,0,2667,5334,0
4518,25517,19867,55688,101072,25517,19867,55688,101072,202144,8207.0686
4433,32678,12202,7802,52682,32678,12202,7802,52682,105364,0
5334,31961,63081,181140,276182,31961,63081,181140,276182,552364,8885.0126
9776,104487,163248,142053,409788,104487,163248,142053,409788,819576,0
6211,3335,317,254,3906,3335,317,254,3906,7812,0
8261,2602,187,690,3479,2602,187,690,3479,6958,0
2010,67208,47063,19514,133785,67208,47063,19514,133785,267570,0
5826,659,11250,6895,18804,659,11250,6895,18804,37608,0
4504,372731,598078,517811,1488620,372731,598078,517811,1488620,2977240,0
9373,96057,103688,79049,278794,96057,103688,79049,278794,557588,0
2364,6413,4635,2930,13978,6413,4635,2930,13978,27956,0
7464,820140,952315,693630,2466085,820140,952315,693630,2466085,4932170,627578.2151
5613,13967,12527,40773,67267,13967,12527,40773,67267,134534,0
1524,124614,179856,278581,583051,124614,179856,278581,583051,1166102,0
8838,1177,1104,0,2281,1177,1104,0,2281,4562,12
5391,100448,150776,236929,488153,100448,150776,236929,488153,976306,6.1455
2141,11193,3010,1527,15730,11193,3010,1527,15730,31460,0
5967,7872,14211,1885,23968,7872,14211,1885,23968,47936,30410.5656
2938,35037,75791,40116,150944,35037,75791,40116,150944,301888,0
1342,32797,44549,7794,85140,32797,44549,7794,85140,170280,0
2440,4538,2200,1592,8330,4538,2200,1592,8330,16660,0
5597,1850686,2904602,5800420,10555708,1850686,2904602,5800420,10555708,21111416,0
5426,8448279,15009342,19211377,42668998,8448279,15009342,19211377,42668998,85337996,9637566.41780003
5676,98016,111754,88391,298161,98016,111754,88391,298161,596322,93565.3034
5392,83165,97401,165446,346012,83165,97401,165446,346012,692024,0
5231,26987,76598,91339,194924,26987,76598,91339,194924,389848,0
6268,15643,5347,8299,29289,15643,5347,8299,29289,58578,0
8584,76318.2314033742,125848.285467791,61594.6990030675,263761.215874233,76318.2314033742,125848.285467791,61594.6990030675,263761.215874233,527522.431748466,140330.3267
8591,359451.768596626,592733.714532209,290105.300996933,1242290.78412577,359451.768596626,592733.714532209,290105.300996933,1242290.78412577,2484581.56825153,138053.5703
2612,37541,56385,59114,153040,37541,56385,59114,153040,306080,0
2154,127935,84059,58293,270287,127935,84059,58293,270287,540574,0
2265,108245,87982,60227,256454,108245,87982,60227,256454,512908,0
5394,233129,343530,512792,1089451,233129,343530,512792,1089451,2178902,0
9365,60327,41424,46191,147942,60327,41424,46191,147942,295884,0
5041,18782,33741,33925,86448,18782,33741,33925,86448,172896,0
1216,116235,242887,292471,651593,116235,242887,292471,651593,1303186,9086.9348
2665,9226,17487,20258,46971,9226,17487,20258,46971,93942,0
6823,115506,157705,167541,440752,115506,157705,167541,440752,881504,0
6953,258440,454526,885377,1598343,258440,454526,885377,1598343,3196686,0
7407,79979,120737,69941,270657,79979,120737,69941,270657,541314,0
2251,40166,54528,41698,136392,40166,54528,41698,136392,272784,0
6858,8132,30439,22130,60701,8132,30439,22130,60701,121402,0
5575,342588,384625,707119,1434332,342588,384625,707119,1434332,2868664,0
5639,28275,11927,15655,55857,28275,11927,15655,55857,111714,0
5395,203835,232549,481158,917542,203835,232549,481158,917542,1835084,0
5372,93535,87372,127800,308707,93535,87372,127800,308707,617414,0
5576,417141,441798,1105384,1964323,417141,441798,1105384,1964323,3928646,0
7408,76741,138552,207670,422963,76741,138552,207670,422963,845926,5744.0111
1085,250209,414663,119817,784689,250209,414663,119817,784689,1569378,0
5264,4006,4495,8519,17020,4006,4495,8519,17020,34040,0
6824,108543,167445,265606,541594,108543,167445,265606,541594,1083188,0
5959,45813,98501,27957,172271,45813,98501,27957,172271,344542,0
3158,11213,9933,26809,47955,11213,9933,26809,47955,95910,0
5505,62873,99431,31907,194211,62873,99431,31907,194211,388422,14651.0921
5316,2445,1914,2624,6983,2445,1914,2624,6983,13966,0
2384,172948,310598,57042,540588,172948,310598,57042,540588,1081176,636340.490399999
2390,330752,375874,186063,892689,330752,375874,186063,892689,1785378,376792.3382
4600,70876,115453,91147,277476,70876,115453,91147,277476,554952,0
8530,77012,175974,65982,318968,77012,175974,65982,318968,637936,0
1121,10559,715,8184,19458,10559,715,8184,19458,38916,0
7079,47902,68320,74379,190601,47902,68320,74379,190601,381202,0
5241,6155,8803,9030,23988,6155,8803,9030,23988,47976,0
5598,8738614,15295175,25567013,49600802,8738614,15295175,25567013,49600802,99201604,10188920.9491
5158,468261,1237390,2230290,3935941,468261,1237390,2230290,3935941,7871882,1376609.7849
2133,222379,301492,231427,755298,222379,301492,231427,755298,1510596,0
1455,126589,452122,35062,613773,126589,452122,35062,613773,1227546,0
1402,924139,1804552,713163,3441854,924139,1804552,713163,3441854,6883708,536778.984099999
1403,8374,13632,24253,46259,8374,13632,24253,46259,92518,0
7057,15654,36401,19897,71952,15654,36401,19897,71952,143904,0
6095,20673,19863,43478,84014,20673,19863,43478,84014,168028,0
3796,21979,1760,11789,35528,21979,1760,11789,35528,71056,0
8589,71037,69398,88536,228971,71037,69398,88536,228971,457942,0
6859,4020,4267,6763,15050,4020,4267,6763,15050,30100,0
8509,13972,12607,8682,35261,13972,12607,8682,35261,70522,0
6073,34088,24043,40725,98856,34088,24043,40725,98856,197712,0
5128,273681,273903,766079,1313663,273681,273903,766079,1313663,2627326,0
1940,66364,162702,243515,472581,66364,162702,243515,472581,945162,119.7848
4690,117838,79675,107107,304620,117838,79675,107107,304620,609240,0
4434,40253,25325,1294,66872,40253,25325,1294,66872,133744,0
6183,385798,460887,515323,1362008,385798,460887,515323,1362008,2724016,72221.2862
6096,71206,89885,121757,282848,71206,89885,121757,282848,565696,0
1347,19321,23941,8217,51479,19321,23941,8217,51479,102958,0
1423,269572,651482,665119,1586173,269572,651482,665119,1586173,3172346,60156.0285
1509,61754,164965,62279,288998,61754,164965,62279,288998,577996,0
9673,40193,56356,11466,108015,40193,56356,11466,108015,216030,0
1466,57202,62717,123817,243736,57202,62717,123817,243736,487472,0
2681,1446,300,0,1746,1446,300,0,1746,3492,0
2266,11724,20145,14807,46676,11724,20145,14807,46676,93352,0
8875,581893,835182,265677,1682752,581893,835182,265677,1682752,3365504,0
5684,162494,175538,347789,685821,162494,175538,347789,685821,1371642,0
9250,21932,26970,16908,65810,21932,26970,16908,65810,131620,0
5411,498362,951144,794528,2244034,498362,951144,794528,2244034,4488068,472440.9435
3174,253477,546101,371539,1171117,253477,546101,371539,1171117,2342234,0
5086,135771,154582,262104,552457,135771,154582,262104,552457,1104914,0
3188,109849,101290,462373,673512,109849,101290,462373,673512,1347024,1456.4269
7474,929077,1271040,454098,2654215,929077,1271040,454098,2654215,5308430,17108.7578
1421,403173,627039,1327875,2358087,403173,627039,1327875,2358087,4716174,513925.1496
1525,364063,399025,1032610,1795698,364063,399025,1032610,1795698,3591396,768583.0863
7466,59197,24108,94510,177815,59197,24108,94510,177815,355630,0
9564,27195,42959,22029,92183,27195,42959,22029,92183,184366,0
2201,124064,358007,90453,572524,124064,358007,90453,572524,1145048,0
5129,71901,128294,190850,391045,71901,128294,190850,391045,782090,0
5438,225132,318874,588603,1132609,225132,318874,588603,1132609,2265218,24277.2092
3059,47440,114858,45637,207935,47440,114858,45637,207935,415870,2573.4277
7329,6427,5480,1325,13232,6427,5480,1325,13232,26464,0
5242,11363,17136,25005,53504,11363,17136,25005,53504,107008,0
5293,51715,44923,93072,189710,51715,44923,93072,189710,379420,0
5054,110773,129733,256821,497327,110773,129733,256821,497327,994654,0
5278,55483,175371,150642,381496,55483,175371,150642,381496,762992,0
5712,81881,137471,45327,264679,81881,137471,45327,264679,529358,198347.7303
7476,168689,148740,237261,554690,168689,148740,237261,554690,1109380,0
5151,121652,129747,309024,560423,121652,129747,309024,560423,1120846,0
5030,5499,10951,17300,33750,5499,10951,17300,33750,67500,0
9231,8290,6183,4254,18727,8290,6183,4254,18727,37454,0
7226,1671,1758,1316,4745,1671,1758,1316,4745,9490,2149.7164
9998,105539,171195,115511,392245,105539,171195,115511,392245,784490,35482.1815
5195,11922,22750,44982,79654,11922,22750,44982,79654,159308,0
2619,22889,59280,33318,115487,22889,59280,33318,115487,230974,0
3388,12708,12116,7423,32247,12708,12116,7423,32247,64494,0
3391,105393,329459,115070,549922,105393,329459,115070,549922,1099844,11918.1964
7572,4929,4362,213,9504,4929,4362,213,9504,19008,0
5577,409605,309488,532274,1251367,409605,309488,532274,1251367,2502734,652077.3794
5965,70369,286325,21317,378011,70369,286325,21317,378011,756022,7079.8193
2772,13873,31149,16746,61768,13873,31149,16746,61768,123536,0
2736,20926,11345,6821,39092,20926,11345,6821,39092,78184,0
1585,3513,8236,466,12215,3513,8236,466,12215,24430,0
9753,32567,52901,31580,117048,32567,52901,31580,117048,234096,4312.8568
5759,9273,18772,6403,34448,9273,18772,6403,34448,68896,0
9665,7236,11427,7654,26317,7236,11427,7654,26317,52634,0
2161,37318,82200,61155,180673,37318,82200,61155,180673,361346,0
8184,35271,10864,18970,65105,35271,10864,18970,65105,130210,0
5527,21664,32982,89294,143940,21664,32982,89294,143940,287880,0
1348,29827,22639,8674,61140,29827,22639,8674,61140,122280,0
3896,4506,570,3025,8101,4506,570,3025,8101,16202,0
6956,94958,180276,227487,502721,94958,180276,227487,502721,1005442,0
6846,1035,942,3034,5011,1035,942,3034,5011,10022,0
4935,1293919,2286775,883,3581577,1293919,2286775,883,3581577,7163154,0
9777,47528,56954,43894,148376,47528,56954,43894,148376,296752,0
2048,76783,41008,17758,135549,76783,41008,17758,135549,271098,0
4111,21137,5777,371,27285,21137,5777,371,27285,54570,4740.063
8130,336,2,0,338,336,2,0,338,676,0
4539,27379,25310,15256,67945,27379,25310,15256,67945,135890,0
5196,46902,156550,197326,400778,46902,156550,197326,400778,801556,0
7187,7007,2680,3364,13051,7007,2680,3364,13051,26102,0
7047,42275,77739,107353,227367,42275,77739,107353,227367,454734,0
5611,190173,211189,322056,723418,190173,211189,322056,723418,1446836,0
6551,4502,4253,1508,10263,4502,4253,1508,10263,20526,0
5396,40244,44933,56696,141873,40244,44933,56696,141873,283746,0
5439,20330,21079,25873,67282,20330,21079,25873,67282,134564,0
8680,5164,5557,0,10721,5164,5557,0,10721,21442,0
6891,196784,250992,702233,1150009,196784,250992,702233,1150009,2300018,576876.3713
7227,5598,13310,2994,21902,5598,13310,2994,21902,43804,0
7695,912,49,1053,2014,912,49,1053,2014,4028,0
2391,94462,93212,40152,227826,94462,93212,40152,227826,455652,0
4528,34049,46677,96522,177248,34049,46677,96522,177248,354496,0
2363,205394,345478,90166,641038,205394,345478,90166,641038,1282076,543058.5267
2406,134919,383664,300156,818739,134919,383664,300156,818739,1637478,115894.2799
2098,15701,5494,5996,27191,15701,5494,5996,27191,54382,0
3965,4686,1792,3376,9854,4686,1792,3376,9854,19708,0
1457,636705,946932,817586,2401223,636705,946932,817586,2401223,4802446,2711925.80780001
9781,33679,38747,41830,114256,33679,38747,41830,114256,228512,0
1905,7992,2790,2097,12879,7992,2790,2097,12879,25758,0
4568,4581,5228,873,10682,4581,5228,873,10682,21364,0
2774,204338,290304,169684,664326,204338,290304,169684,664326,1328652,92714.1047999999
1056,18689,2536,23326,44551,18689,2536,23326,44551,89102,0
5578,2248080,2909734,4605628,9763442,2248080,2909734,4605628,9763442,19526884,1404763.0134
5612,41662,36487,162212,240361,41662,36487,162212,240361,480722,0
5042,464,2075,884,3423,464,2075,884,3423,6846,0
5924,479637,854313,1123751,2457701,479637,854313,1123751,2457701,4915402,84500.8830999998
5528,32321,47537,109431,189289,32321,47537,109431,189289,378578,0
6024,214968,183587,388098,786653,214968,183587,388098,786653,1573306,0
1978,36261,148319,24648,209228,36261,148319,24648,209228,418456,0
3175,179451,528565,234620,942636,179451,528565,234620,942636,1885272,50024.4562
5672,213332,371397,164379,749108,213332,371397,164379,749108,1498216,53497.5952
5697,70131,77908,112422,260461,70131,77908,112422,260461,520922,0
5698,94894,55208,95337,245439,94894,55208,95337,245439,490878,0
2269,32638,61123,7716,101477,32638,61123,7716,101477,202954,0
9694,63425,83870,68542,215837,63425,83870,68542,215837,431674,0
6844,158985,273765,757383,1190133,158985,273765,757383,1190133,2380266,132328.0766
5640,34365,26605,74713,135683,34365,26605,74713,135683,271366,0
1011,18848,54664,57796,131308,18848,54664,57796,131308,262616,0
5341,40559,76960,121895,239414,40559,76960,121895,239414,478828,25227.8523
6860,21356,69002,98992,189350,21356,69002,98992,189350,378700,2461.9184
1539,4030,8037,9137,21204,4030,8037,9137,21204,42408,0
5685,1046113,1190037,1745436,3981586,1046113,1190037,1745436,3981586,7963172,1674449.9677
5696,316982,442423,412894,1172299,316982,442423,412894,1172299,2344598,164263.8419
5440,23743,32038,83289,139070,23743,32038,83289,139070,278140,0
1218,451069,1179900,616999,2247968,451069,1179900,616999,2247968,4495936,317610.447399999
1364,30515,36184,138569,205268,30515,36184,138569,205268,410536,0
6688,44546,38027,34168,116741,44546,38027,34168,116741,233482,0
4536,1995,1909,2563,6467,1995,1909,2563,6467,12934,0
6954,106264,154450,225369,486083,106264,154450,225369,486083,972166,0
7228,24144,59679,17964,101787,24144,59679,17964,101787,203574,0
7467,75536,124205,175638,375379,75536,124205,175638,375379,750758,0
9639,6245,8212,7608,22065,6245,8212,7608,22065,44130,0
6892,50930,48376,196494,295800,50930,48376,196494,295800,591600,0
6732,7138,3906,5901,16945,7138,3906,5901,16945,33890,0
8578,66765,42296,49979,159040,66765,42296,49979,159040,318080,0
2835,7111,11543,6619,25273,7111,11543,6619,25273,50546,0
5441,32538,51934,101997,186469,32538,51934,101997,186469,372938,0
2773,23702,32842,53139,109683,23702,32842,53139,109683,219366,0
5960,27943,52572,13569,94084,27943,52572,13569,94084,188168,0
5925,29549,20393,32762,82704,29549,20393,32762,82704,165408,0
5152,397738,635377,752729,1785844,397738,635377,752729,1785844,3571688,0
5153,56596,79743,166788,303127,56596,79743,166788,303127,606254,0
4540,1435,2229,1572,5236,1435,2229,1572,5236,10472,0
4893,314950.478967581,368174.147048316,420629.1399482,1103753.7659641,314950.478967581,368174.147048316,420629.1399482,1103753.7659641,2207507.53192819,208193.0983
5579,288749,323508,760477,1372734,288749,323508,760477,1372734,2745468,0
4891,84947.5210324194,99302.8529516835,113450.8600518,297701.234035902,84947.5210324194,99302.8529516835,113450.8600518,297701.234035902,595402.468071805,117434.6123
2040,52908,26424,19270,98602,52908,26424,19270,98602,197204,0
6574,131131,53166,44562,228859,131131,53166,44562,228859,457718,22481.6383
3390,53418,69347,22986,145751,53418,69347,22986,145751,291502,0
5686,19870,10031,74851,104752,19870,10031,74851,104752,209504,0
7326,4891,4214,3092,12197,4891,4214,3092,12197,24394,0
5279,220237,682008,385543,1287788,220237,682008,385543,1287788,2575576,93647.6203
6907,1608,2748,6023,10379,1608,2748,6023,10379,20758,0
5673,19938,15374,20690,56002,19938,15374,20690,56002,112004,0
1350,4947,1758,396,7101,4947,1758,396,7101,14202,0
8123,117,48,380,545,117,48,380,545,1090,0
4486,27113,8283,1326,36722,27113,8283,1326,36722,73444,0
4487,154029,101076,20878,275983,154029,101076,20878,275983,551966,8628.2814
5031,17444,31587,36599,85630,17444,31587,36599,85630,171260,0
7514,17352,24890,13939,56181,17352,24890,13939,56181,112362,0
1138,56284,88615,123515,268414,56284,88615,123515,268414,536828,0
7383,22219,48724,20097,91040,22219,48724,20097,91040,182080,0
4532,7227,10167,8584,25978,7227,10167,8584,25978,51956,0
5232,2891,3750,4161,10802,2891,3750,4161,10802,21604,0
4537,49671,66281,82686,198638,49671,66281,82686,198638,397276,0
7917,16383,39659,6778,62820,16383,39659,6778,62820,125640,0
3380,64816,70572,41614,177002,64816,70572,41614,177002,354004,0
3392,64533,98616,54664,217813,64533,98616,54664,217813,435626,0
5827,994,6232,1338,8564,994,6232,1338,8564,17128,0
5838,19467,80150,7757,107374,19467,80150,7757,107374,214748,3685.7101
5856,18488,45813,4021,68322,18488,45813,4021,68322,136644,3239.5112
5857,1449,1813,270,3532,1449,1813,270,3532,7064,0
3818,3959,475,598,5032,3959,475,598,5032,10064,0
9990,24261,35234,23885,83380,24261,35234,23885,83380,166760,0
8263,756364,2891740,644924,4293028,756364,2891740,644924,4293028,8586056,1385561.3178
1351,2312,885,1572,4769,2312,885,1572,4769,9538,0
4026,82477,5885,70468,158830,82477,5885,70468,158830,317660,0
3871,19751,3115,2630,25496,19751,3115,2630,25496,50992,0
