NLC,Entries_Full,Entries_Reduced,Entries_Season,Entries_Total,Exits_Full,Exits_Reduced,Exits_Season,Exits_Total,1516 Entries & Exits,1516 Interchanges
5131,319067,384846,760823,1464736,319067,384846,760823,1464736,2929472,0
3813,47559,3054,56885,107498,47559,3054,56885,107498,214996,0
3801,76547,7170,53985,137702,76547,7170,53985,137702,275404,41720.0864
3982,167408,19463,96581,283452,167408,19463,96581,283452,566904,0
8976,600344,846508,283120,1729972,600344,846508,283120,1729972,3459944,204138.8141
9090,19593,30571,13492,63656,19593,30571,13492,63656,127312,0
4435,12844,6203,0,19047,12844,6203,0,19047,38094,0
4440,673,319,0,992,673,319,0,992,1984,0
3602,104296,65350,48093,217739,104296,65350,48093,217739,435478,0
2448,16032,15327,4107,35466,16032,15327,4107,35466,70932,0
4303,67601,92721,557,160879,67601,92721,557,160879,321758,0
2552,125079,45991,45739,216809,125079,45991,45739,216809,433618,0
8600,133,23,0,156,133,23,0,156,312,0
8601,1102,748,0,1850,1102,748,0,1850,3700,0
8602,339,169,31,539,339,169,31,539,1078,0
7662,124,24,0,148,124,24,0,148,296,0
7286,7449,12093,4788,24330,7449,12093,4788,24330,48660,0
4529,56319,73912,94830,225061,56319,73912,94830,225061,450122,0
2287,4920,2322,2876,10118,4920,2322,2876,10118,20236,0
1404,254586,337226,353737,945549,254586,337226,353737,945549,1891098,0
3000,34073,34270,62763,131106,34073,34270,62763,131106,262212,0
1036,8054,9330,19243,36627,8054,9330,19243,36627,73254,0
9310,3056,5591,3026,11673,3056,5591,3026,11673,23346,0
5550,70357,51697,89668,211722,70357,51697,89668,211722,423444,0
5160,2540,3591,4596,10727,2540,3591,4596,10727,21454,0
2939,6658,5247,2290,14195,6658,5247,2290,14195,28390,0
2641,22623,12941,22329,57893,22623,12941,22329,57893,115786,0
8353,51383,30490,20936,102809,51383,30490,20936,102809,205618,0
2255,97528,159018,160180,416726,97528,159018,160180,416726,833452,0
2350,116925,273259,112093,502277,116925,273259,112093,502277,1004554,0
2125,130923,179721,219157,529801,130923,179721,219157,529801,1059602,0
9695,18379,30720,14394,63493,18379,30720,14394,63493,126986,0
9759,125950,238333,173150,537433,125950,238333,173150,537433,1074866,0
5132,119180,104021,272374,495575,119180,104021,272374,495575,991150,0
4614,12794,16156,18711,47661,12794,16156,18711,47661,95322,0
2760,54255,45246,29588,129089,54255,45246,29588,129089,258178,0
3145,9381,15980,15623,40984,9381,15980,15623,40984,81968,0
5623,220375,279891,232340,732606,220375,279891,232340,732606,1465212,139314.4772
5280,24766,50578,42885,118229,24766,50578,42885,118229,236458,0
6025,207217,321016,314538,842771,207217,321016,314538,842771,1685542,85548.3049
9905,38308,72235,45473,156016,38308,72235,45473,156016,312032,0
9861,35889,72385,63991,172265,35889,72385,63991,172265,344530,0
1805,60295,60722,20423,141440,60295,60722,20423,141440,282880,0
7520,20051,3719,7825,31595,20051,3719,7825,31595,63190,0
9883,48717,104412,40135,193264,48717,104412,40135,193264,386528,0
8605,8968,2144,695,11807,8968,2144,695,11807,23614,0
7787,55061,77607,14353,147021,55061,77607,14353,147021,294042,1419.5636
6847,5776,8110,20332,34218,5776,8110,20332,34218,68436,0
1223,28544,12765,9588,50897,28544,12765,9588,50897,101794,0
6869,4769,4086,11873,20728,4769,4086,11873,20728,41456,0
6532,1674,3277,996,5947,1674,3277,996,5947,11894,0
8606,142,14,0,156,142,14,0,156,312,0
5544,86161,126295,164145,376601,86161,126295,164145,376601,753202,0
2806,49359,78165,126272,253796,49359,78165,126272,253796,507592,209.1726
1198,30170,14744,38663,83577,30170,14744,38663,83577,167154,0
1678,7154,10466,3133,20753,7154,10466,3133,20753,41506,0
5250,5609,15053,8252,28914,5609,15053,8252,28914,57828,0
506,405308,441711,125136,972155,405308,441711,125136,972155,1944310,0
4236,5925,3485,74,9484,5925,3485,74,9484,18968,0
6358,1761,455,1462,3678,1761,455,1462,3678,7356,0
9965,68386,68166,175770,312322,68386,68166,175770,312322,624644,0
5510,119522,255499,227908,602929,119522,255499,227908,602929,1205858,1222.711
5397,112024,172609,159109,443742,112024,172609,159109,443742,887484,0
6909,5356,2223,6298,13877,5356,2223,6298,13877,27754,0
5267,68541,218212,145937,432690,68541,218212,145937,432690,865380,0
9451,5621,52654,1364,59639,5621,52654,1364,59639,119278,0
9972,141607,267809,167799,577215,141607,267809,167799,577215,1154430,0
2662,10491,5826,3080,19397,10491,5826,3080,19397,38794,0
8562,15803,14799,17607,48209,15803,14799,17607,48209,96418,0
2052,22273,3449,796,26518,22273,3449,796,26518,53036,2.4182
5003,3307,6967,9321,19595,3307,6967,9321,19595,39190,0
3109,839,1810,1227,3876,839,1810,1227,3876,7752,0
2396,21780,64587,37256,123623,21780,64587,37256,123623,247246,0
1430,77524,83321,127366,288211,77524,83321,127366,288211,576422,0
9079,69376,85580,36595,191551,69376,85580,36595,191551,383102,915.5821
8613,2748,566,52,3366,2748,566,52,3366,6732,0
9962,1121,1415,0,2536,1121,1415,0,2536,5072,0
9453,29398,25989,156,55543,29398,25989,156,55543,111086,0
9569,24657,52746,33142,110545,24657,52746,33142,110545,221090,325.2988
9455,2272,5162,2600,10034,2272,5162,2600,10034,20068,0
2960,259,173,16,448,259,173,16,448,896,0
9961,137351,381520,172603,691474,137351,381520,172603,691474,1382948,0
8821,1972,1557,0,3529,1972,1557,0,3529,7058,0
6171,80749,110723,142329,333801,80749,110723,142329,333801,667602,0
990,29999,39496,38200,107695,29999,39496,38200,107695,215390,0
2054,2511,366,98,2975,2511,366,98,2975,5950,0
1963,27195,20715,6958,54868,27195,20715,6958,54868,109736,0
8045,108,358,386,852,108,358,386,852,1704,0
9963,4850,2296,472,7618,4850,2296,472,7618,15236,0
5251,20158,78791,57004,155953,20158,78791,57004,155953,311906,0
5666,211628,295735,120596,627959,211628,295735,120596,627959,1255918,318289.9812
3003,1531,123,612,2266,1531,123,612,2266,4532,0
5641,39135,44788,60292,144215,39135,44788,60292,144215,288430,34523.4921
5547,59473,64541,120304,244318,59473,64541,120304,244318,488636,130150.3164
2941,13621,13260,16687,43568,13621,13260,16687,43568,87136,0
4700,16021,18584,10895,45500,16021,18584,10895,45500,91000,0
9953,9709,23310,5231,38250,9709,23310,5231,38250,76500,0
5667,130131,130394,272968,533493,130131,130394,272968,533493,1066986,0
5004,288913,763894,829488,1882295,288913,763894,829488,1882295,3764590,815012.948300002
2850,1282,1540,967,3789,1282,1540,967,3789,7578,0
5347,164287,179904,320639,664830,164287,179904,320639,664830,1329660,0
2790,43477,79562,57934,180973,43477,79562,57934,180973,361946,0
5398,2556,4178,6520,13254,2556,4178,6520,13254,26508,0
5906,15448,20642,28492,64582,15448,20642,28492,64582,129164,0
6083,15541,11427,45111,72079,15541,11427,45111,72079,144158,0
1953,19553,458,11709,31720,19553,458,11709,31720,63440,0
6233,4432,4253,3198,11883,4432,4253,3198,11883,23766,0
2095,7848,2997,2576,13421,7848,2997,2576,13421,26842,0
1380,941,1849,1992,4782,941,1849,1992,4782,9564,0
1004,54024,92013,120569,266606,54024,92013,120569,266606,533212,49623.3674
1074,27714,24728,18305,70747,27714,24728,18305,70747,141494,0
2584,44478,73202,100320,218000,44478,73202,100320,218000,436000,0
8608,253,157,0,410,253,157,0,410,820,0
1624,35118,5902,14819,55839,35118,5902,14819,55839,111678,0
7367,23373,34996,18533,76902,23373,34996,18533,76902,153804,0
9457,10656,15285,5052,30993,10656,15285,5052,30993,61986,0
7017,81721,150353,232192,464266,81721,150353,232192,464266,928532,6317.4578
2215,21517,42157,30161,93835,21517,42157,30161,93835,187670,0
8610,30621,42838,2582,76041,30621,42838,2582,76041,152082,56.0794
3265,5171,4274,529,9974,5171,4274,529,9974,19948,0
3200,45164,4592,15174,64930,45164,4592,15174,64930,129860,0
5714,21249,129004,46966,197219,21249,129004,46966,197219,394438,0
1492,155358,200291,223526,579175,155358,200291,223526,579175,1158350,3775.2928
1090,16188,17509,50608,84305,16188,17509,50608,84305,168610,0
5162,17812,14815,25030,57657,17812,14815,25030,57657,115314,0
5197,11713,16050,13910,41673,11713,16050,13910,41673,83346,0
9463,218784,411373,147694,777851,218784,411373,147694,777851,1555702,72700.1694
2187,64282,97170,21562,183014,64282,97170,21562,183014,366028,0
4186,7019,2632,3790,13441,7019,2632,3790,13441,26882,0
5681,33416,25558,27866,86840,33416,25558,27866,86840,173680,0
8552,55063,24744,58551,138358,55063,24744,58551,138358,276716,0
9763,17937,27391,17789,63117,17937,27391,17789,63117,126234,0
5492,12099,21980,30295,64374,12099,21980,30295,64374,128748,0
6084,89714,116625,122765,329104,89714,116625,122765,329104,658208,0
5399,890125,1429053,2738085,5057263,890125,1429053,2738085,5057263,10114526,451220.1097
9862,60488,149046,63758,273292,60488,149046,63758,273292,546584,0
9013,87,16,393,496,87,16,393,496,992,0
2561,27798,5985,9306,43089,27798,5985,9306,43089,86178,0
2820,6581,6877,503,13961,6581,6877,503,13961,27922,0
8839,972,2195,5,3172,972,2195,5,3172,6344,0
4502,305312,574351,335248,1214911,305312,574351,335248,1214911,2429822,281668.504999998
2471,98302,214275,24236,336813,98302,214275,24236,336813,673626,1290.7599
2238,19608,37437,25012,82057,19608,37437,25012,82057,164114,0
5348,26441,21583,33738,81762,26441,21583,33738,81762,163524,0
9466,21826,37588,25467,84881,21826,37588,25467,84881,169762,0
7563,1803,2463,674,4940,1803,2463,674,4940,9880,0
2690,54067,7514,32479,94060,54067,7514,32479,94060,188120,0
9764,13660,20465,13482,47607,13660,20465,13482,47607,95214,0
4011,66739,6482,32019,105240,66739,6482,32019,105240,210480,0
7492,1569838,2379001,2765465,6714304,1569838,2379001,2765465,6714304,13428608,777092.4322
5133,17284,18889,32008,68181,17284,18889,32008,68181,136362,0
4445,57154,26187,12560,95901,57154,26187,12560,95901,191802,0
5089,165526,186089,536040,887655,165526,186089,536040,887655,1775310,0
5551,313040,389414,623825,1326279,313040,389414,623825,1326279,2652558,26526.7106
5580,122139,139500,196599,458238,122139,139500,196599,458238,916476,0
6406,6367,22339,3582,32288,6367,22339,3582,32288,64576,3997.7553
5252,79349,178637,251952,509938,79349,178637,251952,509938,1019876,887348.284000001
9973,10388,16208,9585,36181,10388,16208,9585,36181,72362,0
6774,271649,290820,178969,741438,271649,290820,178969,741438,1482876,27737.3936
5725,9429,174929,26315,210673,9429,174929,26315,210673,421346,0
1096,43409,32869,58793,135071,43409,32869,58793,135071,270142,45026.4006
9674,80850,119356,144282,344488,80850,119356,144282,344488,688976,0
9467,1446,3629,0,5075,1446,3629,0,5075,10150,0
6212,684,118,0,802,684,118,0,802,1604,0
1954,160071,105505,50106,315682,160071,105505,50106,315682,631364,16548.2909
1903,14672,11678,23004,49354,14672,11678,23004,49354,98708,0
3805,159436,20222,92224,271882,159436,20222,92224,271882,543764,3897.0218
3806,70284,6057,31625,107966,70284,6057,31625,107966,215932,0
3807,138031,22111,166747,326889,138031,22111,166747,326889,653778,0
9020,31,3,0,34,31,3,0,34,68,0
6207,15257,2136,1350,18743,15257,2136,1350,18743,37486,0
7494,442475,339103,696396,1477974,442475,339103,696396,1477974,2955948,0
5520,616984,1104141,1148604,2869729,616984,1104141,1148604,2869729,5739458,891140.277200004
5090,11939,13159,19375,44473,11939,13159,19375,44473,88946,0
3271,620013,1895920,551226,3067159,620013,1895920,551226,3067159,6134318,184299.9693
9311,167742,249512,194309,611563,167742,249512,194309,611563,1223126,0
8484,61479,54278,49682,165439,61479,54278,49682,165439,330878,0
7909,715,14,0,729,715,14,0,729,1458,0
5420,206705,303329,542490,1052524,206705,303329,542490,1052524,2105048,3858.0345
5215,46776,117269,113965,278010,46776,117269,113965,278010,556020,0
6870,2322,2593,2577,7492,2322,2593,2577,7492,14984,0
6006,7843,9710,9189,26742,7843,9710,9189,26742,53484,0
3047,193735,229009,362629,785373,193735,229009,362629,785373,1570746,0
2420,210,170,151,531,210,170,151,531,1062,0
9966,75848,123188,83641,282677,75848,123188,83641,282677,565354,0
5091,27595,63877,107651,199123,27595,63877,107651,199123,398246,0
8822,113,70,0,183,113,70,0,183,366,0
5890,1188,2423,1003,4614,1188,2423,1003,4614,9228,0
8877,15211,13478,1014,29703,15211,13478,1014,29703,59406,0
2188,195730,156762,109933,462425,195730,156762,109933,462425,924850,0
7258,13484,34366,6550,54400,13484,34366,6550,54400,108800,0
5076,47362,53890,62791,164043,47362,53890,62791,164043,328086,0
5046,313150,386997,656360,1356507,313150,386997,656360,1356507,2713014,82922.239
1512,256540.861719862,869352.169180728,789144.096361049,1915037.12726164,256540.861719862,869352.169180728,789144.096361049,1915037.12726164,3830074.25452328,49459.7784
1510,11965.1382801382,40546.8308192722,36805.903638951,89317.8727383615,11965.1382801382,40546.8308192722,36805.903638951,89317.8727383615,178635.745476723,0
5538,22504,17762,26197,66463,22504,17762,26197,66463,132926,0
3245,20773,14137,11524,46434,20773,14137,11524,46434,92868,0
1165,25839,7556,8148,41543,25839,7556,8148,41543,83086,0
3070,7559,34958,18333,60850,7559,34958,18333,60850,121700,0
1625,145466,93915,47647,287028,145466,93915,47647,287028,574056,83522.1142000001
5198,3434,5812,5029,14275,3434,5812,5029,14275,28550,0
2785,1125,3080,965,5170,1125,3080,965,5170,10340,0
9895,91919,167054,87240,346213,91919,167054,87240,346213,692426,39372.8615
5062,85315,99807,219624,404746,85315,99807,219624,404746,809492,0
9714,90166,148655,200910,439731,90166,148655,200910,439731,879462,40776.1045
5350,23423,13070,42861,79354,23423,13070,42861,79354,158708,0
1679,35717,55366,21630,112713,35717,55366,21630,112713,225426,979.3208
5227,1443,1251,3015,5709,1443,1251,3015,5709,11418,0
5092,122743,140966,245748,509457,122743,140966,245748,509457,1018914,0
8047,3059,2212,935,6206,3059,2212,935,6206,12412,0
8564,47719,37297,25369,110385,47719,37297,25369,110385,220770,0
7439,474856,364578,1022105,1861539,474856,364578,1022105,1861539,3723078,0
2676,8857,2126,306,11289,8857,2126,306,11289,22578,0
5624,15686,14761,44832,75279,15686,14761,44832,75279,150558,0
8352,35330,16682,18350,70362,35330,16682,18350,70362,140724,0
3549,1204,11463,7118,19785,1204,11463,7118,19785,39570,0
3550,522,5179,2790,8491,522,5179,2790,8491,16982,0
1390,232926,292912,343923,869761,232926,292912,343923,869761,1739522,0
1045,30047,41964,75462,147473,30047,41964,75462,147473,294946,0
6543,685,268,239,1192,685,268,239,1192,2384,0
7330,340,145,23,508,340,145,23,508,1016,0
8431,5800,6012,4641,16453,5800,6012,4641,16453,32906,0
5581,50758,61777,74631,187166,50758,61777,74631,187166,374332,0
5323,6844,20289,14994,42127,6844,20289,14994,42127,84254,0
7791,12436,238015,14048,264499,12436,238015,14048,264499,528998,1429.7054
2351,623,1160,190,1973,623,1160,190,1973,3946,0
1003,13587,27928,36495,78010,13587,27928,36495,78010,156020,0
5472,2408,2561,3351,8320,2408,2561,3351,8320,16640,0
6961,119086,181921,230024,531031,119086,181921,230024,531031,1062062,0
2449,10098,7823,15,17936,10098,7823,15,17936,35872,0
8048,62220,157422,99168,318810,62220,157422,99168,318810,637620,7.2766
5211,92422,258335,411570,762327,92422,258335,411570,762327,1524654,0
5093,147287,152129,289029,588445,147287,152129,289029,588445,1176890,0
5094,343610,379022,781540,1504172,343610,379022,781540,1504172,3008344,0
3048,126807,347365,234128,708300,126807,347365,234128,708300,1416600,43676.4029
3104,16831,156167,33718,206716,16831,156167,33718,206716,413432,1979.8549
5063,134021,134923,187728,456672,134021,134923,187728,456672,913344,2086.0634
2136,59112,51366,49519,159997,59112,51366,49519,159997,319994,95157.1777
6170,108193,167965,219883,496041,108193,167965,219883,496041,992082,0
4618,16966,13626,28407,58999,16966,13626,28407,58999,117998,0
6871,267621,309661,974828,1552110,267621,309661,974828,1552110,3104220,0
7910,28521,8383,6104,43008,28521,8383,6104,43008,86016,0
5464,40659,84027,117750,242436,40659,84027,117750,242436,484872,0
6235,11017,13823,4669,29509,11017,13823,4669,29509,59018,0
8553,217738,201343,190776,609857,217738,201343,190776,609857,1219714,0
3907,14119,1462,10263,25844,14119,1462,10263,25844,51688,0
5163,15692,39229,116294,171215,15692,39229,116294,171215,342430,0
2304,155161,81624,98440,335225,155161,81624,98440,335225,670450,0
5401,18601,17038,22835,58474,18601,17038,22835,58474,116948,0
2352,81473,301564,116842,499879,81473,301564,116842,499879,999758,0
2217,171715,192443,118473,482631,171715,192443,118473,482631,965262,0
2219,334823,398128,275788,1008739,334823,398128,275788,1008739,2017478,224050.6364
2145,195331,99278,90998,385607,195331,99278,90998,385607,771214,66410.7461
2220,175816,128052,81691,385559,175816,128052,81691,385559,771118,0
4513,471,5507,697,6675,471,5507,697,6675,13350,0
1215,805159,1310962,770303,2886424,805159,1310962,770303,2886424,5772848,94355.9894999999
4515,698248,1319306,1419557,3437111,698248,1319306,1419557,3437111,6874222,450609.3136
1127,3791408,7586049,8161052,19538509,3791408,7586049,8161052,19538509,39077018,5825477.03499995
1006,378990,711746,1265851,2356587,378990,711746,1265851,2356587,4713174,242862.7726
7835,34675,13668,6687,55030,34675,13668,6687,55030,110060,0
9940,76654,237450,77838,391942,76654,237450,77838,391942,783884,0
6800,339581,455801,756767,1552149,339581,455801,756767,1552149,3104298,73276.3714000001
5402,3313,9460,1718,14491,3313,9460,1718,14491,28982,0
9620,70758,111812,144555,327125,70758,111812,144555,327125,654250,0
5945,18794,15842,14337,48973,18794,15842,14337,48973,97946,0
2737,318365,148940,112596,579901,318365,148940,112596,579901,1159802,80761.6986999999
5112,1086992,1326834,2819997,5233823,1086992,1326834,2819997,5233823,10467646,758568.8021
5095,392469,529758,801913,1724140,392469,529758,801913,1724140,3448280,16283.585
7400,196820,335015,475015,1006850,196820,335015,475015,1006850,2013700,0
2739,359146,463487,59374,882007,359146,463487,59374,882007,1764014,3982.0322
2738,21859,30648,1013,53520,21859,30648,1013,53520,107040,0
2740,36745,21872,4464,63081,36745,21872,4464,63081,126162,28.0896
991,8831,9766,8000,26597,8831,9766,8000,26597,53194,0
2732,18367,12915,246515,277797,18367,12915,246515,277797,555594,0
5625,67333,124540,75524,267397,67333,124540,75524,267397,534794,0
2450,8593,9320,0,17913,8593,9320,0,17913,35826,0
8750,2720,5583,23,8326,2720,5583,23,8326,16652,0
9760,52636,84226,94440,231302,52636,84226,94440,231302,462604,0
1176,48637,50869,89527,189033,48637,50869,89527,189033,378066,0
4574,9876,5676,32962,48514,9876,5676,32962,48514,97028,0
9716,65111,120862,119392,305365,65111,120862,119392,305365,610730,0
7503,2729,1076,2928,6733,2729,1076,2928,6733,13466,0
6204,2272,350,347,2969,2272,350,347,2969,5938,0
1360,68925,206394,256117,531436,68925,206394,256117,531436,1062872,96701.3677
1141,10995,10447,422,21864,10995,10447,422,21864,43728,0
1018,12181,11138,46,23365,12181,11138,46,23365,46730,0
2123,157302,366176,182092,705570,157302,366176,182092,705570,1411140,0
1282,22129,12930,10618,45677,22129,12930,10618,45677,91354,0
3501,7304,99710,10382,117396,7304,99710,10382,117396,234792,0
2435,1564,922,172,2658,1564,922,172,2658,5316,0
5253,96513,306864,197853,601230,96513,306864,197853,601230,1202460,0
9668,5099,6427,9357,20883,5099,6427,9357,20883,41766,0
2599,331162,493171,608825,1433158,331162,493171,608825,1433158,2866316,456664.3246
8536,12711,14669,10218,37598,12711,14669,10218,37598,75196,0
5626,48957,50000,67684,166641,48957,50000,67684,166641,333282,0
1993,4698,335,1053,6086,4698,335,1053,6086,12172,0
2195,121666,249374,117238,488278,121666,249374,117238,488278,976556,779.9159
2239,78729,110011,132694,321434,78729,110011,132694,321434,642868,0
5130,35286,77774,97641,210701,35286,77774,97641,210701,421402,0
4304,21078,9491,165,30734,21078,9491,165,30734,61468,0
5254,13318,19683,18178,51179,13318,19683,18178,51179,102358,0
6216,39669,56441,7574,103684,39669,56441,7574,103684,207368,0
5894,23492,23385,31950,78827,23492,23385,31950,78827,157654,0
6237,10549,8627,11458,30634,10549,8627,11458,30634,61268,0
3018,29536,37072,59036,125644,29536,37072,59036,125644,251288,84921.0513
5876,318296,812146,213638,1344080,318296,812146,213638,1344080,2688160,74434.5053
1112,107205,194543,251419,553167,107205,194543,251419,553167,1106334,0
1381,3090,4173,14245,21508,3090,4173,14245,21508,43016,0
6027,70428,57378,331257,459063,70428,57378,331257,459063,918126,0
9968,4337,7338,17764,29439,4337,7338,17764,29439,58878,0
5403,10446,21256,19230,50932,10446,21256,19230,50932,101864,0
5693,437372,361454,394223,1193049,437372,361454,394223,1193049,2386098,0
8346,379881,317498,335450,1032829,379881,317498,335450,1032829,2065658,39414.1803
8345,420988,596675,479007,1496670,420988,596675,479007,1496670,2993340,73586.2834
3341,100807,108750,52533,262090,100807,108750,52533,262090,524180,3651.5274
5530,15438,2243,4242,21923,15438,2243,4242,21923,43846,0
6801,54683,106420,240755,401858,54683,106420,240755,401858,803716,0
2053,10885,19550,6246,36681,10885,19550,6246,36681,73362,0
2944,31552,45195,68241,144988,31552,45195,68241,144988,289976,0
5500,28680,61365,46850,136895,28680,61365,46850,136895,273790,0
8496,57988,37040,62643,157671,57988,37040,62643,157671,315342,0
7565,4175,3394,1861,9430,4175,3394,1861,9430,18860,0
7259,1307,2286,722,4315,1307,2286,722,4315,8630,0
9938,16308,27784,16756,60848,16308,27784,16756,60848,121696,0
7200,20309,21518,11324,53151,20309,21518,11324,53151,106302,0
5875,43111,57745,40469,141325,43111,57745,40469,141325,282650,0
2045,491,23,0,514,491,23,0,514,1028,0
2779,23603,39273,42627,105503,23603,39273,42627,105503,211006,0
9251,42,5,22,69,42,5,22,69,138,0
5552,287725,233625,441749,963099,287725,233625,441749,963099,1926198,0
6872,411806,386409,611065,1409280,411806,386409,611065,1409280,2818560,0
1560,5565,4253,4653,14471,5565,4253,4653,14471,28942,0
9889,59688,47336,32447,139471,59688,47336,32447,139471,278942,0
8823,1969,971,0,2940,1969,971,0,2940,5880,0
3809,269281,270661,230395,770337,269281,270661,230395,770337,1540674,47839.8501
9789,73746,128829,113324,315899,73746,128829,113324,315899,631798,0
3449,45354,95772,15020,156146,45354,95772,15020,156146,312292,0
8049,77043,109900,32632,219575,77043,109900,32632,219575,439150,126.0998
2554,10560,2180,3012,15752,10560,2180,3012,15752,31504,0
6464,450,136,0,586,450,136,0,586,1172,0
8514,63105,95112,49830,208047,63105,95112,49830,208047,416094,0
5268,1300276,4965718,2400669,8666663,1300276,4965718,2400669,8666663,17333326,1866958.437
6810,108095,141181,239879,489155,108095,141181,239879,489155,978310,0
2603,7986,17488,13800,39274,7986,17488,13800,39274,78548,0
3230,392766,626021,236721,1255508,392766,626021,236721,1255508,2511016,695181.596499996
3231,1480996,2790357,1084379,5355732,1480996,2790357,1084379,5355732,10711464,1477458.2629
4012,5077,580,1807,7464,5077,580,1807,7464,14928,0
7932,211,5,154,370,211,5,154,370,740,0
4187,11800,2550,3262,17612,11800,2550,3262,17612,35224,0
5081,146526,192722,301868,641116,146526,192722,301868,641116,1282232,0
2240,85789,113647,111764,311200,85789,113647,111764,311200,622400,0
2892,17518,28218,26021,71757,17518,28218,26021,71757,143514,0
5006,41836,200249,89364,331449,41836,200249,89364,331449,662898,0
5886,91110,200650,255320,547080,91110,200650,255320,547080,1094160,278492.7856
8429,11869,10940,8178,30987,11869,10940,8178,30987,61974,0
5404,459179,806261,850033,2115473,459179,806261,850033,2115473,4230946,0
2190,140705,130767,51115,322587,140705,130767,51115,322587,645174,0
2191,64105,55641,29356,149102,64105,55641,29356,149102,298204,0
2697,40459,37141,68277,145877,40459,37141,68277,145877,291754,0
5096,47903,36459,184066,268428,47903,36459,184066,268428,536856,0
5064,915882,1519513,1723333,4158728,915882,1519513,1723333,4158728,8317456,1032525.3884
4715,98697,52424,158819,309940,98697,52424,158819,309940,619880,0
1437,235448,449140,670356,1354944,235448,449140,670356,1354944,2709888,0
1438,147476,176943,199859,524278,147476,176943,199859,524278,1048556,0
6074,33222,27203,59967,120392,33222,27203,59967,120392,240784,0
5687,133030,100334,264207,497571,133030,100334,264207,497571,995142,61230.6265
4175,460,82,240,782,460,82,240,782,1564,0
8050,205,147,330,682,205,147,330,682,1364,0
8618,2081,681,0,2762,2081,681,0,2762,5524,0
8051,45717,110962,45857,202536,45717,110962,45857,202536,405072,6734.3725
9023,10272,7785,3581,21638,10272,7785,3581,21638,43276,0
6812,256210,333236,300718,890164,256210,333236,300718,890164,1780328,307757.8419
6958,83133,162357,249585,495075,83133,162357,249585,495075,990150,0
7289,17287,22558,12522,52367,17287,22558,12522,52367,104734,560.7871
7006,2357,3219,512,6088,2357,3219,512,6088,12176,0
8807,40873,24146,17970,82989,40873,24146,17970,82989,165978,0
3623,166720,143737,154522,464979,166720,143737,154522,464979,929958,0
5702,5259,10805,2411,18475,5259,10805,2411,18475,36950,0
2222,22119,37968,15229,75316,22119,37968,15229,75316,150632,0
7290,20,46,1,67,20,46,1,67,134,0
2422,21366,1793,1056,24215,21366,1793,1056,24215,48430,0
4182,1367,436,1045,2848,1367,436,1045,2848,5696,0
7501,59342,29014,63590,151946,59342,29014,63590,151946,303892,0
3502,10,2161,0,2171,10,2161,0,2171,4342,0
4317,2742,1380,0,4122,2742,1380,0,4122,8244,0
1865,13403,7058,8397,28858,13403,7058,8397,28858,57716,0
7085,5894,8117,16782,30793,5894,8117,16782,30793,61586,0
5483,117757,333588,493686,945031,117757,333588,493686,945031,1890062,0
8500,167470,128712,52746,348928,167470,128712,52746,348928,697856,0
8565,91638,71541,80563,243742,91638,71541,80563,243742,487484,0
2945,26311,40712,35037,102060,26311,40712,35037,102060,204120,0
1975,3574,1982,2477,8033,3574,1982,2477,8033,16066,0
3176,153735,190836,304101,648672,153735,190836,304101,648672,1297344,0
6873,24506,37324,68816,130646,24506,37324,68816,130646,261292,0
2743,8202,1466,2618,12286,8202,1466,2618,12286,24572,0.0805
2550,40554,11318,12435,64307,40554,11318,12435,64307,128614,4.9419
2549,100219,64425,32008,196652,100219,64425,32008,196652,393304,4544.6956
9767,34283,62871,38219,135373,34283,62871,38219,135373,270746,0
9107,28817,55772,33582,118171,28817,55772,33582,118171,236342,0
2279,34009,53785,28982,116776,34009,53785,28982,116776,233552,0
2280,7561,8706,2931,19198,7561,8706,2931,19198,38396,0
5927,11617,12643,8118,32378,11617,12643,8118,32378,64756,0
6200,2066,1364,684,4114,2066,1364,684,4114,8228,0
1658,121661,207883,65896,395440,121661,207883,65896,395440,790880,7478.88010000001
7008,92879,159407,49473,301759,92879,159407,49473,301759,603518,379.7847
9791,22244,34987,26534,83765,22244,34987,26534,83765,167530,0
6913,136587,183691,175862,496140,136587,183691,175862,496140,992280,0
1395,248649,295323,185003,728975,248649,295323,185003,728975,1457950,0
1179,24055,35045,51717,110817,24055,35045,51717,110817,221634,0
5324,13422,21289,31820,66531,13422,21289,31820,66531,133062,0
2946,34209,108785,21373,164367,34209,108785,21373,164367,328734,0
5689,78837,51464,107409,237710,78837,51464,107409,237710,475420,0
4124,451,363,0,814,451,363,0,814,1628,0
3811,94348,9197,37522,141067,94348,9197,37522,141067,282134,0
2536,7895,855,1164,9914,7895,855,1164,9914,19828,0
3812,220677,20937,130314,371928,220677,20937,130314,371928,743856,0
4412,15270,11652,2049,28971,15270,11652,2049,28971,57942,0
992,13731,23873,18132,55736,13731,23873,18132,55736,111472,0
3680,30361,5044,13023,48428,30361,5044,13023,48428,96856,0
1439,192781,270822,418777,882380,192781,270822,418777,882380,1764760,0
3562,634,13788,2475,16897,634,13788,2475,16897,33794,0
3238,35462,44015,17343,96820,35462,44015,17343,96820,193640,0
5682,86919,95901,53359,236179,86919,95901,53359,236179,472358,0
3504,13614,94521,26382,134517,13614,94521,26382,134517,269034,0
7022,1134302,2667025,1675779,5477106,1134302,2667025,1675779,5477106,10954212,497403.092599999
6962,63617,111612,148145,323374,63617,111612,148145,323374,646748,0
9768,108376,147998,130802,387176,108376,147998,130802,387176,774352,103760.7876
1440,540195,868239,1151902,2560336,540195,868239,1151902,2560336,5120672,9300.5887
9878,23780,26121,18149,68050,23780,26121,18149,68050,136100,0
1659,2512531,4452921,4856469,11821921,2512531,4452921,4856469,11821921,23643842,0
1129,36775,68774,58226,163775,36775,68774,58226,163775,327550,0
1016,36815,57079,16251,110145,36815,57079,16251,110145,220290,0
5142,1843655,1557591,7219936,10621182,1843655,1557591,7219936,10621182,21242364,767109.814099999
1441,351325,601666,476623,1429614,351325,601666,476623,1429614,2859228,417723.1591
5164,98028.467265365,291315.993224552,127706.584452552,517051.044942469,98028.467265365,291315.993224552,127706.584452552,517051.044942469,1034102.08988494,19288.4573
5007,228118.532734635,677911.006775448,297181.415547448,1203210.95505753,228118.532734635,677911.006775448,297181.415547448,1203210.95505753,2406421.91011506,98439.3727
7292,3641,3958,3166,10765,3641,3958,3166,10765,21530,0
2186,42795,44453,23169,110417,42795,44453,23169,110417,220834,0
3542,12683,82990,31,95704,12683,82990,31,95704,191408,0
9112,10925,16835,3396,31156,10925,16835,3396,31156,62312,0
3815,272765,61117,261508,595390,272765,61117,261508,595390,1190780,0
3899,2543297,2254563,1574431,6372291,2543297,2254563,1574431,6372291,12744582,1852973.7116
3900,738556,90658,492570,1321784,738556,90658,492570,1321784,2643568,1019145.1747
9624,23570,43055,46782,113407,23570,43055,46782,113407,226814,0
9969,17630,29875,34800,82305,17630,29875,34800,82305,164610,0
9877,14062,24728,19728,58518,14062,24728,19728,58518,117036,0
1964,21081,12411,4732,38224,21081,12411,4732,38224,76448,0
2118,224683,650560,41271,916514,224683,650560,41271,916514,1833028,353009.934
6201,8651,5734,3787,18172,8651,5734,3787,18172,36344,0
9702,57721,71660,68642,198023,57721,71660,68642,198023,396046,0
4068,115354,64241,30302,209897,115354,64241,30302,209897,419794,13523.9682
9769,19911,26455,19861,66227,19911,26455,19861,66227,132454,0
2640,50893,31814,20579,103286,50893,31814,20579,103286,206572,9912.8213
9028,29081,21323,11556,61960,29081,21323,11556,61960,123920,0
9897,42041,78993,50043,171077,42041,78993,50043,171077,342154,0
1442,169992,284781,122273,577046,169992,284781,122273,577046,1154092,0
8621,2060,1276,113,3449,2060,1276,113,3449,6898,0
5405,195027,224323,295708,715058,195027,224323,295708,715058,1430116,0
5406,139318,182634,165265,487217,139318,182634,165265,487217,974434,0
9704,10381,23448,8569,42398,10381,23448,8569,42398,84796,9993.9083
9680,15942,26532,19226,61700,15942,26532,19226,61700,123400,0
3098,31470,25083,37507,94060,31470,25083,37507,94060,188120,0
5703,14109,93146,13478,120733,14109,93146,13478,120733,241466,68294.2106
8359,91519,97893,98010,287422,91519,97893,98010,287422,574844,8724.446
2919,20591,30988,22552,74131,20591,30988,22552,74131,148262,0
7914,2295,170,0,2465,2295,170,0,2465,4930,0
5351,113282,143168,307648,564098,113282,143168,307648,564098,1128196,0
5077,127979,141712,310686,580377,127979,141712,310686,580377,1160754,62234.7166
5047,216696,275290,709219,1201205,216696,275290,709219,1201205,2402410,33739.0123
3820,239066,54670,158087,451823,239066,54670,158087,451823,903646,0
9795,61918,114820,116518,293256,61918,114820,116518,293256,586512,1390.0508
8232,10408,13768,5941,30117,10408,13768,5941,30117,60234,0
3568,5,967,16,988,5,967,16,988,1976,0
2425,3178,298,429,3905,3178,298,429,3905,7810,0
6874,415005,612532,809220,1836757,415005,612532,809220,1836757,3673514,0
7447,445396,552574,269267,1267237,445396,552574,269267,1267237,2534474,0
539,168632,198307,44203,411142,168632,198307,44203,411142,822284,0
7469,231364,151530,384416,767310,231364,151530,384416,767310,1534620,0
5836,39091,40166,32760,112017,39091,40166,32760,112017,224034,0
2762,5703,15664,4316,25683,5703,15664,4316,25683,51366,0
5820,9,41,0,50,9,41,0,50,100,0
6664,76559,43074,56509,176142,76559,43074,56509,176142,352284,0
7051,2485,8807,9418,20710,2485,8807,9418,20710,41420,0
5097,8536,11865,15925,36326,8536,11865,15925,36326,72652,0
5143,2284639,4167401,8047036,14499076,2284639,4167401,8047036,14499076,28998152,827295.4266
9911,247985,369636,401856,1019477,247985,369636,401856,1019477,2038954,0
3004,41297,68826,53636,163759,41297,68826,53636,163759,327518,0
5144,158300,232129,451361,841790,158300,232129,451361,841790,1683580,396083.4226
5008,10124,13142,7824,31090,10124,13142,7824,31090,62180,0
2947,5847,2876,15287,24010,5847,2876,15287,24010,48020,0
9707,8475,14991,19483,42949,8475,14991,19483,42949,85898,0
5199,252291,445912,685743,1383946,252291,445912,685743,1383946,2767892,6366.4206
7792,966,79,242,1287,966,79,242,1287,2574,0
2870,111601,128621,152365,392587,111601,128621,152365,392587,785174,7530.1026
5352,150718,170724,241768,563210,150718,170724,241768,563210,1126420,0
1372,9108,10890,19106,39104,9108,10890,19106,39104,78208,0
2764,7583,7219,3568,18370,7583,7219,3568,18370,36740,0
6836,771833,944599,2527641,4244073,771833,944599,2527641,4244073,8488146,59935.5324
5098,91449,47304,333330,472083,91449,47304,333330,472083,944166,0
4731,305297,661984,121955,1089236,305297,661984,121955,1089236,2178472,176679.471099999
3774,55754,43511,24106,123371,55754,43511,24106,123371,246742,0
2573,14114,2623,3508,20245,14114,2623,3508,20245,40490,0
5553,97016,60820,179373,337209,97016,60820,179373,337209,674418,0
6814,321228,439208,363195,1123631,321228,439208,363195,1123631,2247262,284128.1475
5582,69276,80135,131254,280665,69276,80135,131254,280665,561330,0
5554,70268,62289,83392,215949,70268,62289,83392,215949,431898,0
2412,647853,1392877,269385,2310115,647853,1392877,269385,2310115,4620230,963799.944399998
1130,79546,125842,235587,440975,79546,125842,235587,440975,881950,0
6615,229303,489327,147086,865716,229303,489327,147086,865716,1731432,190004.9462
7736,56751,16922,37990,111663,56751,16922,37990,111663,223326,0
5200,9741,15606,37013,62360,9741,15606,37013,62360,124720,0
5840,371,576,26,973,371,576,26,973,1946,0
5255,323596,712174,579907,1615677,323596,712174,579907,1615677,3231354,30861.6554
5009,3416,8739,7005,19160,3416,8739,7005,19160,38320,0
5296,4107,4113,5029,13249,4107,4113,5029,13249,26498,0
6914,242084,360740,356250,959074,242084,360740,356250,959074,1918148,0
2823,19266,14997,21776,56039,19266,14997,21776,56039,112078,1814.7342
3267,183996,457102,266863,907961,183996,457102,266863,907961,1815922,30499.3237
5353,24706,28630,36219,89555,24706,28630,36219,89555,179110,0
4449,20708,11844,1670,34222,20708,11844,1670,34222,68444,0
5099,159913,146177,296290,602380,159913,146177,296290,602380,1204760,0
5583,156274,178710,226109,561093,156274,178710,226109,561093,1122186,0
3031,22102,60993,54455,137550,22102,60993,54455,137550,275100,0
2745,139092,84611,101470,325173,139092,84611,101470,325173,650346,0
546,108712,127020,33056,268788,108712,127020,33056,268788,537576,0
5879,74040,118629,56339,249008,74040,118629,56339,249008,498016,0
5319,14542,34966,41477,90985,14542,34966,41477,90985,181970,0
2556,13439,2159,4615,20213,13439,2159,4615,20213,40426,0
8233,22476,1678,11523,35677,22476,1678,11523,35677,71354,771.415
4365,32270,15597,16007,63874,32270,15597,16007,63874,127748,0
3785,607,375,0,982,607,375,0,982,1964,0
5121,778840,575604,1815684,3170128,778840,575604,1815684,3170128,6340256,11884.5258
6850,61812,192804,147638,402254,61812,192804,147638,402254,804508,0
5555,30825,27122,53251,111198,30825,27122,53251,111198,222396,0
2653,2620,660,47,3327,2620,660,47,3327,6654,0
5301,244063,308470,597311,1149844,244063,308470,597311,1149844,2299688,0
5595,3430940,5086741,7623429,16141110,3430940,5086741,7623429,16141110,32282220,30449390.4562998
6926,162519,279448,357400,799367,162519,279448,357400,799367,1598734,0
4069,3330,1645,94,5069,3330,1645,94,5069,10138,0
9792,73388,104036,99220,276644,73388,104036,99220,276644,553288,0
4593,529,738,31,1298,529,738,31,1298,2596,0
5556,77424,76381,193700,347505,77424,76381,193700,347505,695010,0
6274,35346,93201,1375,129922,35346,93201,1375,129922,259844,0
9718,12930,23035,10202,46167,12930,23035,10202,46167,92334,0
2795,50,8,0,58,50,8,0,58,116,0
3202,177241,39356,119596,336193,177241,39356,119596,336193,672386,0
2574,61503,32956,25597,120056,61503,32956,25597,120056,240112,0
5048,144233,135536,297328,577097,144233,135536,297328,577097,1154194,0.0218
4070,7535,4529,0,12064,7535,4529,0,12064,24128,0
9855,50691,84864,55876,191431,50691,84864,55876,191431,382862,0
9747,10879,12761,3754,27394,10879,12761,3754,27394,54788,0
9752,78558,133001,118902,330461,78558,133001,118902,330461,660922,0
9762,41592,51447,75391,168430,41592,51447,75391,168430,336860,0
5557,94952,95904,120768,311624,94952,95904,120768,311624,623248,0
4616,14553,20347,23618,58518,14553,20347,23618,58518,117036,0
3828,93454,13050,51760,158264,93454,13050,51760,158264,316528,0
6861,289124.641349187,767048.727068673,1174250.69631157,2230424.06472943,289124.641349187,767048.727068673,1174250.69631157,2230424.06472943,4460848.12945886,508316.956600001
6853,50063.3586508129,132818.272931327,203327.303688425,386208.935270565,50063.3586508129,132818.272931327,203327.303688425,386208.935270565,772417.87054113,1047.8802
9882,79975,10179,43173,133327,79975,10179,43173,133327,266654,0
6349,27562,2636,10165,40363,27562,2636,10165,40363,80726,0
5457,24157,36032,51670,111859,24157,36032,51670,111859,223718,0
2562,31741,8921,7811,48473,31741,8921,7811,48473,96946,0
4876,9850,13349,10122,33321,9850,13349,10122,33321,66642,0.0395
2451,61065,68975,13196,143236,61065,68975,13196,143236,286472,4224.3497
3005,591,77,62,730,591,77,62,730,1460,0
7515,1727,21,868,2616,1727,21,868,2616,5232,0
1227,47770,74949,33926,156645,47770,74949,33926,156645,313290,0
6488,18787,14805,14286,47878,18787,14805,14286,47878,95756,0
8708,1684,1607,5,3296,1684,1607,5,3296,6592,0
6393,4689,2341,608,7638,4689,2341,608,7638,15276,0
8470,33239,12385,38559,84183,33239,12385,38559,84183,168366,0
3624,195059,180643,154880,530582,195059,180643,154880,530582,1061164,0
2486,10253,8961,3954,23168,10253,8961,3954,23168,46336,0
5458,9112,34833,17389,61334,9112,34833,17389,61334,122668,0
3019,24219,33662,51032,108913,24219,33662,51032,108913,217826,0
5336,4189,2977,15521,22687,4189,2977,15521,22687,45374,0
3570,0,24,0,24,0,24,0,24,48,0
5821,387,5166,599,6152,387,5166,599,6152,12304,0
7504,10143,12996,3199,26338,10143,12996,3199,26338,52676,0
1847,26465,78938,33696,139099,26465,78938,33696,139099,278198,1027.736
9627,34517,52767,45793,133077,34517,52767,45793,133077,266154,0
2049,11914,873,9003,21790,11914,873,9003,21790,43580,0
8824,666,715,0,1381,666,715,0,1381,2762,0
8825,3750,1828,0,5578,3750,1828,0,5578,11156,0
3905,67268,6567,51290,125125,67268,6567,51290,125125,250250,0
1143,35222,78599,113224,227045,35222,78599,113224,227045,454090,0
4617,11326,24379,5060,40765,11326,24379,5060,40765,81530,0
5896,175215,208738,100020,483973,175215,208738,100020,483973,967946,0
8056,24939,42326,42134,109399,24939,42326,42134,109399,218798,0
8505,17415,10491,16499,44405,17415,10491,16499,44405,88810,0
5408,187949,250276,370148,808373,187949,250276,370148,808373,1616746,0
5382,31078,49103,52615,132796,31078,49103,52615,132796,265592,0
1030,816447,1685711,958558,3460716,816447,1685711,958558,3460716,6921432,400589.043300001
7416,2251,3602,129,5982,2251,3602,129,5982,11964,0
5409,3757,6521,15255,25533,3757,6521,15255,25533,51066,0
9185,29036,48239,13528,90803,29036,48239,13528,90803,181606,0
4639,74615,144299,167415,386329,74615,144299,167415,386329,772658,0
9970,17536,27808,31034,76378,17536,27808,31034,76378,152756,0
7579,24361,7531,14266,46158,24361,7531,14266,46158,92316,0
9850,2878,6058,1266,10202,2878,6058,1266,10202,20404,0
3634,27257,15027,12455,54739,27257,15027,12455,54739,109478,3907.1268
5484,206865,414253,369930,991048,206865,414253,369930,991048,1982096,4296.4889
5100,175857,178928,450340,805125,175857,178928,450340,805125,1610250,0
5754,3365,20787,3404,27556,3365,20787,3404,27556,55112,0
6837,2428,2461,10107,14996,2428,2461,10107,14996,29992,0
2225,55671,73192,109455,238318,55671,73192,109455,238318,476636,0
1874,9067,9499,1817,20383,9067,9499,1817,20383,40766,0
1243,461079,747693,212926,1421698,461079,747693,212926,1421698,2843396,1367757.1605
5832,10831,58138,8879,77848,10831,58138,8879,77848,155696,0
6007,15239,30054,14906,60199,15239,30054,14906,60199,120398,0
8826,4337,4026,0,8363,4337,4026,0,8363,16726,1466.0972
4312,8222,4422,1702,14346,8222,4422,1702,14346,28692,0
1519,113748,176969,237875,528592,113748,176969,237875,528592,1057184,0
9778,16433,53959,39377,109769,16433,53959,39377,109769,219538,0
5078,106614,121325,143448,371387,106614,121325,143448,371387,742774,0
7295,24893,60114,11043,96050,24893,60114,11043,96050,192100,0
1822,6912,12028,2375,21315,6912,12028,2375,21315,42630,0
9628,24922,38178,24311,87411,24922,38178,24311,87411,174822,0
8473,96255,64853,90242,251350,96255,64853,90242,251350,502700,0
8554,86248,58512,117663,262423,86248,58512,117663,262423,524846,0
9814,30017,77465,54722,162204,30017,77465,54722,162204,324408,0
9902,34021,2589,22761,59371,34021,2589,22761,59371,118742,0
9796,69725,163382,104237,337344,69725,163382,104237,337344,674688,0
2313,8228,11298,3635,23161,8228,11298,3635,23161,46322,0
7406,98330,141094,173207,412631,98330,141094,173207,412631,825262,0
5325,32532,44565,117284,194381,32532,44565,117284,194381,388762,0
5233,3943,7471,10892,22306,3943,7471,10892,22306,44612,0
6524,3275,8538,2362,14175,3275,8538,2362,14175,28350,0
5628,41776,54961,59478,156215,41776,54961,59478,156215,312430,0
9943,148735,307814,194695,651244,148735,307814,194695,651244,1302488,0
5356,392296,618380,802536,1813212,392296,618380,802536,1813212,3626424,498605.506999999
2305,14068,18396,5811,38275,14068,18396,5811,38275,76550,0
6008,80513,91798,201202,373513,80513,91798,201202,373513,747026,0
3107,8774,5346,15859,29979,8774,5346,15859,29979,59958,0
8625,158,58,0,216,158,58,0,216,432,0
9721,34280,46847,21834,102961,34280,46847,21834,102961,205922,3838.0719
9121,37002,55086,13736,105824,37002,55086,13736,105824,211648,0
9218,15180,9603,8727,33510,15180,9603,8727,33510,67020,0
5201,7469,6927,6008,20404,7469,6927,6008,20404,40808,0
3981,9726,1800,777,12303,9726,1800,777,12303,24606,0
3738,110587,29696,47524,187807,110587,29696,47524,187807,375614,0
4147,370,182,0,552,370,182,0,552,1104,0
7440,54738,53420,50885,159043,54738,53420,50885,159043,318086,0
2777,29913,48868,89489,168270,29913,48868,89489,168270,336540,0
9135,51628,60262,58596,170486,51628,60262,58596,170486,340972,0
8711,1874,1053,474,3401,1874,1053,474,3401,6802,0
9790,34395,75647,31560,141602,34395,75647,31560,141602,283204,0
9415,60726,85689,103331,249746,60726,85689,103331,249746,499492,0
9992,105332,151836,196351,453519,105332,151836,196351,453519,907038,65859.3057
9864,31036,51280,116375,198691,31036,51280,116375,198691,397382,0
9483,24976,44493,32679,102148,24976,44493,32679,102148,204296,0
2077,6336,1099,2696,10131,6336,1099,2696,10131,20262,0
1429,545996,1264442,1155253,2965691,545996,1264442,1155253,2965691,5931382,0
1443,552204,1113500,904116,2569820,552204,1113500,904116,2569820,5139640,0
1957,16963,11464,5101,33528,16963,11464,5101,33528,67056,0
8628,708,488,0,1196,708,488,0,1196,2392,0
7915,3012,310,220,3542,3012,310,220,3542,7084,0
3797,29781,2981,19377,52139,29781,2981,19377,52139,104278,0
4519,1388,1447,808,3643,1388,1447,808,3643,7286,0
7877,341561,647312,133376,1122249,341561,647312,133376,1122249,2244498,389546.3535
6729,3065,1230,1932,6227,3065,1230,1932,6227,12454,0
7211,5558,20618,1955,28131,5558,20618,1955,28131,56262,0
5101,340940,547568,836260,1724768,340940,547568,836260,1724768,3449536,690108.2738
8420,29808,37773,41514,109095,29808,37773,41514,109095,218190,0
2576,52606,36523,28432,117561,52606,36523,28432,117561,235122,0
5668,58048,59240,60769,178057,58048,59240,60769,178057,356114,0
2770,33295,39904,69334,142533,33295,39904,69334,142533,285066,0
3408,26401,177331,59636,263368,26401,177331,59636,263368,526736,0
3409,3482,75865,3777,83124,3482,75865,3777,83124,166248,0
5011,37371,122362,93551,253284,37371,122362,93551,253284,506568,0
5942,3615,5951,3209,12775,3615,5951,3209,12775,25550,0
2963,40500.8256545452,101100.033076809,53621.4897583584,195222.348489712,40500.8256545452,101100.033076809,53621.4897583584,195222.348489712,390444.696979424,0
5412,46877.7715951086,82160.9773758375,80681.9489829643,209720.69795391,46877.7715951086,82160.9773758375,80681.9489829643,209720.69795391,419441.39590782,212494.0702
2480,3283,1688,560,5531,3283,1688,560,5531,11062,0
8441,12785,9938,25101,47824,12785,9938,25101,47824,95648,0
2306,5446,15089,999,21534,5446,15089,999,21534,43068,0
8432,36256,35242,30204,101702,36256,35242,30204,101702,203404,0
3052,34831,38239,84440,157510,34831,38239,84440,157510,315020,0
3060,2700,1783,6053,10536,2700,1783,6053,10536,21072,0
5421,899062,1058140,1543228,3500430,899062,1058140,1543228,3500430,7000860,431168.841700001
2103,3542,700,0,4242,3542,700,0,4242,8484,0
2855,26,11,0,37,26,11,0,37,74,0
5145,106642,162891,386664,656197,106642,162891,386664,656197,1312394,0
1823,560503,1032245,290703,1883451,560503,1032245,290703,1883451,3766902,780984.883500001
7212,8845,9112,3529,21486,8845,9112,3529,21486,42972,0
3579,3192,5222,11457,19871,3192,5222,11457,19871,39742,0
8326,238772,356712,252970,848454,238772,356712,252970,848454,1696908,0
3030,303521,663602,761217,1728340,303521,663602,761217,1728340,3456680,494465.757500001
5753,43656,106715,130223,280594,43656,106715,130223,280594,561188,0
5502,3117,2154,2976,8247,3117,2154,2976,8247,16494,0
3901,18579,2490,4159,25228,18579,2490,4159,25228,50456,0
3830,31344,4764,15445,51553,31344,4764,15445,51553,103106,0
3861,30418,3457,11849,45724,30418,3457,11849,45724,91448,0
8632,26727,11499,3028,41254,26727,11499,3028,41254,82508,445.1536
7897,17321,3769,6219,27309,17321,3769,6219,27309,54618,0
2893,14985,23492,35347,73824,14985,23492,35347,73824,147648,0
2765,17168,30345,45942,93455,17168,30345,45942,93455,186910,0
7348,60266,171506,105746,337518,60266,171506,105746,337518,675036,0
3588,251,1270,559,2080,251,1270,559,2080,4160,0
6781,10294,7978,5700,23972,10294,7978,5700,23972,47944,0
4188,466,250,0,716,466,250,0,716,1432,0
5036,229,22,2997,3248,229,22,2997,3248,6496,0
2538,237,101,399,737,237,101,399,737,1474,0
2452,907,704,50,1661,907,704,50,1661,3322,0
6417,647094,906271,322536,1875901,647094,906271,322536,1875901,3751802,1374116.51380001
5961,62410.2338240167,156962.402754769,21134.7123112605,240507.348890046,62410.2338240167,156962.402754769,21134.7123112605,240507.348890046,481014.697780092,450.7364
5962,17399.7661759833,43760.5972452312,5892.28768873953,67052.6511099541,17399.7661759833,43760.5972452312,5892.28768873953,67052.6511099541,134105.302219908,49.9039
6690,37364,25124,15439,77927,37364,25124,15439,77927,155854,0
5357,136489.990926299,239221.078027822,234914.717783854,610625.786737974,136489.990926299,239221.078027822,234914.717783854,610625.786737974,1221251.57347595,136804.1046
5297,6580.23747859268,11532.9445963405,11325.3332331821,29438.5153081153,6580.23747859268,11532.9445963405,11325.3332331821,29438.5153081153,58877.0306162306,1070.1975
5413,12332,14479,35777,62588,12332,14479,35777,62588,125176,0
4525,64622,150057,135454,350133,64622,150057,135454,350133,700266,0
2766,837,1541,0,2378,837,1541,0,2378,4756,0
5033,93496,235672,112529,441697,93496,235672,112529,441697,883394,55963.1579999999
6901,12373,28955,45174,86502,12373,28955,45174,86502,173004,0
4436,1433,432,5,1870,1433,432,5,1870,3740,7747.9737
7055,55468,121769,72984,250221,55468,121769,72984,250221,500442,0
3099,28794,19144,28635,76573,28794,19144,28635,76573,153146,0
6000,117822,78983,148570,345375,117822,78983,148570,345375,690750,0
9317,29266,31113,21698,82077,29266,31113,21698,82077,164154,0
8057,30057,57022,35057,122136,30057,57022,35057,122136,244272,0
1994,3796,409,1451,5656,3796,409,1451,5656,11312,0
4878,130344,57875,92735,280954,130344,57875,92735,280954,561908,71751.7969
6616,47784,30483,21667,99934,47784,30483,21667,99934,199868,0
9994,46517,88827,57366,192710,46517,88827,57366,192710,385420,0
9967,7482,15277,11460,34219,7482,15277,11460,34219,68438,0
9757,48332,73058,80383,201773,48332,73058,80383,201773,403546,0
9993,33612,60520,32788,126920,33612,60520,32788,126920,253840,0
1040,24507,16153,68145,108805,24507,16153,68145,108805,217610,0
1212,38661,72121,118226,229008,38661,72121,118226,229008,458016,0
1691,12434,11798,6413,30645,12434,11798,6413,30645,61290,0
8681,469,63,0,532,469,63,0,532,1064,0
9906,19160,35857,13639,68656,19160,35857,13639,68656,137312,0
7027,4360,3304,15242,22906,4360,3304,15242,22906,45812,0
9866,79068,140872,155727,375667,79068,140872,155727,375667,751334,111796.3229
9868,48871,88979,77803,215653,48871,88979,77803,215653,431306,0
9622,16783,45584,19655,82022,16783,45584,19655,82022,164044,0
9490,22490,153931,4307,180728,22490,153931,4307,180728,361456,80.4947
5034,2244,3737,3876,9857,2244,3737,3876,9857,19714,0
9397,14478,126496,85450,226424,14478,126496,85450,226424,452848,0
8713,76047,139335,54324,269706,76047,139335,54324,269706,539412,0
5944,4672,5943,4281,14896,4672,5943,4281,14896,29792,0
8682,215,32,0,247,215,32,0,247,494,0
9039,309481,542044,93542,945067,309481,542044,93542,945067,1890134,69568.0778
9186,100186,149251,114069,363506,100186,149251,114069,363506,727012,0
9187,37890,47424,39955,125269,37890,47424,39955,125269,250538,0
8763,6916,8520,575,16011,6916,8520,575,16011,32022,0
9492,12685,23788,11276,47749,12685,23788,11276,47749,95498,0
8642,286,105,0,391,286,105,0,391,782,0
7744,2721,223,640,3584,2721,223,640,3584,7168,0
5102,11137,37254,64132,112523,11137,37254,64132,112523,225046,0
7745,161603,965817,170088,1297508,161603,965817,170088,1297508,2595016,8690.6257
5282,66471,138714,127464,332649,66471,138714,127464,332649,665298,0
8905,204043,57564,70591,332198,204043,57564,70591,332198,664396,0
4455,5707,2603,624,8934,5707,2603,624,8934,17868,0
7916,36056,53501,11521,101078,36056,53501,11521,101078,202156,0
3190,747486,1136773,1406328,3290587,747486,1136773,1406328,3290587,6581174,47051.1752
2292,63011,127573,79167,269751,63011,127573,79167,269751,539502,89526.2383
5694,95307,106962,120481,322750,95307,106962,120481,322750,645500,0
5584,731246,904855,1949092,3585193,731246,904855,1949092,3585193,7170386,0
5414,38292,39166,156720,234178,38292,39166,156720,234178,468356,0
4520,3188,12527,2096,17811,3188,12527,2096,17811,35622,0
5355,2612294,4332799,5185878,12130971,2612294,4332799,5185878,12130971,24261942,7054987.29720005
2949,39775,43316,50683,133774,39775,43316,50683,133774,267548,0
5358,194688,252200,407964,854852,194688,252200,407964,854852,1709704,0
5234,4385,4429,6988,15802,4385,4429,6988,15802,31604,0
8472,39149,30123,50035,119307,39149,30123,50035,119307,238614,0
5486,130633,236709,396068,763410,130633,236709,396068,763410,1526820,0
9793,115761,186739,265990,568490,115761,186739,265990,568490,1136980,0
5134,7446,11828,31645,50919,7446,11828,31645,50919,101838,0
1901,35523,102210,15471,153204,35523,102210,15471,153204,306408,25346.0151
7471,62621,49740,67407,179768,62621,49740,67407,179768,359536,0
5283,34295,52229,127637,214161,34295,52229,127637,214161,428322,0
5448,179742,936144,761139,1877025,179742,936144,761139,1877025,3754050,9041.6088
3795,50829,6158,31266,88253,50829,6158,31266,88253,176506,0
9894,50887,67508,77910,196305,50887,67508,77910,196305,392610,0
2128,75595,51215,37216,164026,75595,51215,37216,164026,328052,0
5899,218937,299009,320993,838939,218937,299009,320993,838939,1677878,191195.2143
8114,304,162,175,641,304,162,175,641,1282,0
5566,223704,361470,251669,836843,223704,361470,251669,836843,1673686,55099.7079000001
9915,34912,6558,9347,50817,34912,6558,9347,50817,101634,0
3628,56938,8570,18313,83821,56938,8570,18313,83821,167642,0
2950,26087,30249,24313,80649,26087,30249,24313,80649,161298,0
7370,176,69,167,412,176,69,167,412,824,0
2227,15180,32792,11830,59802,15180,32792,11830,59802,119604,0
2824,12739,26454,509,39702,12739,26454,509,39702,79404,0
5056,90018,84241,127944,302203,90018,84241,127944,302203,604406,0
5473,19089.0151168117,36943.7425561154,77080.0458085204,133112.803481448,19089.0151168117,36943.7425561154,77080.0458085204,133112.803481448,266225.606962896,72122.4938
5359,20038.9848831883,38782.2574438846,80915.9541914796,139737.196518552,20038.9848831883,38782.2574438846,80915.9541914796,139737.196518552,279474.393037104,40568.5455
2169,33559,20993,30900,85452,33559,20993,30900,85452,170904,13099.9098
9328,2553089,6355571,1953320,10861980,2553089,6355571,1953320,10861980,21723960,1326789.3615
9395,186510,118732,139488,444730,186510,118732,139488,444730,889460,0
6941,345292,622394,752783,1720469,345292,622394,752783,1720469,3440938,22660.2233
5642,47386,43402,71109,161897,47386,43402,71109,161897,323794,20608.6795
5822,730,10137,4093,14960,730,10137,4093,14960,29920,0
5669,346310,407490,296775,1050575,346310,407490,296775,1050575,2101150,0
7918,1732,70,5060,6862,1732,70,5060,6862,13724,0
5246,477547,429621,736348,1643516,477547,429621,736348,1643516,3287032,298866.8102
8977,56943,99355,15528,171826,56943,99355,15528,171826,343652,0
2121,78071,78438,38798,195307,78071,78438,38798,195307,390614,1375.9436
5049,130782,126726,327109,584617,130782,126726,327109,584617,1169234,0
5135,150254,123415,337150,610819,150254,123415,337150,610819,1221638,0
7349,13862,12164,9723,35749,13862,12164,9723,35749,71498,0
6667,31159,24212,28443,83814,31159,24212,28443,83814,167628,0
6832,22009,20748,57287,100044,22009,20748,57287,100044,200088,0
1542,427854,569609,693502,1690965,427854,569609,693502,1690965,3381930,0
5103,326061,362408,530740,1219209,326061,362408,530740,1219209,2438418,0
6238,30,26,92,148,30,26,92,148,296,0
7068,206546,409109,450254,1065909,206546,409109,450254,1065909,2131818,385499.937
7473,49043,28112,52590,129745,49043,28112,52590,129745,259490,0
5257,48029,80016,64200,192245,48029,80016,64200,192245,384490,4837.3143
375,18033,1255,17815,37103,18033,1255,17815,37103,74206,0
6010,197074,219175,319863,736112,197074,219175,319863,736112,1472224,11341.4862
6815,160051,233043,296019,689113,160051,233043,296019,689113,1378226,0
6959,240983,400758,411800,1053541,240983,400758,411800,1053541,2107082,478.8846
2747,1850,2859,589,5298,1850,2859,589,5298,10596,0
5360,564161,567113,960318,2091592,564161,567113,960318,2091592,4183184,224194.5762
5361,19514,14676,21783,55973,19514,14676,21783,55973,111946,0
1041,69030,112023,260969,442022,69030,112023,260969,442022,884044,0
5459,11145,14641,36802,62588,11145,14641,36802,62588,125176,0
5104,96384,116181,208349,420914,96384,116181,208349,420914,841828,0
5558,133352,134136,326109,593597,133352,134136,326109,593597,1187194,0
3776,16853,41415,5881,64149,16853,41415,5881,64149,128298,0
6004,122579,87950,147463,357992,122579,87950,147463,357992,715984,0
5217,17042,40300,64626,121968,17042,40300,64626,121968,243936,0
1444,3129914,12966513,4742508,20838935,3129914,12966513,4742508,20838935,41677870,3853607.0713
2080,19364,12469,4530,36363,19364,12469,4530,36363,72726,0
4740,29497,79275,18966,127738,29497,79275,18966,127738,255476,342.909
5415,94109,100368,113826,308303,94109,100368,113826,308303,616606,0
5586,210700,233461,279581,723742,210700,233461,279581,723742,1447484,0
5755,152661,789065,274777,1216503,152661,789065,274777,1216503,2433006,123077.2261
3410,153107,1019675,111770,1284552,153107,1019675,111770,1284552,2569104,987193.080700001
3414,13070,49989,46557,109616,13070,49989,46557,109616,219232,0
9914,169297,528938,173029,871264,169297,528938,173029,871264,1742528,0
5756,53443,334453,74160,462056,53443,334453,74160,462056,924112,0
5760,1648,7587,1965,11200,1648,7587,1965,11200,22400,0
5065,18914,20519,47772,87205,18914,20519,47772,87205,174410,0
4416,15131,6335,792,22258,15131,6335,792,22258,44516,0
2780,3089,3314,5874,12277,3089,3314,5874,12277,24554,0
9452,4784,11104,3735,19623,4784,11104,3735,19623,39246,0
3873,18125,1633,15697,35455,18125,1633,15697,35455,70910,0
5137,159071,152925,244081,556077,159071,152925,244081,556077,1112154,0
9930,93067.478911813,153225.870366989,97746.1213255432,344039.470604345,93067.478911813,153225.870366989,97746.1213255432,344039.470604345,688078.94120869,93294.3728
9931,117608.521088187,193630.129633011,123520.878674457,434759.529395655,117608.521088187,193630.129633011,123520.878674457,434759.529395655,869519.05879131,5347.9783
8726,229,138,0,367,229,138,0,367,734,0
5337,156356,416266,94428,667050,156356,416266,94428,667050,1334100,0
3508,3620,48931,5688,58239,3620,48931,5688,58239,116478,0
3591,8135,76515,17084,101734,8135,76515,17084,101734,203468,0
5900,273396,359086,261118,893600,273396,359086,261118,893600,1787200,178584.6307
5521,402754.019339482,454570.672121392,637822.542249331,1495147.23371021,402754.019339482,454570.672121392,637822.542249331,1495147.23371021,2990294.46742042,10669.5965
5688,87079.9806605177,98283.3278786076,137904.457750669,323267.766289795,87079.9806605177,98283.3278786076,137904.457750669,323267.766289795,646535.53257959,5706.6776
5643,106021,108680,217572,432273,106021,108680,217572,432273,864546,0
5545,223474,246801,358206,828481,223474,246801,358206,828481,1656962,648.9783
5105,15571,25594,60629,101794,15571,25594,60629,101794,203588,0
2811,1814,2650,2119,6583,1814,2650,2119,6583,13166,0
577,1662839,1453504,2976377,6092720,1662839,1453504,2976377,6092720,12185440,152491.4491
9245,8202,10621,3766,22589,8202,10621,3766,22589,45178,0
5167,106400,249101,378502,734003,106400,249101,378502,734003,1468006,111029.5442
5493,1470,636,4505,6611,1470,636,4505,6611,13222,0
2126,118660,219952,205792,544404,118660,219952,205792,544404,1088808,0
8637,1830,608,260,2698,1830,608,260,2698,5396,0
8544,16826,13507,2679,33012,16826,13507,2679,33012,66024,0
7214,27670,55917,13301,96888,27670,55917,13301,96888,193776,0
5559,616560,674962,904493,2196015,616560,674962,904493,2196015,4392030,0
7490,2531039,1835490,4655770,9022299,2531039,1835490,4655770,9022299,18044598,612922.439299999
5808,9381,20489,7277,37147,9381,20489,7277,37147,74294,0
1377,2657,5451,5600,13708,2657,5451,5600,13708,27416,0
3862,10305,1378,1445,13128,10305,1378,1445,13128,26256,0
8061,13119,3160,6315,22594,13119,3160,6315,22594,45188,0
4074,5430,2461,1913,9804,5430,2461,1913,9804,19608,0
4066,1008,408,5,1421,1008,408,5,1421,2842,0
8062,32659,22811,4283,59753,32659,22811,4283,59753,119506,0
3235,241998,87526,181251,510775,241998,87526,181251,510775,1021550,0
1445,212988,313056,573902,1099946,212988,313056,573902,1099946,2199892,0
6119,570571,957858,1299964,2828393,570571,957858,1299964,2828393,5656786,1744097.8832
3012,464,95,326,885,464,95,326,885,1770,0
5261,10942,12358,15623,38923,10942,12358,15623,38923,77846,0
5284,17692,29292,14878,61862,17692,29292,14878,61862,123724,0
6680,3812,6161,0,9973,3812,6161,0,9973,19946,0
4076,1461,9862,0,11323,1461,9862,0,11323,22646,12.9942
6351,6341,877,2933,10151,6341,877,2933,10151,20302,0
8583,54579,50923,40957,146459,54579,50923,40957,146459,292918,229.1105
4503,191850,196002,405091,792943,191850,196002,405091,792943,1585886,0
5522,203612,271323,473120,948055,203612,271323,473120,948055,1896110,11903.2166
2026,3330,1679,1057,6066,3330,1679,1057,6066,12132,0
2513,63654,51005,18479,133138,63654,51005,18479,133138,266276,0
1532,107557,244176,388133,739866,107557,244176,388133,739866,1479732,0
2935,15594,14249,21984,51827,15594,14249,21984,51827,103654,0
2786,21600,36871,40194,98665,21600,36871,40194,98665,197330,0
5035,73206,216841,207237,497284,73206,216841,207237,497284,994568,12191.9613
5027,38258,120573,116571,275402,38258,120573,116571,275402,550804,10518.4642
5258,14831,23704,18424,56959,14831,23704,18424,56959,113918,111524.398
6876,274343,563930,1085094,1923367,274343,563930,1085094,1923367,3846734,0
5362,576050,939903,1116231,2632184,576050,939903,1116231,2632184,5264368,0
2354,139158,355460,197996,692614,139158,355460,197996,692614,1385228,0
8638,21310,37982,6037,65329,21310,37982,6037,65329,130658,0
8639,515,243,0,758,515,243,0,758,1516,0
9675,17952,32561,17108,67621,17952,32561,17108,67621,135242,0
8827,21650,48250,4,69904,21650,48250,4,69904,139808,339.1492
1042,62356,113705,174194,350255,62356,113705,174194,350255,700510,0
2046,10414,359,935,11708,10414,359,935,11708,23416,0
7029,10107,15086,18925,44118,10107,15086,18925,44118,88236,0
5218,8979,14339,39904,63222,8979,14339,39904,63222,126444,0
5509,280802,449534,127603,857939,280802,449534,127603,857939,1715878,68617.0520999999
2355,80061,216076,92769,388906,80061,216076,92769,388906,777812,0
3344,9887,7638,4055,21580,9887,7638,4055,21580,43160,0
5683,45235,33046,29428,107709,45235,33046,29428,107709,215418,0
6854,15748,43176,42774,101698,15748,43176,42774,101698,203396,0
8556,85339,47786,55300,188425,85339,47786,55300,188425,376850,0
2284,47295,22517,17847,87659,47295,22517,17847,87659,175318,0
5707,30826,46914,9582,87322,30826,46914,9582,87322,174644,2.3425
5587,71942,64847,104180,240969,71942,64847,104180,240969,481938,0
2952,2684,5384,1479,9547,2684,5384,1479,9547,19094,0
3144,18119,17442,55777,91338,18119,17442,55777,91338,182676,0
6465,569,105,2,676,569,105,2,676,1352,29.3391
6424,43249,21997,11397,76643,43249,21997,11397,76643,153286,99.0437
9329,31116,67834,7930,106880,31116,67834,7930,106880,213760,0
9971,1353,1622,928,3903,1353,1622,928,3903,7806,0
8474,126708,95070,115639,337417,126708,95070,115639,337417,674834,0
2654,11108,1356,821,13285,11108,1356,821,13285,26570,0
9904,56963,85796,88855,231614,56963,85796,88855,231614,463228,0
9979,27066,55107,33174,115347,27066,55107,33174,115347,230694,0
2104,6040,1797,5,7842,6040,1797,5,7842,15684,0
1559,9047,5669,21276,35992,9047,5669,21276,35992,71984,0
2335,27568,82213,43194,152975,27568,82213,43194,152975,305950,0
9723,21343,33715,23330,78388,21343,33715,23330,78388,156776,0
3961,5313,419,666,6398,5313,419,666,6398,12796,0
4148,296,233,0,529,296,233,0,529,1058,0
8640,1407,597,334,2338,1407,597,334,2338,4676,0
2397,13756,15495,14237,43488,13756,15495,14237,43488,86976,0
2953,44928,52153,63104,160185,44928,52153,63104,160185,320370,0
5416,5818056,2470636,725731,9014423,5818056,2470636,725731,9014423,18028846,1281095.2282
8641,508,278,0,786,508,278,0,786,1572,0
3051,205167,215986,309485,730638,205167,215986,309485,730638,1461276,58361.3671
6877,353343,423813,653117,1430273,353343,423813,653117,1430273,2860546,12765.2003
9794,49190,72219,49154,170563,49190,72219,49154,170563,341126,0
2655,5788,671,0,6459,5788,671,0,6459,12918,0
8117,8686,9951,7380,26017,8686,9951,7380,26017,52034,260.0808
4022,1098,173,670,1941,1098,173,670,1941,3882,0
5796,43298,127391,42141,212830,43298,127391,42141,212830,425660,0
5169,269499,451351,593772,1314622,269499,451351,593772,1314622,2629244,183321.8071
9956,9541,21621,12336,43498,9541,21621,12336,43498,86996,0
5363,236938,308294,438842,984074,236938,308294,438842,984074,1968148,0
9501,19463,40002,9073,68538,19463,40002,9073,68538,137076,0
7921,1611,116,7650,9377,1611,116,7650,9377,18754,0
2454,1067,540,267,1874,1067,540,267,1874,3748,0
9813,3130272,6958358,4911661,15000291,3130272,6958358,4911661,15000291,30000582,3486434.91979999
9950,1734616,4601306,1876110,8212032,1734616,4601306,1876110,8212032,16424064,1733728.751
8360,35794,41598,15707,93099,35794,41598,15707,93099,186198,0
2301,5102,5842,13246,24190,5102,5842,13246,24190,48380,0
8715,13415,16934,3000,33349,13415,16934,3000,33349,66698,0
8828,1671,3038,0,4709,1671,3038,0,4709,9418,0
9503,38637,56538,74611,169786,38637,56538,74611,169786,339572,0
9301,13841,20070,4433,38344,13841,20070,4433,38344,76688,0
2895,70078,157349,210595,438022,70078,157349,210595,438022,876044,0
4760,193129,439434,85286,717849,193129,439434,85286,717849,1435698,65722.7815999999
5338,8585,19097,11187,38869,8585,19097,11187,38869,77738,0
4457,54820,42640,9490,106950,54820,42640,9490,106950,213900,0
5629,185952,164245,342598,692795,185952,164245,342598,692795,1385590,0
2948,7728,16435,12428,36591,7728,16435,12428,36591,73182,0
5474,6938,13704,17829,38471,6938,13704,17829,38471,76942,0
8284,10964,11738,8553,31255,10964,11738,8553,31255,62510,0
9096,76,3,5,84,76,3,5,84,168,0
8643,1943,599,54,2596,1943,599,54,2596,5192,0
5298,6786,12325,9292,28403,6786,12325,9292,28403,56806,0
6878,337028,516972,1036363,1890363,337028,516972,1036363,1890363,3780726,0
8025,47989,72022,26785,146796,47989,72022,26785,146796,293592,1392.3165
1220,9219,8665,3542,21426,9219,8665,3542,21426,42852,0
6028,185492,192568,255155,633215,185492,192568,255155,633215,1266430,0
6391,9258,15203,5191,29652,9258,15203,5191,29652,59304,0
3033,32044,95580,77443,205067,32044,95580,77443,205067,410134,0
5272,57031,115632,119078,291741,57031,115632,119078,291741,583482,0
2962,10847,22932,16653,50432,10847,22932,16653,50432,100864,0
1409,350198,520755,443585,1314538,350198,520755,443585,1314538,2629076,1826322.1719
9635,83845,119024,78761,281630,83845,119024,78761,281630,563260,0
4131,24612,19067,27739,71418,24612,19067,27739,71418,142836,0
6206,5175,475,939,6589,5175,475,939,6589,13178,0
6029,66226,73742,62944,202912,66226,73742,62944,202912,405824,0
1965,38154,31449,6108,75711,38154,31449,6108,75711,151422,0
3839,63585,8065,26492,98142,63585,8065,26492,98142,196284,10183.5484
6469,100484,383609,170175,654268,100484,383609,170175,654268,1308536,214786.8357
5514,21635,37449,80996,140080,21635,37449,80996,140080,280160,0
1132,53568,82122,232323,368013,53568,82122,232323,368013,736026,0
5172,256627,513285,696103,1466015,256627,513285,696103,1466015,2932030,88538.7032000001
7443,608489,625194,675993,1909676,608489,625194,675993,1909676,3819352,94671.4283
7922,3369,176,5,3550,3369,176,5,3550,7100,0
6855,5519,9943,21893,37355,5519,9943,21893,37355,74710,0
7032,11783,13342,29798,54923,11783,13342,29798,54923,109846,0
6275,3920,486,289,4695,3920,486,289,4695,9390,0
4892,90387,92464,95655,278506,90387,92464,95655,278506,557012,24.5308
1463,71236,93179,148110,312525,71236,93179,148110,312525,625050,0
7328,37736,149394,17586,204716,37736,149394,17586,204716,409432,103.0264
2218,102073,50814,49721,202608,102073,50814,49721,202608,405216,0
1996,2280,107,1168,3555,2280,107,1168,3555,7110,0
2325,33093,29579,42003,104675,33093,29579,42003,104675,209350,0
9725,18201,25274,21982,65457,18201,25274,21982,65457,130914,0
2900,35809,62718,70820,169347,35809,62718,70820,169347,338694,0
3136,43159,47695,39212,130066,43159,47695,39212,130066,260132,0
5138,93258,134974,377531,605763,93258,134974,377531,605763,1211526,0
9681,46049,87096,63011,196156,46049,87096,63011,196156,392312,1024.266
9682,67347,107654,109809,284810,67347,107654,109809,284810,569620,0
5146,394172,517602,925658,1837432,394172,517602,925658,1837432,3674864,0
9610,3844,15435,191,19470,3844,15435,191,19470,38940,0
6276,1155,152,723,2030,1155,152,723,2030,4060,0
6280,65919,138246,6903,211068,65919,138246,6903,211068,422136,9686.2366
2825,13549,14557,1615,29721,13549,14557,1615,29721,59442,0
8155,4786,168,2632,7586,4786,168,2632,7586,15172,0
5139,253036,314956,716004,1283996,253036,314956,716004,1283996,2567992,704806
2955,36681,51167,60814,148662,36681,51167,60814,148662,297324,7318.8085
5631,1153940,1654428,1291954,4100322,1153940,1654428,1291954,4100322,8200644,1147803.7244
8567,220296,169383,239861,629540,220296,169383,239861,629540,1259080,0
5588,389078,313730,528480,1231288,389078,313730,528480,1231288,2462576,0
3563,1318,21758,3788,26864,1318,21758,3788,26864,53728,0
7299,2381,4081,749,7211,2381,4081,749,7211,14422,0
4300,14539,1025,2057,17621,14539,1025,2057,17621,35242,0
7930,12458,1122,1589,15169,12458,1122,1589,15169,30338,0
6281,6262,6908,1879,15049,6262,6908,1879,15049,30098,151.2198
5364,108985,120153,222918,452056,108985,120153,222918,452056,904112,0
6977,648723,1187150,1153392,2989265,648723,1187150,1153392,2989265,5978530,941530.1833
6867,265025,434625,433762,1133412,265025,434625,433762,1133412,2266824,1725703.9084
6978,228197,462755,361039,1051991,228197,462755,361039,1051991,2103982,172.6069
3053,85786,111330,204836,401952,85786,111330,204836,401952,803904,0
7300,2049,2942,1386,6377,2049,2942,1386,6377,12754,0
2896,31721,61846,79552,173119,31721,61846,79552,173119,346238,0
6075,56836,62637,83357,202830,56836,62637,83357,202830,405660,0
2585,5294,10495,10002,25791,5294,10495,10002,25791,51582,0
1022,412065,675712,505783,1593560,412065,675712,505783,1593560,3187120,0
4577,30350,27540,214269,272159,30350,27540,214269,272159,544318,0
9810,85551,114917,159162,359630,85551,114917,159162,359630,719260,0
2845,24271,35147,30488,89906,24271,35147,30488,89906,179812,0
7266,13315,30001,4668,47984,13315,30001,4668,47984,95968,0
2295,9237,32391,17152,58780,9237,32391,17152,58780,117560,0
8411,312388,392920,285766,991074,312388,392920,285766,991074,1982148,49251.6618
4521,48088,62845,95574,206507,48088,62845,95574,206507,413014,0
2572,20297,14455,23462,58214,20297,14455,23462,58214,116428,0
2229,18956,86073,24644,129673,18956,86073,24644,129673,259346,0
5173,7285,8227,13843,29355,7285,8227,13843,29355,58710,0
7568,9609,22353,2847,34809,9609,22353,2847,34809,69618,0
5037,5467,14294,31047,50808,5467,14294,31047,50808,101616,0
5947,19552,13556,22709,55817,19552,13556,22709,55817,111634,0
9726,97485,206780,108323,412588,97485,206780,108323,412588,825176,5638.6168
9727,119433,182085,165982,467500,119433,182085,165982,467500,935000,0
8241,4555,5136,3268,12959,4555,5136,3268,12959,25918,0
5450,59728,144109,96161,299998,59728,144109,96161,299998,599996,67909.0363
1413,388150,651566,626113,1665829,388150,651566,626113,1665829,3331658,0
5560,163867,159537,229609,553013,163867,159537,229609,553013,1106026,0
5561,258086,326408,274504,858998,258086,326408,274504,858998,1717996,0
5589,137056,164625,214380,516061,137056,164625,214380,516061,1032122,0
1033,16672,21722,33952,72346,16672,21722,33952,72346,144692,0
1145,27228,37097,76571,140896,27228,37097,76571,140896,281792,0
5940,27703,34152,20072,81927,27703,34152,20072,81927,163854,0
3007,40999,39017,55732,135748,40999,39017,55732,135748,271496,0
2767,54461,38004,41660,134125,54461,38004,41660,134125,268250,0
3191,57228,47309,67024,171561,57228,47309,67024,171561,343122,0
2557,5638,805,1084,7527,5638,805,1084,7527,15054,0
4458,20760,5697,33926,60383,20760,5697,33926,60383,120766,0
1521,120063,191306,200979,512348,120063,191306,200979,512348,1024696,0
7374,370,107,459,936,370,107,459,936,1872,0
1533,31442,64109,72233,167784,31442,64109,72233,167784,335568,0
6804,29282,24144,52460,105886,29282,24144,52460,105886,211772,0
6827,261043,350473,313918,925434,261043,350473,313918,925434,1850868,0
6879,332384,459924,672679,1464987,332384,459924,672679,1464987,2929974,0
1543,287518,565101,815966,1668585,287518,565101,815966,1668585,3337170,287.228
5140,9132,9906,18437,37475,9132,9906,18437,37475,74950,0
6012,157535,194677,238755,590967,157535,194677,238755,590967,1181934,0
7401,125939,228459,343235,697633,125939,228459,343235,697633,1395266,0
2027,6756,2593,3159,12508,6756,2593,3159,12508,25016,0
8213,264293,358625,156144,779062,264293,358625,156144,779062,1558124,1374.0357
1397,472430,856446,636332,1965208,472430,856446,636332,1965208,3930416,269193.01
598,462579,555615,179392,1197586,462579,555615,179392,1197586,2395172,0
2230,42136,74027,14047,130210,42136,74027,14047,130210,260420,0
4579,6910,2567,15567,25044,6910,2567,15567,25044,50088,0
8009,122795,142745,53608,319148,122795,142745,53608,319148,638296,1131.8719
9246,2543,3557,2287,8387,2543,3557,2287,8387,16774,0
6902,11790,24811,8911,45512,11790,24811,8911,45512,91024,0
6905,10001,26160,31537,67698,10001,26160,31537,67698,135396,0
5633,142210,281606,478211,902027,142210,281606,478211,902027,1804054,106679.0876
5489,83501,212169,399525,695195,83501,212169,399525,695195,1390390,0
5219,135430,566191,455519,1157140,135430,566191,455519,1157140,2314280,31369.8959
1398,83441,216719,53567,353727,83441,216719,53567,353727,707454,0
6070,330966,497604,345389,1173959,330966,497604,345389,1173959,2347918,0
6528,19826,16536,8759,45121,19826,16536,8759,45121,90242,2963.1585
6845,22307,32778,151180,206265,22307,32778,151180,206265,412530,0
2826,14274,16556,1726,32556,14274,16556,1726,32556,65112,0
2604,7615,13266,11279,32160,7615,13266,11279,32160,64320,0
4594,5924,3066,12909,21899,5924,3066,12909,21899,43798,0
5532,295800,485371,406649,1187820,295800,485371,406649,1187820,2375640,333869.4534
6260,75,1,5,81,75,1,5,81,162,0
4079,36245,31544,384,68173,36245,31544,384,68173,136346,0
2428,14043,1503,2016,17562,14043,1503,2016,17562,35124,0
2146,1281,710,539,2530,1281,710,539,2530,5060,0
9634,25237,37488,37903,100628,25237,37488,37903,100628,201256,0
7569,5488,6750,3750,15988,5488,6750,3750,15988,31976,0
5289,53107,42833,104184,200124,53107,42833,104184,200124,400248,0
3186,468899,633758,874656,1977313,468899,633758,874656,1977313,3954626,49461.7782
5050,138063,126686,298899,563648,138063,126686,298899,563648,1127296,0
3513,3344,30650,6872,40866,3344,30650,6872,40866,81732,0
9419,496767,554329,273851,1324947,496767,554329,273851,1324947,2649894,573358.1796
5490,298241,709008,1238631,2245880,298241,709008,1238631,2245880,4491760,649757.117700001
2768,72574,106805,146097,325476,72574,106805,146097,325476,650952,2660.6978
5220,40322,102378,162449,305149,40322,102378,162449,305149,610298,0
8498,94335,66059,39707,200101,94335,66059,39707,200101,400202,10.2887
1434,60186,121473,54848,236507,60186,121473,54848,236507,473014,0
2860,57635,82416,97332,237383,57635,82416,97332,237383,474766,3593.9872
6283,4625,668,20,5313,4625,668,20,5313,10626,0
3845,120087,12115,74341,206543,120087,12115,74341,206543,413086,0
3908,19520,2034,7479,29033,19520,2034,7479,29033,58066,0
,:,:,:,:,:,:,:,:,:,:
,:,:,:,:,:,:,:,:,:,:
,:,:,:,:,:,:,:,:,:,:
2861,96921,134576,147098,378595,96921,134576,147098,378595,757190,0
8524,124077,151660,102517,378254,124077,151660,102517,378254,756508,27894.348
6220,16607,8345,10518,35470,16607,8345,10518,35470,70940,0
5893,66153,79230,109108,254491,66153,79230,109108,254491,508982,0
1148,22287,38975,22215,83477,22287,38975,22215,83477,166954,0
7887,6349,513,2281,9143,6349,513,2281,9143,18286,0
9981,91300.9583654587,204415.035466461,109766.519275251,405482.51310717,91300.9583654587,204415.035466461,109766.519275251,405482.51310717,810965.02621434,181.0414
9982,1703.04163454125,3812.96453353894,2047.48072474942,7563.48689282961,1703.04163454125,3812.96453353894,2047.48072474942,7563.48689282961,15126.9737856592,0
2656,11952,1165,331,13448,11952,1165,331,13448,26896,2809.9834
8647,1736,1278,88,3102,1736,1278,88,3102,6204,0
2149,17831,15836,8278,41945,17831,15836,8278,41945,83890,6163.2953
1391,279414,400064,310874,990352,279414,400064,310874,990352,1980704,30142.1372
1522,119870,146832,322462,589164,119870,146832,322462,589164,1178328,0
4028,35771,3336,25460,64567,35771,3336,25460,64567,129134,0
4524,18316,18906,28763,65985,18316,18906,28763,65985,131970,0
3146,75743,171052,141346,388141,75743,171052,141346,388141,776282,0
8129,245,4,23,272,245,4,23,272,544,0
3607,130489,282362,200371,613222,130489,282362,200371,613222,1226444,51598.0924
5174,49239,120122,296216,465577,49239,120122,296216,465577,931154,0
5066,358513,442404,684693,1485610,358513,442404,684693,1485610,2971220,1688323.8491
5590,101773,80573,240509,422855,101773,80573,240509,422855,845710,0
6818,92276.2185177167,125598.481633831,222146.343364365,440021.043515912,92276.2185177167,125598.481633831,222146.343364365,440021.043515912,880042.087031824,0
6085,159430.781482283,217003.518366169,383814.656635635,760248.956484088,159430.781482283,217003.518366169,383814.656635635,760248.956484088,1520497.91296818,3693.9
8067,11803,3700,5489,20992,11803,3700,5489,20992,41984,0
2138,13286,9776,5268,28330,13286,9776,5268,28330,56660,0
5417,2999,10943,6071,20013,2999,10943,6071,20013,40026,0
7766,5752,1906,1791,9449,5752,1906,1791,9449,18898,158.811
7506,66231,71540,28162,165933,66231,71540,28162,165933,331866,2518.9435
3194,5508,7838,7292,20638,5508,7838,7292,20638,41276,0
2691,2362,2202,0,4564,2362,2202,0,4564,9128,0
5235,114769,187654,302325,604748,114769,187654,302325,604748,1209496,0
9909,109902,148529,109133,367564,109902,148529,109133,367564,735128,0
3054,383517,477954,545067,1406538,383517,477954,545067,1406538,2813076,78720.2377999999
5202,15814,18846,58818,93478,15814,18846,58818,93478,186956,0
6919,261297,321824,474887,1058008,261297,321824,474887,1058008,2116016,0
3314,30905,55674,10152,96731,30905,55674,10152,96731,193462,0
6009,3055114,5537667,5490439,14083220,3055114,5537667,5490439,14083220,28166440,2834363.38240001
2356,40868,81515,34758,157141,40868,81515,34758,157141,314282,0
5236,43159,57704,197477,298340,43159,57704,197477,298340,596680,0
9983,44203,68987,46148,159338,44203,68987,46148,159338,318676,0
9676,26225,37813,47512,111550,26225,37813,47512,111550,223100,0
9630,43952,40353,94493,178798,43952,40353,94493,178798,357596,0
2231,58763,116162,85883,260808,58763,116162,85883,260808,521616,0
5539,69239,39316,53866,162421,69239,39316,53866,162421,324842,6125.7451
5591,39791,37940,121937,199668,39791,37940,121937,199668,399336,0
1870,42846,64826,48370,156042,42846,64826,48370,156042,312084,0
2398,36851,68174,61706,166731,36851,68174,61706,166731,333462,18821.6434
5880,26472,31086,25995,83553,26472,31086,25995,83553,167106,0
6086,382477,528667,688532,1599676,382477,528667,688532,1599676,3199352,170270.5129
5107,337010,423964,899601,1660575,337010,423964,899601,1660575,3321150,1076250.614
6880,79968,116888,320388,517244,79968,116888,320388,517244,1034488,0
5141,4482,8005,12847,25334,4482,8005,12847,25334,50668,0
1221,38217,31135,17517,86869,38217,31135,17517,86869,173738,0
5308,7574,7198,15713,30485,7574,7198,15713,30485,60970,0
5941,8913,2739,3728,15380,8913,2739,3728,15380,30760,0
2437,30642,74550,4442,109634,30642,74550,4442,109634,219268,587.1879
9738,17124,26523,27146,70793,17124,26523,27146,70793,141586,2.6019
6979,546064,908455,871622,2326141,546064,908455,871622,2326141,4652282,0
4794,6622,17235,5132,28989,6622,17235,5132,28989,57978,0
5717,32408,118837,43647,194892,32408,118837,43647,194892,389784,4867.3307
8436,11217,6856,11269,29342,11217,6856,11269,29342,58684,0
5418,360377,552193,571950,1484520,360377,552193,571950,1484520,2969040,0
5523,91626,122234,197879,411739,91626,122234,197879,411739,823478,0
2193,220774,97685,97646,416105,220774,97685,97646,416105,832210,113489.4092
2432,11653,1115,1684,14452,11653,1115,1684,14452,28904,0
2828,12542,16510,2089,31141,12542,16510,2089,31141,62282,0
4189,287,101,489,877,287,101,489,877,1754,0
5365,156051,190904,191050,538005,156051,190904,191050,538005,1076010,0
8212,77048,40576,58683,176307,77048,40576,58683,176307,352614,0
6015,193021,227080,347379,767480,193021,227080,347379,767480,1534960,0
8499,204289,160944,180288,545521,204289,160944,180288,545521,1091042,988.0054
5309,253705,496557,670338,1420600,253705,496557,670338,1420600,2841200,184059.2062
5562,56512,60900,105599,223011,56512,60900,105599,223011,446022,0
2105,7022,1026,0,8048,7022,1026,0,8048,16096,0
8720,87641,69638,142679,299958,87641,69638,142679,299958,599916,0
2399,199,246,5,450,199,246,5,450,900,0
2303,38249,62712,38782,139743,38249,62712,38782,139743,279486,0
5563,165436,171503,254752,591691,165436,171503,254752,591691,1183382,2918.584
5273,209306,530995,485529,1225830,209306,530995,485529,1225830,2451660,472573.1116
7327,18882,36725,11050,66657,18882,36725,11050,66657,133314,0
1563,5155,3827,4920,13902,5155,3827,4920,13902,27804,0
8071,15918,22364,17637,55919,15918,22364,17637,55919,111838,0
1734,11044,14309,37090,62443,11044,14309,37090,62443,124886,0
1023,347114,625325,493512,1465951,347114,625325,493512,1465951,2931902,0
2194,84970,117136,50158,252264,84970,117136,50158,252264,504528,0
6221,101,10,149,260,101,10,149,260,520,0
1862,40842,17632,16836,75310,40842,17632,16836,75310,150620,0
8437,664128,1241986,614686,2520800,664128,1241986,614686,2520800,5041600,432297.4565
8126,229004,718718,178195,1125917,229004,718718,178195,1125917,2251834,69108.0064
2937,5473,3860,8202,17535,5473,3860,8202,17535,35070,0
2558,6387,720,4328,11435,6387,720,4328,11435,22870,0
3072,31601,72973,81328,185902,31601,72973,81328,185902,371804,0
8098,8212,3006,1340,12558,8212,3006,1340,12558,25116,0
6108,187645,381841,333280,902766,187645,381841,333280,902766,1805532,33.5735
8921,25208,17008,10707,52923,25208,17008,10707,52923,105846,0
2235,123921,369288,211974,705183,123921,369288,211974,705183,1410366,58686.5889
5463,43681,68773,221651,334105,43681,68773,221651,334105,668210,114598.4268
8099,4282,9446,5603,19331,4282,9446,5603,19331,38662,0
2160,99859,242476,159031,501366,99859,242476,159031,501366,1002732,18727.6691
2829,11424,16944,12388,40756,11424,16944,12388,40756,81512,0
2959,5920,5100,10976,21996,5920,5100,10976,21996,43992,0
6310,19334,6921,9273,35528,19334,6921,9273,35528,71056,0
9845,193393,395106,283302,871801,193393,395106,283302,871801,1743602,810197.5131
6851,16821,19800,42661,79282,16821,19800,42661,79282,158564,0
9618,1666,937,8405,11008,1666,937,8405,11008,22016,0
5495,32773,45989,95916,174678,32773,45989,95916,174678,349356,0
6881,737937,1435843,1925828,4099608,737937,1435843,1925828,4099608,8199216,44646.5602
8568,201856,266098,183951,651905,201856,266098,183951,651905,1303810,0
9586,426102,524694,694304,1645100,426102,524694,694304,1645100,3290200,0
2236,3303,5295,1977,10575,3303,5295,1977,10575,21150,0
2122,698,21,15,734,698,21,15,734,1468,0
6882,71050,69902,249967,390919,71050,69902,249967,390919,781838,0
8922,30929,12353,15907,59189,30929,12353,15907,59189,118378,0
8648,10963,2116,1448,14527,10963,2116,1448,14527,29054,0
8778,1298,351,497,2146,1298,351,497,2146,4292,0
9136,186522,361089,142811,690422,186522,361089,142811,690422,1380844,80818.4274
9646,11675,18002,16999,46676,11675,18002,16999,46676,93352,0
8649,239052,393366,20860,653278,239052,393366,20860,653278,1306556,64364.1068
8614,315,33,5,353,315,33,5,353,706,0
8924,106939,84226,75821,266986,106939,84226,75821,266986,533972,0
7217,343261,746241,552965,1642467,343261,746241,552965,1642467,3284934,579679.3265
2817,43563,47559,61673,152795,43563,47559,61673,152795,305590,0
9508,113785,231856,141772,487413,113785,231856,141772,487413,974826,0
5592,172359,168842,379626,720827,172359,168842,379626,720827,1441654,0
3110,686,2685,1870,5241,686,2685,1870,5241,10482,0
3170,25418,24503,62931,112852,25418,24503,62931,112852,225704,0
3555,2959,18504,5047,26510,2959,18504,5047,26510,53020,0
9507,11590,1831,2368,15789,11590,1831,2368,15789,31578,0
1097,53057,59318,101216,213591,53057,59318,101216,213591,427182,0
4081,2847,1505,0,4352,2847,1505,0,4352,8704,0
9648,145993,257908,253538,657439,145993,257908,253538,657439,1314878,0
9995,39462,78910,37891,156263,39462,78910,37891,156263,312526,0
2605,2428,2052,3276,7756,2428,2052,3276,7756,15512,0
5038,5516,8833,4715,19064,5516,8833,4715,19064,38128,0
8468,348428,298946,203986,851360,348428,298946,203986,851360,1702720,1402.5239
8925,19507,23732,6094,49333,19507,23732,6094,49333,98666,0
6838,41072,71913,326063,439048,41072,71913,326063,439048,878096,0
1655,9582,21728,14475,45785,9582,21728,14475,45785,91570,0
3325,26970,111400,45509,183879,26970,111400,45509,183879,367758,0
1384,1473,1443,2095,5011,1473,1443,2095,5011,10022,0
5678,-9924,64454,3716,58246,-9924,64454,3716,58246,116492,0
5079,2969,2576,7136,12681,2969,2576,7136,12681,25362,0
5205,24149,13906,34819,72874,24149,13906,34819,72874,145748,0
1976,28665,44812,34222,107699,28665,44812,34222,107699,215398,0
5419,55165,61160,110232,226557,55165,61160,110232,226557,453114,0
7011,5186,2690,9970,17846,5186,2690,9970,17846,35692,0
9816,6914,17267,6879,31060,6914,17267,6879,31060,62120,0
1447,71400,146494,132369,350263,71400,146494,132369,350263,700526,0
1448,294190,445275,629760,1369225,294190,445275,629760,1369225,2738450,0
3092,2688477,2208161,555782,5452420,2688477,2208161,555782,5452420,10904840,2978.0725
5080,142774,150500,217699,510973,142774,150500,217699,510973,1021946,0
1553,386987,482890,552258,1422135,386987,482890,552258,1422135,2844270,0
1449,241466,340031,424069,1005566,241466,340031,424069,1005566,2011132,0
1399,130566,262478,226518,619562,130566,262478,226518,619562,1239124,0
1966,6795,4329,1550,12674,6795,4329,1550,12674,25348,0
1857,89874,212904,218061,520839,89874,212904,218061,520839,1041678,84463.0973
5593,163805,160670,307109,631584,163805,160670,307109,631584,1263168,0
5594,165997,271609,152026,589632,165997,271609,152026,589632,1179264,0
3571,598,1977,1094,3669,598,1977,1094,3669,7338,0
3237,85160,73236,53620,212016,85160,73236,53620,212016,424032,0
5108,163076,154441,458617,776134,163076,154441,458617,776134,1552268,0
4581,144057,251937,413970,809964,144057,251937,413970,809964,1619928,0
1229,46537,39703,16384,102624,46537,39703,16384,102624,205248,12349.4733
4132,7460,3600,4262,15322,7460,3600,4262,15322,30644,0
1415,71341,219230,171528,462099,71341,219230,171528,462099,924198,0
7516,762,43,0,805,762,43,0,805,1610,0
8652,76,9,0,85,76,9,0,85,170,0
4083,5741,1978,0,7719,5741,1978,0,7719,15438,0
9512,85019,152184,59502,296705,85019,152184,59502,296705,593410,12137.8311
9516,11616,24033,16090,51739,11616,24033,16090,51739,103478,0
9960,13331,22469,31789,67589,13331,22469,31789,67589,135178,0
9517,125342,217807,161480,504629,125342,217807,161480,504629,1009258,134861.9111
8653,189,39,0,228,189,39,0,228,456,0
3008,20019,51191,20899,92109,20019,51191,20899,92109,184218,0
9142,15659,24194,10336,50189,15659,24194,10336,50189,100378,0
6121,2662592,9808558,4209698,16680848,2662592,9808558,4209698,16680848,33361696,3683718.60610002
1392,105524,101365,158744,365633,105524,101365,158744,365633,731266,0
7115,103087,306453,77290,486830,103087,306453,77290,486830,973660,532.4522
1109,110822,150715,356722,618259,110822,150715,356722,618259,1236518,0
5823,145,1280,1454,2879,145,1280,1454,2879,5758,0
9817,18322,45980,32845,97147,18322,45980,32845,97147,194294,0
4508,11597,13539,10686,35822,11597,13539,10686,35822,71644,0
9217,4199,4438,1438,10075,4199,4438,1438,10075,20150,0
5565,755046,1143071,909716,2807833,755046,1143071,909716,2807833,5615666,0
5366,45763,46603,72023,164389,45763,46603,72023,164389,328778,0
8655,11622,8198,1605,21425,11622,8198,1605,21425,42850,0
3073,6333,23932,16281,46546,6333,23932,16281,46546,93092,0
6862,3357,6197,11255,20809,3357,6197,11255,20809,41618,0
6527,27313,15966,20963,64242,27313,15966,20963,64242,128484,0
2124,155046,716019,307020,1178085,155046,716019,307020,1178085,2356170,71225.9553
1867,34406,34862,19469,88737,34406,34862,19469,88737,177474,0
2057,10099,2840,454,13393,10099,2840,454,13393,26786,0
1959,4148,140,2010,6298,4148,140,2010,6298,12596,0
9145,157488,298613,122724,578825,157488,298613,122724,578825,1157650,21199.0765
9518,2242,6373,696,9311,2242,6373,696,9311,18622,0
2245,135991,158991,139953,434935,135991,158991,139953,434935,869870,50057.0876
2668,69059,28918,31117,129094,69059,28918,31117,129094,258188,45589.6916
9771,11298,20845,5891,38034,11298,20845,5891,38034,76068,0
9230,10200,9797,5834,25831,10200,9797,5834,25831,51662,0
9766,15905,30489,23050,69444,15905,30489,23050,69444,138888,0
6466,76,24,0,100,76,24,0,100,200,0
6401,13494,6877,8883,29254,13494,6877,8883,29254,58508,0
6565,12773,5100,8291,26164,12773,5100,8291,26164,52328,0
8214,73398,67638,33722,174758,73398,67638,33722,174758,349516,0
6088,82017,76645,136241,294903,82017,76645,136241,294903,589806,0
4206,6562,4210,41,10813,6562,4210,41,10813,21626,0
5109,35183,30117,78409,143709,35183,30117,78409,143709,287418,0
8546,38283,30939,13631,82853,38283,30939,13631,82853,165706,0
4228,1251,542,267,2060,1251,542,267,2060,4120,0
2848,68164,82026,105230,255420,68164,82026,105230,255420,510840,0
8657,13937,18916,0,32853,13937,18916,0,32853,65706,0
9149,17578,19181,4592,41351,17578,19181,4592,41351,82702,5995.0579
5057,140607,162839,358043,661489,140607,162839,358043,661489,1322978,0
7445,340264,198293,497907,1036464,340264,198293,497907,1036464,2072928,0
8658,2357,939,0,3296,2357,939,0,3296,6592,0
5504,19332,2824,3999,26155,19332,2824,3999,26155,52310,0
7201,66,126,16,208,66,126,16,208,416,0
4084,2151,715,0,2866,2151,715,0,2866,5732,0
9710,47770,68252,37096,153118,47770,68252,37096,153118,306236,0
2685,413978,455154,147637,1016769,413978,455154,147637,1016769,2033538,364052.806199999
5275,102144,222547,158705,483396,102144,222547,158705,483396,966792,0
1017,17817,22830,7960,48607,17817,22830,7960,48607,97214,0
9652,8376,16017,5447,29840,8376,16017,5447,29840,59680,0
2735,10571,4214,3082,17867,10571,4214,3082,17867,35734,0
3171,97366,112593,188348,398307,97366,112593,188348,398307,796614,0
4607,21943,22497,46055,90495,21943,22497,46055,90495,180990,0
1761,33969,13223,10651,57843,33969,13223,10651,57843,115686,0
9818,31875,50731,41297,123903,31875,50731,41297,123903,247806,0
2058,6492,2217,226,8935,6492,2217,226,8935,17870,0
1871,4948,5262,936,11146,4948,5262,936,11146,22292,0
5824,108,501,517,1126,108,501,517,1126,2252,0
4595,5161,3947,8685,17793,5161,3947,8685,17793,35586,0
9876,122687,181302,121025,425014,122687,181302,121025,425014,850028,0
9521,52827,135434,26609,214870,52827,135434,26609,214870,429740,0
9728,43185,93624,73374,210183,43185,93624,73374,210183,420366,0
8931,18094,17659,16491,52244,18094,17659,16491,52244,104488,0
3225,46114,14728,18114,78956,46114,14728,18114,78956,157912,0
2669,19371,5298,11516,36185,19371,5298,11516,36185,72370,0
2059,3621,634,2000,6255,3621,634,2000,6255,12510,0
2339,47848,100555,71347,219750,47848,100555,71347,219750,439500,0
1133,43987,65246,158963,268196,43987,65246,158963,268196,536392,0
1534,135323,393035,429118,957476,135323,393035,429118,957476,1914952,0
7925,1504,75,7472,9051,1504,75,7472,9051,18102,0
4597,404277,498231,314383,1216891,404277,498231,314383,1216891,2433782,191473.654
2237,126882,91077,85836,303795,126882,91077,85836,303795,607590,0
5368,317937,272386,495423,1085746,317937,272386,495423,1085746,2171492,58126.9977
4784,26941,49953,30422,107316,26941,49953,30422,107316,214632,0.514
5110,178134,199673,488756,866563,178134,199673,488756,866563,1733126,0
8487,4174663,6386000,4301204,14861867,4174663,6386000,4301204,14861867,29723734,3052267.8805
1947,581536,1500081,541953,2623570,581536,1500081,541953,2623570,5247140,482988.394899999
5294,4460,6870,12896,24226,4460,6870,12896,24226,48452,0
7446,323614,261665,517948,1103227,323614,261665,517948,1103227,2206454,0
1373,127390,294931,472010,894331,127390,294931,472010,894331,1788662,0
3539,186,3856,10,4052,186,3856,10,4052,8104,0
3498,2844,59688,0,62532,2844,59688,0,62532,125064,0
5111,12376,16505,20309,49190,12376,16505,20309,49190,98380,0
9955,97408,223207,98125,418740,97408,223207,98125,418740,837480,0
3620,39938,48300,50214,138452,39938,48300,50214,138452,276904,0.2364
6089,245176,332316,353459,930951,245176,332316,353459,930951,1861902,0
9188,79123,188891,12660,280674,79123,188891,12660,280674,561348,0
2862,62229,119267,74831,256327,62229,119267,74831,256327,512654,0
5329,218951,629455,458791,1307197,218951,629455,458791,1307197,2614394,532797.906
5051,938572,1301930,3057241,5297743,938572,1301930,3057241,5297743,10595486,3577166.83149999
2710,105383,42202,43498,191083,105383,42202,43498,191083,382166,0
7402,133038,205744,331437,670219,133038,205744,331437,670219,1340438,0
7403,99069,161600,228148,488817,99069,161600,228148,488817,977634,0
1177,109721,133563,96562,339846,109721,133563,96562,339846,679692,0
1291,62998,184544,284451,531993,62998,184544,284451,531993,1063986,94861.0497
1579,826,5757,6314,12897,826,5757,6314,12897,25794,0
7491,501604,290820,757944,1550368,501604,290820,757944,1550368,3100736,0
6340,336002,426499,114427,876928,336002,426499,114427,876928,1753856,25832.005
5369,43634,82151,182169,307954,43634,82151,182169,307954,615908,0
7305,7846,9612,5293,22751,7846,9612,5293,22751,45502,0
9438,155738,269791,141006,566535,155738,269791,141006,566535,1133070,0
5634,49895,73849,132154,255898,49895,73849,132154,255898,511796,0
3573,10852,116323,48522,175697,10852,116323,48522,175697,351394,63559.4662
5635,27787,43153,47131,118071,27787,43153,47131,118071,236142,0
3853,61311,6633,37991,105935,61311,6633,37991,105935,211870,0
3066,969,738,752,2459,969,738,752,2459,4918,0
2156,38652,28604,8605,75861,38652,28604,8605,75861,151722,0
2661,30626,78306,87016,195948,30626,78306,87016,195948,391896,0
5260,65576,238670,210879,515125,65576,238670,210879,515125,1030250,3276.6919
5498,35062,47704,75084,157850,35062,47704,75084,157850,315700,0
7072,21225,36051,57538,114814,21225,36051,57538,114814,229628,0
2242,1888042.92,4084770.86,1846633.18,7819446.96,1888042.92,4084770.86,1846633.18,7819446.96,15638893.92,435009.7988
2244,397482.72,859951.76,388764.88,1646199.36,397482.72,859951.76,388764.88,1646199.36,3292398.72,0
2246,1838357.58,3977276.89,1798037.57,7613672.04,1838357.58,3977276.89,1798037.57,7613672.04,15227344.08,1336195.6547
9709,193348,472414,281217,946979,193348,472414,281217,946979,1893958,747188.490900003
6965,6884004,8950936,17443405,33278345,6884004,8950936,17443405,33278345,66556690,2480893.48960001
9371,178148,237718,161657,577523,178148,237718,161657,577523,1155046,0
9372,55055,68814,47516,171385,55055,68814,47516,171385,342770,0
4327,822,324,0,1146,822,324,0,1146,2292,0
4356,4366,1726,649,6741,4366,1726,649,6741,13482,0
4226,297,192,0,489,297,192,0,489,978,0
4018,23028,1923,17991,42942,23028,1923,17991,42942,85884,0
3844,135027,16178,82131,233336,135027,16178,82131,233336,466672,0
4460,1597,789,61,2447,1597,789,61,2447,4894,0
4334,869,182,134,1185,869,182,134,1185,2370,0
4248,4702,4079,0,8781,4702,4079,0,8781,17562,0
4059,4938,3512,62,8512,4938,3512,62,8512,17024,0
4227,9784,9751,289,19824,9784,9751,289,19824,39648,0
2484,65671,74744,9595,150010,65671,74744,9595,150010,300020,0
2485,69175,82737,13557,165469,69175,82737,13557,165469,330938,81371.7661000001
4247,2186,1931,248,4365,2186,1931,248,4365,8730,0
4133,88622,56511,57482,202615,88622,56511,57482,202615,405230,5858.8639
2488,2894,3107,500,6501,2894,3107,500,6501,13002,0
2467,3609,4197,1435,9241,3609,4197,1435,9241,18482,0
4060,1527,1047,0,2574,1527,1047,0,2574,5148,0
4162,732,442,0,1174,732,442,0,1174,2348,0
4138,702,455,93,1250,702,455,93,1250,2500,0
4207,277,202,0,479,277,202,0,479,958,0
9925,27440,25310,31964,84714,27440,25310,31964,84714,169428,0
9916,27262,3437,9346,40045,27262,3437,9346,40045,80090,0
3847,73513,7322,44419,125254,73513,7322,44419,125254,250508,0
2457,4300,2466,178,6944,4300,2466,178,6944,13888,0
4223,9023,3827,4081,16931,9023,3827,4081,16931,33862,0
9699,73989,46251,32075,152315,73989,46251,32075,152315,304630,0
4061,460,434,0,894,460,434,0,894,1788,0
4163,2305,1563,0,3868,2305,1563,0,3868,7736,0
4421,7145,3274,6450,16869,7145,3274,6450,16869,33738,0
3852,19065,3391,4568,27024,19065,3391,4568,27024,54048,0
8712,1589,648,165,2402,1589,648,165,2402,4804,0
8846,183,56,0,239,183,56,0,239,478,0
8829,555,298,0,853,555,298,0,853,1706,0
8830,146,100,0,246,146,100,0,246,492,0
9156,11875,17933,5731,35539,11875,17933,5731,35539,71078,0
8660,236,63,5,304,236,63,5,304,608,0
9655,18811,26138,56525,101474,18811,26138,56525,101474,202948,0
9614,16579,83063,3062,102704,16579,83063,3062,102704,205408,0
8443,8188,5910,11544,25642,8188,5910,11544,25642,51284,0
5148,4857767,7497666,14570036,26925469,4857767,7497666,14570036,26925469,53850938,2024914.3351
6966,147815,231597,212735,592147,147815,231597,212735,592147,1184294,0
5281,56656,133344,62009,252009,56656,133344,62009,252009,504018,0
5632,80848,59108,150927,290883,80848,59108,150927,290883,581766,0
1067,26133,66818,67028,159979,26133,66818,67028,159979,319958,0
1829,191696,58735,79455,329886,191696,58735,79455,329886,659772,5410.5546
2657,5945,847,167,6959,5945,847,167,6959,13918,4.4466
7978,13678,4021,3886,21585,13678,4021,3886,21585,43170,0
1110,116157,147125,196310,459592,116157,147125,196310,459592,919184,0
5674,5485,229,2315,8029,5485,229,2315,8029,16058,0
5114,47771,97223,171751,316745,47771,97223,171751,316745,633490,0
9354,36066,36030,24717,96813,36066,36030,24717,96813,193626,0
1305,12675,5860,4272,22807,12675,5860,4272,22807,45614,0
1306,19036,9428,5066,33530,19036,9428,5066,33530,67060,0
3574,1747,50141,6619,58507,1747,50141,6619,58507,117014,0
2598,27706,21115,67400,116221,27706,21115,67400,116221,232442,0
2307,8516,6743,5691,20950,8516,6743,5691,20950,41900,0
2689,12448,2322,5985,20755,12448,2322,5985,20755,41510,0
3517,3086,21144,9506,33736,3086,21144,9506,33736,67472,0
1897,153711,369952,125360,649023,153711,369952,125360,649023,1298046,38944.0703
5082,102667,120603,222857,446127,102667,120603,222857,446127,892254,0
6202,16559,3893,4184,24636,16559,3893,4184,24636,49272,0
5053,76939,84369,127696,289004,76939,84369,127696,289004,578008,0
7268,55273,141291,31153,227717,55273,141291,31153,227717,455434,5701.8902
3635,55131,54847,39910,149888,55131,54847,39910,149888,299776,3203.6337
1536,285989,944702,582445,1813136,285989,944702,582445,1813136,3626272,129212.5585
3645,758149,577384,258540,1594073,758149,577384,258540,1594073,3188146,129835.9554
3518,6,931,0,937,6,931,0,937,1874,0
4826,49766,27008,15842,92616,49766,27008,15842,92616,185232,0
4640,7973,14736,22495,45204,7973,14736,22495,45204,90408,0
5892,13968,37194,14268,65430,13968,37194,14268,65430,130860,0
5887,37451,68364,21757,127572,37451,68364,21757,127572,255144,0
5762,2311,24293,409,27013,2311,24293,409,27013,54026,0
5761,5981,39903,6985,52869,5981,39903,6985,52869,105738,0
2670,27882,13162,4404,45448,27882,13162,4404,45448,90896,0
2871,179503,496673,130982,807158,179503,496673,130982,807158,1614316,9740.9961
4422,34735,31530,349,66614,34735,31530,349,66614,133228,12044.7642
3963,63718,8598,20137,92453,63718,8598,20137,92453,184906,0
3962,1023,148,1042,2213,1023,148,1042,2213,4426,0
2155,145693,479378,281196,906267,145693,479378,281196,906267,1812534,0
5853,4778,5206,307,10291,4778,5206,307,10291,20582,0
3147,458535,764126,1006894,2229555,458535,764126,1006894,2229555,4459110,490082.4112
5237,27683.7911209889,49325.4780228863,56251.6804731554,133260.949617031,27683.7911209889,49325.4780228863,56251.6804731554,133260.949617031,266521.899234062,29673.1589
5115,138943.832852708,247562.587936006,282324.919126426,668831.339915141,138943.832852708,247562.587936006,282324.919126426,668831.339915141,1337662.67983028,31772.3685
5222,86256.3760263027,153686.934041107,175267.400400419,415210.710467829,86256.3760263027,153686.934041107,175267.400400419,415210.710467829,830421.420935658,64578.9763
5599,56932,55712,115505,228149,56932,55712,115505,228149,456298,0
8831,8945,35228,0,44173,8945,35228,0,44173,88346,0
8164,48022,82232,44958,175212,48022,82232,44958,175212,350424,0
4884,63133,56831,52152,172116,63133,56831,52152,172116,344232,21395.2125
2961,500088,1160636,155430,1816154,500088,1160636,155430,1816154,3632308,14555.9513
2966,825881.969072547,2061604.74610976,1093435.03078107,3980921.74596338,825881.969072547,2061604.74610976,1093435.03078107,3980921.74596338,7961843.49192676,736256.695899999
2968,2675476.56906435,6678648.28079812,3542225.05660725,12896349.9064697,2675476.56906435,6678648.28079812,3542225.05660725,12896349.9064697,25792699.8129394,2886271.5372
,:,:,:,:,:,:,:,:,:,:
2970,791509.636208558,1975802.94001531,1047927.42285332,3815239.99907719,791509.636208558,1975802.94001531,1047927.42285332,3815239.99907719,7630479.99815438,635301.6343
7165,2863,1946,1201,6010,2863,1946,1201,6010,12020,0
6856,96284,211466,254688,562438,96284,211466,254688,562438,1124876,319586.4929
6883,195948,386265,812242,1394455,195948,386265,812242,1394455,2788910,0
2253,53319,53213,27734,134266,53319,53213,27734,134266,268532,0
4094,3579,1245,0,4824,3579,1245,0,4824,9648,0
7603,2748,294,765,3807,2748,294,765,3807,7614,0
1727,77448,97679,22193,197320,77448,97679,22193,197320,394640,0
1728,32364,32328,20061,84753,32364,32328,20061,84753,169506,0
7166,53926,77317,62062,193305,53926,77317,62062,193305,386610,9.1706
5223,27388,60325,161173,248886,27388,60325,161173,248886,497772,0
5018,55421,251655,107535,414611,55421,251655,107535,414611,829222,6257.7215
1909,74547,201242,159294,435083,74547,201242,159294,435083,870166,0
6318,9448,18233,3773,31454,9448,18233,3773,31454,62908,0
9160,47506,86954,20289,154749,47506,86954,20289,154749,309498,0
6863,37706,51302,172601,261609,37706,51302,172601,261609,523218,363147.71
3021,35483,50086,53740,139309,35483,50086,53740,139309,278618,0
2830,54878,69199,103352,227429,54878,69199,103352,227429,454858,0
8445,28999,33340,28108,90447,28999,33340,28108,90447,180894,0
7928,21536,6861,9618,38015,21536,6861,9618,38015,76030,0
1034,57245,108687,183075,349007,57245,108687,183075,349007,698014,0
5040,2885,9133,9534,21552,2885,9133,9534,21552,43104,0
5692,86948,101940,105320,294208,86948,101940,105320,294208,588416,0
7947,5257,637,862,6756,5257,637,862,6756,13512,0
9957,10547,23353,11342,45242,10547,23353,11342,45242,90484,0
6970,113494,222098,402195,737787,113494,222098,402195,737787,1475574,0
1475,1535962,3573804,2856711,7966477,1535962,3573804,2856711,7966477,15932954,534254.262099999
1988,23408,12909,8879,45196,23408,12909,8879,45196,90392,0
1581,26342,68458,12469,107269,26342,68458,12469,107269,214538,0
1582,5645,28118,1531,35294,5645,28118,1531,35294,70588,0
2867,44378,85491,48530,178399,44378,85491,48530,178399,356798,0
9802,18576,44798,14716,78090,18576,44798,14716,78090,156180,0
9529,15040,24615,5137,44792,15040,24615,5137,44792,89584,0
5149,125130,144391,233908,503429,125130,144391,233908,503429,1006858,0
6663,348290,468285,252656,1069231,348290,468285,252656,1069231,2138462,39914.559
7036,34551,37229,67242,139022,34551,37229,67242,139022,278044,0
3346,12200,11645,6493,30338,12200,11645,6493,30338,60676,0
7221,8274,17240,6241,31755,8274,17240,6241,31755,63510,0
1851,44705,64333,23790,132828,44705,64333,23790,132828,265656,0
3576,586,437,1525,2548,586,437,1525,2548,5096,0
8574,108330,89258,120420,318008,108330,89258,120420,318008,636016,0
2254,88590,83828,35251,207669,88590,83828,35251,207669,415338,0
2357,15470,9769,13466,38705,15470,9769,13466,38705,77410,0
5116,26794,52027,84738,163559,26794,52027,84738,163559,327118,0
9705,11693,27318,17762,56773,11693,27318,17762,56773,113546,0
5475,62696,82706,218491,363893,62696,82706,218491,363893,727786,0
3855,161059,25373,103845,290277,161059,25373,103845,290277,580554,0
3857,18032,3568,10052,31652,18032,3568,10052,31652,63304,0
6297,26303,5677,21144,53124,26303,5677,21144,53124,106248,0
7725,114137,56752,6231,177120,114137,56752,6231,177120,354240,0
6707,39841,39755,27887,107483,39841,39755,27887,107483,214966,0
5908,13899,19249,50660,83808,13899,19249,50660,83808,167616,0
8477,30355,17315,39828,87498,30355,17315,39828,87498,174996,4474.4189
7929,340195,232806,92725,665726,340195,232806,92725,665726,1331452,78843.6725
2971,1995,5044,6936,13975,1995,5044,6936,13975,27950,0
3159,4138,8131,5117,17386,4138,8131,5117,17386,34772,0
5644,34155,29929,76042,140126,34155,29929,76042,140126,280252,0
4095,18812,12979,226,32017,18812,12979,226,32017,64034,0
2750,24503,5043,6374,35920,24503,5043,6374,35920,71840,0
1527,266962,266788,440734,974484,266962,266788,440734,974484,1948968,0
1537,968,3079,3995,8042,968,3079,3995,8042,16084,0
5909,6522,4405,8371,19298,6522,4405,8371,19298,38596,0
9658,24266,36097,42687,103050,24266,36097,42687,103050,206100,0
1997,65554,3933,27351,96838,65554,3933,27351,96838,193676,0
2920,41214,68370,45432,155016,41214,68370,45432,155016,310032,0
9985,128456,214102,153543,496101,128456,214102,153543,496101,992202,0
1378,601219,1698302,1118264,3417785,601219,1698302,1118264,3417785,6835570,462272.444299998
4469,3510,1256,4395,9161,3510,1256,4395,9161,18322,0
5019,7826,12508,10642,30976,7826,12508,10642,30976,61952,1890.1735
8518,72610,87065,79660,239335,72610,87065,79660,239335,478670,68952.1978
6906,5168,9245,24142,38555,5168,9245,24142,38555,77110,0
5069,148885,188951,431632,769468,148885,188951,431632,769468,1538936,0
5427,67981,81073,127257,276311,67981,81073,127257,276311,552622,3884.222
2849,3644,4215,2484,10343,3644,4215,2484,10343,20686,0
9060,1268,293,1766,3327,1268,293,1766,3327,6654,0
3067,2534,2149,7449,12132,2534,2149,7449,12132,24264,0
3203,30906,15578,14589,61073,30906,15578,14589,61073,122146,0
9080,74070,80911,39451,194432,74070,80911,39451,194432,388864,0
2226,844650.78,1827397.49,826125.37,3498173.64,844650.78,1827397.49,826125.37,3498173.64,6996347.28,576577.3854
6005,871650,861865,2691267,4424782,871650,861865,2691267,4424782,8849564,440418.180999999
2799,5884,6534,7909,20327,5884,6534,7909,20327,40654,0
8539,40907,45060,45765,131732,40907,45060,45765,131732,263464,0
8833,958,1208,0,2166,958,1208,0,2166,4332,0
5825,744,3882,1485,6111,744,3882,1485,6111,12222,0
5291,13779,12771,17466,44016,13779,12771,17466,44016,88032,0
2695,80428,22248,14923,117599,80428,22248,14923,117599,235198,0
5957,8122,18715,1924,28761,8122,18715,1924,28761,57522,0
2151,95886,87314,84367,267567,95886,87314,84367,267567,535134,0
4814,25397,86342,14736,126475,25397,86342,14736,126475,252950,0
4470,3936,1601,10,5547,3936,1601,10,5547,11094,0
8504,66698,53503,54462,174663,66698,53503,54462,174663,349326,0
7680,74565,71935,32077,178577,74565,71935,32077,178577,357154,283.4521
5501,18149,39771,35122,93042,18149,39771,35122,93042,186084,0
5600,266630,301723,397580,965933,266630,301723,397580,965933,1931866,0
2606,1406,1421,2350,5177,1406,1421,2350,5177,10354,0
2675,772,173,197,1142,772,173,197,1142,2284,0
2903,31801,46893,74381,153075,31801,46893,74381,153075,306150,0
2171,40285,53757,37453,131495,40285,53757,37453,131495,262990,0
9632,16686,36208,18651,71545,16686,36208,18651,71545,143090,0
2973,8944,16756,10166,35866,8944,16756,10166,35866,71732,0
9691,204860,248295,175910,629065,204860,248295,175910,629065,1258130,170661.7786
5645,144360,167582,294674,606616,144360,167582,294674,606616,1213232,17004.4489
5118,157800,172226,354524,684550,157800,172226,354524,684550,1369100,0
2158,6216,8957,838,16011,6216,8957,838,16011,32022,0
5312,54738,109071,47394,211203,54738,109071,47394,211203,422406,0
9819,141157,271342,184549,597048,141157,271342,184549,597048,1194096,6353.59819999999
3859,37443,5790,6227,49460,37443,5790,6227,49460,98920,0
9779,8773,11392,9910,30075,8773,11392,9910,30075,60150,0
8665,19543,12531,1166,33240,19543,12531,1166,33240,66480,0
9608,48434,67509,71638,187581,48434,67509,71638,187581,375162,0
9304,118119,64940,55991,239050,118119,64940,55991,239050,478100,0
8526,36070,26227,20074,82371,36070,26227,20074,82371,164742,0
8107,4957,7984,5003,17944,4957,7984,5003,17944,35888,0
3389,86804,81998,69507,238309,86804,81998,69507,238309,476618,0
8666,20726,38549,5812,65087,20726,38549,5812,65087,130174,0
1247,45002,26776,20129,91907,45002,26776,20129,91907,183814,0
4098,7257,2596,608,10461,7257,2596,608,10461,20922,0
1881,44166,28752,120473,193391,44166,28752,120473,193391,386782,0
2940,17674,18287,17623,53584,17674,18287,17623,53584,107168,0
4216,186086,152631,79841,418558,186086,152631,79841,418558,837116,0
7354,16936,15004,12181,44121,16936,15004,12181,44121,88242,0
9773,32360,54696,116830,203886,32360,54696,116830,203886,407772,0
2565,40750,10536,13595,64881,40750,10536,13595,64881,129762,0
2139,19342,3889,1439,24670,19342,3889,1439,24670,49340,0
6241,1618,629,1025,3272,1618,629,1025,3272,6544,0
2047,268,12,0,280,268,12,0,280,560,0
5911,18460,19449,20506,58415,18460,19449,20506,58415,116830,0
6018,182768,172505,256272,611545,182768,172505,256272,611545,1223090,0
5058,110429,105810,183263,399502,110429,105810,183263,399502,799004,0
2152,173392,168771,137053,479216,173392,168771,137053,479216,958432,0
6289,188,36,5,229,188,36,5,229,458,0
5150,351611,597756,773270,1722637,351611,597756,773270,1722637,3445274,926072.9208
5345,566738,1215358,1230168,3012264,566738,1215358,1230168,3012264,6024528,927281.500700003
9533,4593,6609,3006,14208,4593,6609,3006,14208,28416,0
5119,280612,267081,596681,1144374,280612,267081,596681,1144374,2288748,0
6209,6121,778,455,7354,6121,778,455,7354,14708,0
5238,18345,16638,18994,53977,18345,16638,18994,53977,107954,0
2358,389,3614,89,4092,389,3614,89,4092,8184,0
5567,397580,502635,606045,1506260,397580,502635,606045,1506260,3012520,33759.2934
2974,18599,28434,52183,99216,18599,28434,52183,99216,198432,1561.0644
2769,18255,22949,71665,112869,18255,22949,71665,112869,225738,0
5881,82736,152162,74945,309843,82736,152162,74945,309843,619686,0
8506,160538,126640,158353,445531,160538,126640,158353,445531,891062,0
6019,129738,100542,187723,418003,129738,100542,187723,418003,836006,0
6498,80367.1378515445,158586.721069617,47188.6371599816,286142.496081143,80367.1378515445,158586.721069617,47188.6371599816,286142.496081143,572284.992162286,54976.0908
6499,147199.862148456,290466.278930383,86430.3628400184,524096.503918857,147199.862148456,290466.278930383,86430.3628400184,524096.503918857,1048193.00783771,236838.5231
9919,40163,4889,18498,63550,40163,4889,18498,63550,127100,0
3074,189010,380612,343658,913280,189010,380612,343658,913280,1826560,51208.3045
3071,9090,28065,11472,48627,9090,28065,11472,48627,97254,0
7728,931184,2758243,405337,4094764,931184,2758243,405337,4094764,8189528,422105.823600001
9589,4596,21067,4042,29705,4596,21067,4042,29705,59410,0
8808,46773,48688,16552,112013,46773,48688,16552,112013,224026,0
5330,5680,8893,12962,27535,5680,8893,12962,27535,55070,0
5331,40563,76588,46004,163155,40563,76588,46004,163155,326310,0
5175,13290,14653,38442,66385,13290,14653,38442,66385,132770,0
7038,44674,61172,56450,162296,44674,61172,56450,162296,324592,0
7039,16978,21339,51751,90068,16978,21339,51751,90068,180136,0
3674,393832,544370,342232,1280434,393832,544370,342232,1280434,2560868,590157.208200002
3523,540,47050,149,47739,540,47050,149,47739,95478,0
1863,9343,4569,2054,15966,9343,4569,2054,15966,31932,0
9774,59857,107486,124918,292261,59857,107486,124918,292261,584522,62975.3696
3426,76881,397473,110886,585240,76881,397473,110886,585240,1170480,332556.935800001
7834,21200,5817,3257,30274,21200,5817,3257,30274,60548,0
2789,17223,29813,41370,88406,17223,29813,41370,88406,176812,0
5828,114,686,241,1041,114,686,241,1041,2082,0
6929,13338,20227,9634,43199,13338,20227,9634,43199,86398,0
2257,103014,130047,154871,387932,103014,130047,154871,387932,775864,130890.0881
8668,2827,1862,27,4716,2827,1862,27,4716,9432,0
9571,15146,18325,6343,39814,15146,18325,6343,39814,79628,0
4426,45697,24938,3334,73969,45697,24938,3334,73969,147938,0
3895,29988,3139,19765,52892,29988,3139,19765,52892,105784,0
9609,13973,22229,17763,53965,13973,22229,17763,53965,107930,0
5568,341108,393420,442850,1177378,341108,393420,442850,1177378,2354756,0
5428,318700,538869,1149536,2007105,318700,538869,1149536,2007105,4014210,0
5460,1184,3248,1336,5768,1184,3248,1336,5768,11536,0
8528,46940,40340,38221,125501,46940,40340,38221,125501,251002,0
9358,75169,150528,60154,285851,75169,150528,60154,285851,571702,0
5636,55581,83297,59484,198362,55581,83297,59484,198362,396724,0
5429,124264,130020,145259,399543,124264,130020,145259,399543,799086,0
6875,7620,6078,35302,49000,7620,6078,35302,49000,98000,0
2455,316,294,0,610,316,294,0,610,1220,0
9189,21953,42783,17177,81913,21953,42783,17177,81913,163826,0
7895,9750,1888,4512,16150,9750,1888,4512,16150,32300,0
5601,66870,71323,130184,268377,66870,71323,130184,268377,536754,0
7308,32000,60817,30513,123330,32000,60817,30513,123330,246660,0
1422,109146,207025,171683,487854,109146,207025,171683,487854,975708,0
7996,60677,227177,56621,344475,60677,227177,56621,344475,688950,0
1069,228950,806852,481819,1517621,228950,806852,481819,1517621,3035242,3570.3251
1111,81059,120214,221381,422654,81059,120214,221381,422654,845308,0
5120,17313,13889,21032,52234,17313,13889,21032,52234,104468,0
1478,34150,36151,59693,129994,34150,36151,59693,129994,259988,0
6971,33369,76971,117234,227574,33369,76971,117234,227574,455148,0
2326,42348,53821,20928,117097,42348,53821,20928,117097,234194,0
7309,376736,1385158,262598,2024492,376736,1385158,262598,2024492,4048984,462316.091099999
5376,428601,706212,998146,2132959,428601,706212,998146,2132959,4265918,1263071.3278
1826,940745,2129608,529858,3600211,940745,2129608,529858,3600211,7200422,431953.170400001
1077,215851,253271,149124,618246,215851,253271,149124,618246,1236492,423978.265199998
5068,148207,168673,281194,598074,148207,168673,281194,598074,1196148,0
7946,14912,2034,937,17883,14912,2034,937,17883,35766,0
5262,8637,12067,18391,39095,8637,12067,18391,39095,78190,0
5476,10259,13780,22808,46847,10259,13780,22808,46847,93694,0
4689,6602,14776,6537,27915,6602,14776,6537,27915,55830,0
1904,30258,58557,17523,106338,30258,58557,17523,106338,212676,4405.6541
6020,160830,124863,235582,521275,160830,124863,235582,521275,1042550,0
8725,32690,53971,1391,88052,32690,53971,1391,88052,176104,0
7451,180905,162410,82139,425454,180905,162410,82139,425454,850908,0
5310,6967,4615,9512,21094,6967,4615,9512,21094,42188,0
5786,-1,1519,0,1518,-1,1519,0,1518,3036,0
4641,24058,28538,42130,94726,24058,28538,42130,94726,189452,0
2258,89405,243223,119356,451984,89405,243223,119356,451984,903968,0
6003,767651,865972,172119,1805742,767651,865972,172119,1805742,3611484,0
3219,62853,37011,57671,157535,62853,37011,57671,157535,315070,0
4533,61520,76945,91921,230386,61520,76945,91921,230386,460772,0
5021,14969,20046,62269,97284,14969,20046,62269,97284,194568,0
2281,207984,532818,340885,1081687,207984,532818,340885,1081687,2163374,49460.5734
5122,533404,848851,1139742,2521997,533404,848851,1139742,2521997,5043994,1169176.1746
2259,14291,18463,9474,42228,14291,18463,9474,42228,84456,0
2247,155236,156938,204087,516261,155236,156938,204087,516261,1032522,0
5071,39506,79217,75029,193752,39506,79217,75029,193752,387504,32895.8471
7273,15675,33540,10211,59426,15675,33540,10211,59426,118852,0
7274,7710,14546,3203,25459,7710,14546,3203,25459,50918,0
8309,84634,41346,69265,195245,84634,41346,69265,195245,390490,0
2157,41699,29484,8400,79583,41699,29484,8400,79583,159166,0
5526,16229,23203,59147,98579,16229,23203,59147,98579,197158,0
2090,42686,210241,7957,260884,42686,210241,7957,260884,521768,277031.2132
3115,552589,1999005,730745,3282339,552589,1999005,730745,3282339,6564678,221621.093499999
3121,23336,79621,34391,137348,23336,79621,34391,137348,274696,85252.4519
5602,66682,66142,124224,257048,66682,66142,124224,257048,514096,0
5377,106275,226210,493513,825998,106275,226210,493513,825998,1651996,0
3087,3211181,8963864,6092992,18268037,3211181,8963864,6092992,18268037,36536074,2990922.8
5224,99644,173468,303145,576257,99644,173468,303145,576257,1152514,97320.1741
2387,26344,14589,21183,62116,26344,14589,21183,62116,124232,0
3427,30597,269492,39239,339328,30597,269492,39239,339328,678656,0
9657,35379,59323,89143,183845,35379,59323,89143,183845,367690,0
9683,463558,682059,933287,2078904,463558,682059,933287,2078904,4157808,111039.4295
9664,9620,20159,9937,39716,9620,20159,9937,39716,79432,0
6021,261384,284330,385943,931657,261384,284330,385943,931657,1863314,0
3036,47190,76716,98418,222324,47190,76716,98418,222324,444648,0
8479,36639,22095,23561,82295,36639,22095,23561,82295,164590,0
4250,844,1001,10,1855,844,1001,10,1855,3710,0
3524,7638,64864,22582,95084,7638,64864,22582,95084,190168,73633.7705
2402,15565,28849,19463,63877,15565,28849,19463,63877,127754,0
1561,3609,2248,4466,10323,3609,2248,4466,10323,20646,0
5882,34600,53065,28400,116065,34600,53065,28400,116065,232130,0
3246,25090,22312,15916,63318,25090,22312,15916,63318,126636,0
9917,289964,638768,500265,1428997,289964,638768,500265,1428997,2857994,538383.668
2032,2361,585,861,3807,2361,585,861,3807,7614,0
3213,27146,6546,15456,49148,27146,6546,15456,49148,98296,0
2916,7585,9594,7555,24734,7585,9594,7555,24734,49468,0
9775,49224,57807,112614,219645,49224,57807,112614,219645,439290,0
1687,1567,167,777,2511,1567,167,777,2511,5022,0
5423,778309,1307637,1674214,3760160,778309,1307637,1674214,3760160,7520320,2566078.56830003
7685,305,14,968,1287,305,14,968,1287,2574,0
2403,9220,12393,8538,30151,9220,12393,8538,30151,60302,0
4140,32135,14410,25146,71691,32135,14410,25146,71691,143382,0
4101,10086,4132,5,14223,10086,4132,5,14223,28446,0
4102,17434,5625,296,23355,17434,5625,296,23355,46710,0
4129,1959,763,0,2722,1959,763,0,2722,5444,0
3863,171078,29549,105778,306405,171078,29549,105778,306405,612810,0
3851,50862,32407,35182,118451,50862,32407,35182,118451,236902,0
4021,123353,8116,104420,235889,123353,8116,104420,235889,471778,0
5072,196420,263890,378977,839287,196420,263890,378977,839287,1678574,2934.2697
5378,77185,127409,115895,320489,77185,127409,115895,320489,640978,0
4335,3991,1389,10,5390,3991,1389,10,5390,10780,0
6634,32125,32453,16848,81426,32125,32453,16848,81426,162852,0
1195,48826,21425,41219,111470,48826,21425,41219,111470,222940,0
2494,3215,2454,1407,7076,3215,2454,1407,7076,14152,0
3499,11006,61267,29057,101330,11006,61267,29057,101330,202660,0
3992,18624,2801,2967,24392,18624,2801,2967,24392,48784,0
4473,6625,2165,17146,25936,6625,2165,17146,25936,51872,0
2102,33360,194921,20933,249214,33360,194921,20933,249214,498428,60797.9377
3525,13545,86238,22118,121901,13545,86238,22118,121901,243802,0
4463,1232,457,194,1883,1232,457,194,1883,3766,0
5477,4531,7284,9101,20916,4531,7284,9101,20916,41832,0
3944,7887,1670,4031,13588,7887,1670,4031,13588,27176,0
4254,391,349,0,740,391,349,0,740,1480,0
4409,990,725,0,1715,990,725,0,1715,3430,0
2433,10114,757,1617,12488,10114,757,1617,12488,24976,0
3526,14896,227788,28834,271518,14896,227788,28834,271518,543036,174.4429
3528,1911,9574,3780,15265,1911,9574,3780,15265,30530,0
1128,37009,78090,202428,317527,37009,78090,202428,317527,635054,0
4887,12462,27183,10700,50345,12462,27183,10700,50345,100690,0
8805,147848,368771,56572,573191,147848,368771,56572,573191,1146382,126185.5885
6133,410893,1378057,559987,2348937,410893,1378057,559987,2348937,4697874,922399.8299
5657,136345,243294,310811,690450,136345,243294,310811,690450,1380900,11502.7798
5123,263452,254902,626406,1144760,263452,254902,626406,1144760,2289520,0
5461,14940,27467,39591,81998,14940,27467,39591,81998,163996,0
5462,234,398,6739,7371,234,398,6739,7371,14742,0
3062,17927,55692,42979,116598,17927,55692,42979,116598,233196,0
3214,19,4,0,23,19,4,0,23,46,0
5757,14148,19050,13979,47177,14148,19050,13979,47177,94354,0
8801,10684,49229,671,60584,10684,49229,671,60584,121168,0
7452,201593,162228,211660,575481,201593,162228,211660,575481,1150962,209835.2187
2752,3561,1140,114,4815,3561,1140,114,4815,9630,0
8670,3926,1861,0,5787,3926,1861,0,5787,11574,0
5225,7954,15997,30652,54603,7954,15997,30652,54603,109206,0
2308,4298,5762,2943,13003,4298,5762,2943,13003,26006,0
5332,11291,31673,29869,72833,11291,31673,29869,72833,145666,0
5208,158088,215858,396663,770609,158088,215858,396663,770609,1541218,0
3580,119501,993217,131063,1243781,119501,993217,131063,1243781,2487562,95081.8775999999
5885,57579,66416,35484,159479,57579,66416,35484,159479,318958,0
5455,51808,269285,192498,513591,51808,269285,192498,513591,1027182,0
1078,96,8,350,454,96,8,350,454,908,0
9820,41454,66566,76220,184240,41454,66566,76220,184240,368480,0
9804,18655,36781,18351,73787,18655,36781,18351,73787,147574,0
9821,50064,100001,48491,198556,50064,100001,48491,198556,397112,0
9623,25364,50274,19298,94936,25364,50274,19298,94936,189872,0
9936,96037,156946,113375,366358,96037,156946,113375,366358,732716,0
3422,7823,44510,8080,60413,7823,44510,8080,60413,120826,0
6819,64429,98752,117060,280241,64429,98752,117060,280241,560482,0
4251,1706,1227,5,2938,1706,1227,5,2938,5876,0
8540,1219,1217,412,2848,1219,1217,412,2848,5696,1.6809
8548,44629,50958,30972,126559,44629,50958,30972,126559,253118,2377.1115
8541,10832,5407,15,16254,10832,5407,15,16254,32508,0
4023,7532,1165,2233,10930,7532,1165,2233,10930,21860,0
3850,51075,46849,52813,150737,51075,46849,52813,150737,301474,0
2459,320,205,0,525,320,205,0,525,1050,0
3744,19055,4183,10612,33850,19055,4183,10612,33850,67700,0
3904,228260,27915,132579,388754,228260,27915,132579,388754,777508,90500.8017
5883,164308,323956,99197,587461,164308,323956,99197,587461,1174922,6817.3837
8254,13289,9706,9280,32275,13289,9706,9280,32275,64550,0
9667,56739,106926,105261,268926,56739,106926,105261,268926,537852,3768.4562
2198,133447,127717,89298,350462,133447,127717,89298,350462,700924,0
4181,98325,95449,57597,251371,98325,95449,57597,251371,502742,0
5928,71222,76367,51714,199303,71222,76367,51714,199303,398606,0
3870,85781,9655,61410,156846,85781,9655,61410,156846,313692,0
4313,23356,12164,4077,39597,23356,12164,4077,39597,79194,0
8860,14447,4496,9219,28162,14447,4496,9219,28162,56324,0
5276,110827,212112,251718,574657,110827,212112,251718,574657,1149314,0
5537,215572.206392468,576555.988602577,264712.180376611,1056840.37537166,215572.206392468,576555.988602577,264712.180376611,1056840.37537166,2113680.75074332,25796.9968
5829,62,136,180,378,62,136,180,378,756,0
5540,220542.793607532,589850.011397423,270815.81962339,1081208.62462835,220542.793607532,589850.011397423,270815.81962339,1081208.62462835,2162417.2492567,158033.5531
9958,10513,24060,11123,45696,10513,24060,11123,45696,91392,0
6022,232797,331810,408753,973360,232797,331810,408753,973360,1946720,0
2671,120635,102351,40101,263087,120635,102351,40101,263087,526174,0
2874,40086,49819,19631,109536,40086,49819,19631,109536,219072,0
1346,1081,1260,996,3337,1081,1260,996,3337,6674,0
2337,39381,75784,80482,195647,39381,75784,80482,195647,391294,0
2521,89732,60509,24474,174715,89732,60509,24474,174715,349430,0
2875,10227,11783,5791,27801,10227,11783,5791,27801,55602,0
2753,923950,1052984,333861,2310795,923950,1052984,333861,2310795,4621590,1368385.2903
5285,62753,102964,118283,284000,62753,102964,118283,284000,568000,0
9366,50396,35598,51178,137172,50396,35598,51178,137172,274344,0
9543,51267,110386,34776,196429,51267,110386,34776,196429,392858,0
9544,33425,10582,2506,46513,33425,10582,2506,46513,93026,0
9808,19744,27349,21741,68834,19744,27349,21741,68834,137668,0
3055,73185,82644,134971,290800,73185,82644,134971,290800,581600,30708.5158
7419,26533,31113,40289,97935,26533,31113,40289,97935,195870,0
7509,29741,28430,18938,77109,29741,28430,18938,77109,154218,0
5468,42426,80196,84396,207018,42426,80196,84396,207018,414036,0
7453,139864,123754,59041,322659,139864,123754,59041,322659,645318,0
5379,336668,609178,729511,1675357,336668,609178,729511,1675357,3350714,672184.542900002
5430,79117,85832,157565,322514,79117,85832,157565,322514,645028,0
5603,887924,1214838,2411536,4514298,887924,1214838,2411536,4514298,9028596,0
4314,13232,16861,8852,38945,13232,16861,8852,38945,77890,0
1663,23233,1074,7359,31666,23233,1074,7359,31666,63332,0
4185,18337,14632,27397,60366,18337,14632,27397,60366,120732,0
3994,25690,4566,11946,42202,25690,4566,11946,42202,84404,0
5176,22496,21413,17623,61532,22496,21413,17623,61532,123064,0
9822,77615,174964,90724,343303,77615,174964,90724,343303,686606,0
1419,380753,714962,404983,1500698,380753,714962,404983,1500698,3001396,0
5424,293618,475385,654314,1423317,293618,475385,654314,1423317,2846634,0
5596,207750,215784,455282,878816,207750,215784,455282,878816,1757632,0
3531,3,788,0,791,3,788,0,791,1582,0
6242,2314,744,496,3554,2314,744,496,3554,7108,0
1546,131624,188804,273813,594241,131624,188804,273813,594241,1188482,0
3118,17440,26569,28943,72952,17440,26569,28943,72952,145904,0
3874,123502,15112,100859,239473,123502,15112,100859,239473,478946,45593.3875
2404,5670,14975,3087,23732,5670,14975,3087,23732,47464,0
7454,272589,274846,313747,861182,272589,274846,313747,861182,1722364,0
5177,131583,236264,519933,887780,131583,236264,519933,887780,1775560,0
2296,43883,98193,48311,190387,43883,98193,48311,190387,380774,0
5023,75445,269685,256407,601537,75445,269685,256407,601537,1203074,79749.6157000001
2734,21850,11101,15465,48416,21850,11101,15465,48416,96832,0
8834,2798,1391,0,4189,2798,1391,0,4189,8378,0
6361,904,83,1805,2792,904,83,1805,2792,5584,0
1999,15356,1419,262,17037,15356,1419,262,17037,34074,0
5083,36151,27837,35047,99035,36151,27837,35047,99035,198070,0
8519,6752,2579,9150,18481,6752,2579,9150,18481,36962,0
8031,295,7,98,400,295,7,98,400,800,0
6884,150160,222481,602159,974800,150160,222481,602159,974800,1949600,0
5569,511158,654803,1050697,2216658,511158,654803,1050697,2216658,4433316,188810.832
3149,1735174,3717867,2924951,8377992,1735174,3717867,2924951,8377992,16755984,3970335.42570001
3160,56798,70185,79338,206321,56798,70185,79338,206321,412642,9125.7849
6967,126591,169908,173302,469801,126591,169908,173302,469801,939602,0
5912,8630,4719,9684,23033,8630,4719,9684,23033,46066,311.5109
7950,103241,42461,25641,171343,103241,42461,25641,171343,342686,0
7974,33029,10594,14492,58115,33029,10594,14492,58115,116230,0
2979,20955,34768,31444,87167,20955,34768,31444,87167,174334,0
2857,12,7,0,19,12,7,0,19,38,0
1208,154018,199218,147911,501147,154018,199218,147911,501147,1002294,0
5478,373582,651485,919773,1944840,373582,651485,919773,1944840,3889680,1032843.4173
3247,24641,15782,9443,49866,24641,15782,9443,49866,99732,0
3530,16158,119306,31633,167097,16158,119306,31633,167097,334194,0
5431,27183,27993,69535,124711,27183,27993,69535,124711,249422,0
7316,6126,8922,6492,21540,6126,8922,6492,21540,43080,504.2382
5480,144960,183242,331298,659500,144960,183242,331298,659500,1319000,0
9867,12330,22569,23892,58791,12330,22569,23892,58791,117582,0
6511,81261,123163,38030,242454,81261,123163,38030,242454,484908,112823.4585
3906,23635,2707,12845,39187,23635,2707,12845,39187,78374,0
3876,41826,26048,23501,91375,41826,26048,23501,91375,182750,0
2544,4694,1918,1468,8080,4694,1918,1468,8080,16160,0
2461,126341,106749,35562,268652,126341,106749,35562,268652,537304,0
4027,56115,5587,32989,94691,56115,5587,32989,94691,189382,0
2106,8337,1128,0,9465,8337,1128,0,9465,18930,0
2131,41356,56371,59836,157563,41356,56371,59836,157563,315126,0
5570,1499980,2219710,2209991,5929681,1499980,2219710,2209991,5929681,11859362,1642110.3201
687,208352,253818,99938,562108,208352,253818,99938,562108,1124216,0
5432,40463,56846,100978,198287,40463,56846,100978,198287,396574,0
1538,3204,5539,9857,18600,3204,5539,9857,18600,37200,0
7510,5423,4934,3636,13993,5423,4934,3636,13993,27986,0
9920,30492,3047,16941,50480,30492,3047,16941,50480,100960,0
2580,17115,4203,4080,25398,17115,4203,4080,25398,50796,0
5226,17193,43536,88149,148878,17193,43536,88149,148878,297756,0
2261,29737,61671,50101,141509,29737,61671,50101,141509,283018,0
2924,119358,232167,215684,567209,119358,232167,215684,567209,1134418,8152.3242
3532,29,1249,0,1278,29,1249,0,1278,2556,0
5203,121792,282060,288778,692630,121792,282060,288778,692630,1385260,45609.8321
6885,64711,93237,140369,298317,64711,93237,140369,298317,596634,0
2189,156813,117787,81248,355848,156813,117787,81248,355848,711696,0
8671,656,199,0,855,656,199,0,855,1710,0
9921,24622,1529,16678,42829,24622,1529,16678,42829,85658,0
6353,1485,635,50,2170,1485,635,50,2170,4340,0
2444,74,198,0,272,74,198,0,272,544,0
6886,979487,1733817,1807194,4520498,979487,1733817,1807194,4520498,9040996,605045.543
2833,35962,51987,62637,150586,35962,51987,62637,150586,301172,11732.7703
5943,79943,100060,66034,246037,79943,100060,66034,246037,492074,0
1962,11382,5002,6158,22542,11382,5002,6158,22542,45084,0
2722,17127,4594,6908,28629,17127,4594,6908,28629,57258,2655.6506
2873,21332,23052,28299,72683,21332,23052,28299,72683,145366,0
9190,50776,47381,77494,175651,50776,47381,77494,175651,351302,0
6676,135632,101003,108135,344770,135632,101003,108135,344770,689540,2754.9321
1039,181777,350773,331578,864128,181777,350773,331578,864128,1728256,0
7297,2281,2771,1355,6407,2281,2771,1355,6407,12814,0
5658,12940,17687,29140,59767,12940,17687,29140,59767,119534,0
4606,122540,157554,227660,507754,122540,157554,227660,507754,1015508,0
8835,1411,675,0,2086,1411,675,0,2086,4172,0
6829,19230,21430,31320,71980,19230,21430,31320,71980,143960,0
6090,181499,236177,299666,717342,181499,236177,299666,717342,1434684,23035.586
4477,26651,17645,2197,46493,26651,17645,2197,46493,92986,0
2315,2949,4353,1035,8337,2949,4353,1035,8337,16674,0
1087,235617,511610,393567,1140794,235617,511610,393567,1140794,2281588,93031.3221999998
1135,27800,33025,9594,70419,27800,33025,9594,70419,140838,0
1084,22129,40944,14865,77938,22129,40944,14865,77938,155876,31299.7631
2291,94773,255835,28311,378919,94773,255835,28311,378919,757838,24383.4223
2294,56245,15344,20376,91965,56245,15344,20376,91965,183930,1.4373
6327,26980,3226,13458,43664,26980,3226,13458,43664,87328,0
8174,1439,44,0,1483,1439,44,0,1483,2966,0
9787,97875,246877,210292,555044,97875,246877,210292,555044,1110088,0
5542,77628,29605,33439,140672,77628,29605,33439,140672,281344,0
5541,59651,35744,13810,109205,59651,35744,13810,109205,218410,171631.2284
5543,40565,7761,41784,90110,40565,7761,41784,90110,180220,0
2977,3353,6299,3887,13539,3353,6299,3887,13539,27078,0
5024,31667,127168,70590,229425,31667,127168,70590,229425,458850,0
6820,58260,70571,105258,234089,58260,70571,105258,234089,468178,0
2798,46853,33184,125878,205915,46853,33184,125878,205915,411830,0
2794,141654,169768,166517,477939,141654,169768,166517,477939,955878,379176.6671
5380,24761,15467,25976,66204,24761,15467,25976,66204,132408,0
7318,1655,2292,2552,6499,1655,2292,2552,6499,12998,0
5663,234239,548257,231578,1014074,234239,548257,231578,1014074,2028148,247076.4119
8561,159188,120517,160469,440174,159188,120517,160469,440174,880348,0
3587,4031,19670,9886,33587,4031,19670,9886,33587,67174,0
7951,77082,31008,17146,125236,77082,31008,17146,125236,250472,0
9547,37231,97094,33739,168064,37231,97094,33739,168064,336128,0
8033,776,487,0,1263,776,487,0,1263,2526,0
2673,688,57,832,1577,688,57,832,1577,3154,0
8724,0,65,0,65,0,65,0,65,130,0
8358,48381,28494,60623,137498,48381,28494,60623,137498,274996,0
1261,54737,33510,28572,116819,54737,33510,28572,116819,233638,0
5433,112237,172487,266525,551249,112237,172487,266525,551249,1102498,0
2249,129785,330534,200191,660510,129785,330534,200191,660510,1321020,149760.9511
5646,16277,29014,32818,78109,16277,29014,32818,78109,156218,0
5025,7814,21077,20359,49250,7814,21077,20359,49250,98500,0
5525,66898,8994,21246,97138,66898,8994,21246,97138,194276,0
3584,43,543,72,658,43,543,72,658,1316,0
1149,83802,195911,174778,454491,83802,195911,174778,454491,908982,0
5026,23314,45981,74145,143440,23314,45981,74145,143440,286880,0
6172,66964,101318,95304,263586,66964,101318,95304,263586,527172,0
2388,31245,30696,10493,72434,31245,30696,10493,72434,144868,0
9549,4304,7879,83,12266,4304,7879,83,12266,24532,0
4270,20349,1683,9453,31485,20349,1683,9453,31485,62970,0
4108,2339,1611,0,3950,2339,1611,0,3950,7900,0
3056,8716,6823,15811,31350,8716,6823,15811,31350,62700,0
6806,66105,67039,122493,255637,66105,67039,122493,255637,511274,0
6328,21124,4956,4880,30960,21124,4956,4880,30960,61920,0
7224,16850,49449,7374,73673,16850,49449,7374,73673,147346,0
8185,119064,319483,31806,470353,119064,319483,31806,470353,940706,1264.7696
8672,105,42,0,147,105,42,0,147,294,0
9996,59053,106987,63643,229683,59053,106987,63643,229683,459366,0
6456,53319,130765,20169,204253,53319,130765,20169,204253,408506,3688.5496
3254,14867,4289,11692,30848,14867,4289,11692,30848,61696,0
5333,57782,167229,158730,383741,57782,167229,158730,383741,767482,0
2250,101612,178144,99901,379657,101612,178144,99901,379657,759314,0
7814,29305,23222,16447,68974,29305,23222,16447,68974,137948,0
8178,18187,32190,13531,63908,18187,32190,13531,63908,127816,25989.0379
2003,13573,1608,3247,18428,13573,1608,3247,18428,36856,0
8007,13645,7564,6778,27987,13645,7564,6778,27987,55974,0
3061,21004,15473,37496,73973,21004,15473,37496,73973,147946,0
8201,57424,133769,114026,305219,57424,133769,114026,305219,610438,53746.8402
5434,181555,278942,396464,856961,181555,278942,396464,856961,1713922,1903.9767
2004,37123,435,64452,102010,37123,435,64452,102010,204020,57.8148
5179,6821,13292,14557,34670,6821,13292,14557,34670,69340,0
1105,226788,455775,652886,1335449,226788,455775,652886,1335449,2670898,0
2107,56366,9778,215,66359,56366,9778,215,66359,132718,0
6893,311895,508935,742356,1563186,311895,508935,742356,1563186,3126372,0
6931,748025,1362031,1575452,3685508,748025,1362031,1575452,3685508,7371016,7158.7393
5124,324150,665950,1079193,2069293,324150,665950,1079193,2069293,4138586,868115.9463
3205,41289,1276,87827,130392,41289,1276,87827,130392,260784,0
3679,66956,12765,44857,124578,66956,12765,44857,124578,249156,40054.3505
1082,511644,939735,1036853,2488232,511644,939735,1036853,2488232,4976464,0
5638,18431,16952,36451,71834,18431,16952,36451,71834,143668,0
5529,98066,27686,21075,146827,98066,27686,21075,146827,293654,0
6963,2310,2913,1378,6601,2310,2913,1378,6601,13202,0
5929,17964,21415,63452,102831,17964,21415,63452,102831,205662,0
9823,15677,38781,25356,79814,15677,38781,25356,79814,159628,0
5184,54707,83088,63974,201769,54707,83088,63974,201769,403538,0
6691,1392675,2428099,785772,4606546,1392675,2428099,785772,4606546,9213092,1032373.8274
7043,21447,38514,27516,87477,21447,38514,27516,87477,174954,0
6888,473865,535482,835578,1844925,473865,535482,835578,1844925,3689850,1586172.5306
1178,22042,11971,54541,88554,22042,11971,54541,88554,177108,0
9587,856651,1462527,2007536,4326714,856651,1462527,2007536,4326714,8653428,26712.279
5186,4599,10213,5644,20456,4599,10213,5644,20456,40912,0
8448,12954,13726,9453,36133,12954,13726,9453,36133,72266,0
5605,55329,63554,105324,224207,55329,63554,105324,224207,448414,0
7044,11023,22607,19296,52926,11023,22607,19296,52926,105852,0
5835,17219,83473,9798,110490,17219,83473,9798,110490,220980,0
8257,14189,1125,9752,25066,14189,1125,9752,25066,50132,0
7319,23782,66205,7565,97552,23782,66205,7565,97552,195104,0
9903,67836,167849,121721,357406,67836,167849,121721,357406,714812,0
9552,13975,15468,23140,52583,13975,15468,23140,52583,105166,0
4619,21971,26565,23730,72266,21971,26565,23730,72266,144532,0
7893,15760,5193,1955,22908,15760,5193,1955,22908,45816,0
3150,12848,11595,21214,45657,12848,11595,21214,45657,91314,0
8347,292457,280551,296621,869629,292457,280551,296621,869629,1739258,381731.4516
7073,3,3,0,6,3,3,0,6,12,0
3009,1383,553,894,2830,1383,553,894,2830,5660,0
1595,17671,20632,5335,43638,17671,20632,5335,43638,87276,0
3206,17314,3419,7645,28378,17314,3419,7645,28378,56756,0
6570,11092,2481,3919,17492,11092,2481,3919,17492,34984,0
4526,36548,57157,84894,178599,36548,57157,84894,178599,357198,0
7455,100091,93804,167690,361585,100091,93804,167690,361585,723170,0
5930,22620,16869,20951,60440,22620,16869,20951,60440,120880,0
1024,832742,1586305,1411580,3830627,832742,1586305,1411580,3830627,7661254,558972.942199999
5074,3936,8639,7831,20406,3936,8639,7831,20406,40812,0
5277,133986,371873,223205,729064,133986,371873,223205,729064,1458128,0
5084,198497,182235,445100,825832,198497,182235,445100,825832,1651664,4402.3457
2546,79039,28302,11256,118597,79039,28302,11256,118597,237194,16042.2954
9739,27817,43871,40371,112059,27817,43871,40371,112059,224118,0
4387,334035,476874,178715,989624,334035,476874,178715,989624,1979248,239565.5551
5125,369276,417926,742727,1529929,369276,417926,742727,1529929,3059858,0
1902,20064,16411,25372,61847,20064,16411,25372,61847,123694,0
2000,3716,160,1055,4931,3716,160,1055,4931,9862,0
6782,8879,8258,2607,19744,8879,8258,2607,19744,39488,0
6972,159708,254445,280780,694933,159708,254445,280780,694933,1389866,0
1968,12345,8051,7040,27436,12345,8051,7040,27436,54872,0
9988,70347,124311,128774,323432,70347,124311,128774,323432,646864,0
5187,214373,358350,482800,1055523,214373,358350,482800,1055523,2111046,306951.4952
6265,50220,119935,6880,177035,50220,119935,6880,177035,354070,0
4217,14668,2861,5057,22586,14668,2861,5057,22586,45172,0
2728,303482,119333,122589,545404,303482,119333,122589,545404,1090808,8874.3278
5154,83278,90583,219710,393571,83278,90583,219710,393571,787142,6955.2738
8450,37481,33022,35801,106304,37481,33022,35801,106304,212608,0
9236,8591,6377,3190,18158,8591,6377,3190,18158,36316,0
6362,60275,63134,37235,160644,60275,63134,37235,160644,321288,41731.229
8179,1983,78,0,2061,1983,78,0,2061,4122,0
3172,654806,1094521,1015210,2764537,654806,1094521,1015210,2764537,5529074,1621267.7783
4530,18790,15054,30305,64149,18790,15054,30305,64149,128298,0
5494,3553,2514,0,6067,3553,2514,0,6067,12134,0
1114,66370,76263,177164,319797,66370,76263,177164,319797,639594,508493.7729
1150,30285,50083,146720,227088,30285,50083,146720,227088,454176,38.4668
2660,15555,42402,16619,74576,15555,42402,16619,74576,149152,0
8036,665,13,168,846,665,13,168,846,1692,0
5189,24614,28255,55784,108653,24614,28255,55784,108653,217306,0
5185,1165,1397,1276,3838,1165,1397,1276,3838,7676,0
5126,3514,7671,18601,29786,3514,7671,18601,29786,59572,0
4527,209179,379634,328145,916958,209179,379634,328145,916958,1833916,30082.2448
7320,1564,2806,676,5046,1564,2806,676,5046,10092,0
1452,101208,109580,150331,361119,101208,109580,150331,361119,722238,0
7953,8085,707,2131,10923,8085,707,2131,10923,21846,0
5425,73240,116089,189220,378549,73240,116089,189220,378549,757098,0
5410,162138,154620,309005,625763,162138,154620,309005,625763,1251526,0
8355,67138,87716,41171,196025,67138,87716,41171,196025,392050,0
3138,10063,10119,10910,31092,10063,10119,10910,31092,62184,0
9318,99932,53714,140070,293716,99932,53714,140070,293716,587432,0
1451,41781,80631,105702,228114,41781,80631,105702,228114,456228,0
1453,68553,122130,105145,295828,68553,122130,105145,295828,591656,0
5292,20121,18245,31542,69908,20121,18245,31542,69908,139816,0
8142,24559,18787,25883,69229,24559,18787,25883,69229,138458,0
3057,45963,37930,33459,117352,45963,37930,33459,117352,234704,0
7404,112416,197700,379768,689884,112416,197700,379768,689884,1379768,0
1949,13599,9475,14355,37429,13599,9475,14355,37429,74858,0
6892,49021,43850,192715,285586,49021,43850,192715,285586,571172,0
3187,274015,479966,641600,1395581,274015,479966,641600,1395581,2791162,0
5922,288364,335622,285730,909716,288364,335622,285730,909716,1819432,184557.4737
5932,825380,1655155,699311,3179846,825380,1655155,699311,3179846,6359692,1138101.2882
5263,21366,43614,47970,112950,21366,43614,47970,112950,225900,0
6947,101116,185126,130752,416994,101116,185126,130752,416994,833988,0
5339,2633,5842,508,8983,2633,5842,508,8983,17966,0
4787,73833,108288,30459,212580,73833,108288,30459,212580,425160,0
7456,347862.778698225,506775.139357109,691515.1383336,1546153.05638893,347862.778698225,506775.139357109,691515.1383336,1546153.05638893,3092306.11277786,16528.4295
7457,198089.784615385,288582.12016632,393781.954261954,880453.859043659,198089.784615385,288582.12016632,393781.954261954,880453.859043659,1760907.71808732,330.1389
7420,161931.436686391,235905.740476571,321902.907404446,719740.084567408,161931.436686391,235905.740476571,321902.907404446,719740.084567408,1439480.16913482,3189.2771
6890,13816,18538,43617,75971,13816,18538,43617,75971,151942,0
2262,284234,1422538,366760,2073532,284234,1422538,366760,2073532,4147064,33384.5072
5286,42232,92567,46237,181036,42232,92567,46237,181036,362072,0
8527,77723,63130,55030,195883,77723,63130,55030,195883,391766,0
6388,25332,54415,12951,92698,25332,54415,12951,92698,185396,0
8836,2409,1257,0,3666,2409,1257,0,3666,7332,0
2199,95684,82370,56821,234875,95684,82370,56821,234875,469750,0
1699,5305,270,7164,12739,5305,270,7164,12739,25478,0
7379,123,64,145,332,123,64,145,332,664,0
4535,22508,27111,31866,81485,22508,27111,31866,81485,162970,0
9997,58032,73742,77550,209324,58032,73742,77550,209324,418648,1191.8784
9175,283,68,0,351,283,68,0,351,702,0
2666,6231,2719,992,9942,6231,2719,992,9942,19884,0
1562,26350,40249,16002,82601,26350,40249,16002,82601,165202,0
1548,836419,1245922,1643374,3725715,836419,1245922,1643374,3725715,7451430,115167.2827
3252,2462,108,1117,3687,2462,108,1117,3687,7374,0
2672,34196,20993,7384,62573,34196,20993,7384,62573,125146,0
3534,19491,167226,45283,232000,19491,167226,45283,232000,464000,0
2002,16450,6549,3136,26135,16450,6549,3136,26135,52270,0
3590,319,357,814,1490,319,357,814,1490,2980,0
3592,375,3175,1638,5188,375,3175,1638,5188,10376,0
3536,17,825,0,842,17,825,0,842,1684,0
5914,56878,51644,50500,159022,56878,51644,50500,159022,318044,63858.8999
3537,4850,116740,7311,128901,4850,116740,7311,128901,257802,176581.8003
3586,2895,13574,12869,29338,2895,13574,12869,29338,58676,0
2341,104964,323667,141468,570099,104964,323667,141468,570099,1140198,0
2340,49677,94457,48849,192983,49677,94457,48849,192983,385966,6387.7766
5290,32977,29054,51517,113548,32977,29054,51517,113548,227096,0
3538,18270,308956,1649,328875,18270,308956,1649,328875,657750,0
5751,6749,26591,3016,36356,6749,26591,3016,36356,72712,0
6973,105100,180485,222491,508076,105100,180485,222491,508076,1016152,0
5059,86443,97096,287011,470550,86443,97096,287011,470550,941100,0
3572,39,581,171,791,39,581,171,791,1582,0
5239,71915,211769,95904,379588,71915,211769,95904,379588,759176,198098.9952
5604,232138,223034,299942,755114,232138,223034,299942,755114,1510228,0
6821,46831,53849,75045,175725,46831,53849,75045,175725,351450,0
5073,190857,233690,478329,902876,190857,233690,478329,902876,1805752,0
2248,134829,169185,184741,488755,134829,169185,184741,488755,977510,0
6110,124928,226679,318650,670257,124928,226679,318650,670257,1340514,0
1555,3072623,7103774,5685446,15861843,3072623,7103774,5685446,15861843,31723686,4474169.07629998
1268,328593,500695,284542,1113830,328593,500695,284542,1113830,2227660,277621.572899999
5670,428178,469262,491147,1388587,428178,469262,491147,1388587,2777174,402240.8026
6287,4556,528,210,5294,4556,528,210,5294,10588,0
2983,120983,218958,224509,564450,120983,218958,224509,564450,1128900,109716.9794
6140,76564,61399,39977,177940,76564,61399,39977,177940,355880,0
6968,55402,94159,102004,251565,55402,94159,102004,251565,503130,0
7458,169526,117718,246549,533793,169526,117718,246549,533793,1067586,0
2159,40,4,0,44,40,4,0,44,88,0
6834,2134386,831646,40231,3006263,2134386,831646,40231,3006263,6012526,31109.7916
6833,65750,75446,129059,270255,65750,75446,129059,270255,540510,8076.5854
5228,58435,135691,234747,428873,58435,135691,234747,428873,857746,0
3250,52158,25478,12300,89936,52158,25478,12300,89936,179872,0
8221,40867,24486,21117,86470,40867,24486,21117,86470,172940,0
3413,9466,29788,16404,55658,9466,29788,16404,55658,111316,0
1977,6258,7941,8131,22330,6258,7941,8131,22330,44660,0
1043,35086,50373,130497,215956,35086,50373,130497,215956,431912,0
8469,145618,129844,143975,419437,145618,129844,143975,419437,838874,0
9842,41096,62650,46466,150212,41096,62650,46466,150212,300424,0
6092,688477,970718,720791,2379986,688477,970718,720791,2379986,4759972,256947.9316
9553,15095,33029,17773,65897,15095,33029,17773,65897,131794,0
1386,2944,6251,8968,18163,2944,6251,8968,18163,36326,0
9554,36957,70984,52912,160853,36957,70984,52912,160853,321706,0
9888,346219,680339,194264,1220822,346219,680339,194264,1220822,2441644,317402.8771
2771,418555,972135,402326,1793016,418555,972135,402326,1793016,3586032,900031.030799999
7513,10801,8063,7963,26827,10801,8063,7963,26827,53654,0
8451,4726,4211,1877,10814,4726,4211,1877,10814,21628,0
7975,25210,7136,6124,38470,25210,7136,6124,38470,76940,0.1599
1467,32413,36952,88686,158051,32413,36952,88686,158051,316102,0
6934,138893,214325,229498,582716,138893,214325,229498,582716,1165432,0
1314,402783,831052,186284,1420119,402783,831052,186284,1420119,2840238,199352.247
1316,31916,16473,6062,54451,31916,16473,6062,54451,108902,0
5248,21004,13026,56143,90173,21004,13026,56143,90173,180346,0
1454,102007,166351,147810,416168,102007,166351,147810,416168,832336,0
5240,10565,27522,42071,80158,10565,27522,42071,80158,160316,0
8964,87722,116942,63185,267849,87722,116942,63185,267849,535698,0
4770,11220,51672,11501,74393,11220,51672,11501,74393,148786,0
5606,149497,155381,254637,559515,149497,155381,254637,559515,1119030,0
4646,113292,279158,324706,717156,113292,279158,324706,717156,1434312,459278.1065
4643,46171,95235,131444,272850,46171,95235,131444,272850,545700,0
9396,6814,9396,3618,19828,6814,9396,3618,19828,39656,0
7355,107712,174831,195558,478101,107712,174831,195558,478101,956202,46621.9422
9555,9256,17728,0,26984,9256,17728,0,26984,53968,0
6969,4016536,7270054,9270040,20556630,4016536,7270054,9270040,20556630,41113260,3334614.19230001
7222,185569,384873,245881,816323,185569,384873,245881,816323,1632646,12.2168
6794,14357,20912,6345,41614,14357,20912,6345,41614,83228,1968.3067
4558,62350,228352,206333,497035,62350,228352,206333,497035,994070,4.0836
8673,2856,1225,0,4081,2856,1225,0,4081,8162,0
5607,161287,163009,147022,471318,161287,163009,147022,471318,942636,167.0795
5383,305601,361273,796439,1463313,305601,361273,796439,1463313,2926626,574131.9727
5384,374086,653668,1404802,2432556,374086,653668,1404802,2432556,4865112,134411.0257
5435,271351,403414,642430,1317195,271351,403414,642430,1317195,2634390,0
8543,7538,3457,2940,13935,7538,3457,2940,13935,27870,0
2834,1845,3380,7812,13037,1845,3380,7812,13037,26074,0
8674,558,222,0,780,558,222,0,780,1560,0
5191,143866,234839,220096,598801,143866,234839,220096,598801,1197602,457160.2424
4771,24105,186494,41404,252003,24105,186494,41404,252003,504006,0.64
5029,7696,14394,17183,39273,7696,14394,17183,39273,78546,0
2868,730,1278,420,2428,730,1278,420,2428,4856,0
7098,30424,66667,63406,160497,30424,66667,63406,160497,320994,0
1483,4705,1170,9453,15328,4705,1170,9453,15328,30656,0
1484,11596,5831,17837,35264,11596,5831,17837,35264,70528,0
4157,18,48,0,66,18,48,0,66,132,0
9959,18263,43491,14463,76217,18263,43491,14463,76217,152434,0
5608,57302,57346,101726,216374,57302,57346,101726,216374,432748,0
7640,118324,97693,21569,237586,118324,97693,21569,237586,475172,5888.8166
5155,41910,25694,53899,121503,41910,25694,53899,121503,243006,0
5671,129700,124278,94745,348723,129700,124278,94745,348723,697446,0
5675,7435,7322,7893,22650,7435,7322,7893,22650,45300,0
5571,1084539,1599643,2037456,4721638,1084539,1599643,2037456,4721638,9443276,805352.433500001
1083,383779,811038,912510,2107327,383779,811038,912510,2107327,4214654,327005.1814
5385,794490,1152987,1608142,3555619,794490,1152987,1608142,3555619,7111238,648533.612800001
1044,127194,231244,427897,786335,127194,231244,427897,786335,1572670,0
5436,58516,44823,77567,180906,58516,44823,77567,180906,361812,0
1861,37452,28555,24248,90255,37452,28555,24248,90255,180510,0
5249,956,574,428,1958,956,574,428,1958,3916,0
5075,130924,220049,314876,665849,130924,220049,314876,665849,1331698,138722.542
5156,17867,23327,42088,83282,17867,23327,42088,83282,166564,0
4222,388429,492780,198287,1079496,388429,492780,198287,1079496,2158992,84615.3234
5920,118024,106023,123521,347568,118024,106023,123521,347568,695136,0
5884,14208,20450,21122,55780,14208,20450,21122,55780,111560,0
5933,20220,17606,28410,66236,20220,17606,28410,66236,132472,0
6355,3266,382,1869,5517,3266,382,1869,5517,11034,0
3333,324127,960221,505922,1790270,324127,960221,505922,1790270,3580540,242079.831
6228,669,23,1208,1900,669,23,1208,1900,3800,0
2800,18832,25661,21849,66342,18832,25661,21849,66342,132684,0
6686,69462,66946,58957,195365,69462,66946,58957,195365,390730,3457.9049
5437,432603,690595,909672,2032870,432603,690595,909672,2032870,4065740,0
5085,85047,95455,178749,359251,85047,95455,178749,359251,718502,0
5609,221772,136685,378987,737444,221772,136685,378987,737444,1474888,0
1900,59737,12555,33160,105452,59737,12555,33160,105452,210904,0
3195,2524,6209,3306,12039,2524,6209,3306,12039,24078,0
5386,43916,52224,65754,161894,43916,52224,65754,161894,323788,0
3880,96994,8426,66939,172359,96994,8426,66939,172359,344718,0
8676,10181,3359,408,13948,10181,3359,408,13948,27896,0
4479,3159,855,0,4014,3159,855,0,4014,8028,0
4355,10131,3936,425,14492,10131,3936,425,14492,28984,0
2463,473,186,20,679,473,186,20,679,1358,0
1010,51961,101339,135782,289082,51961,101339,135782,289082,578164,0
1322,243497,212763,118083,574343,243497,212763,118083,574343,1148686,350387.879799998
3151,35368,45611,51000,131979,35368,45611,51000,131979,263958,0
5387,35023,44101,62602,141726,35023,44101,62602,141726,283452,0
3471,128430,500902,58441,687773,128430,500902,58441,687773,1375546,74873.0219
8727,7477,2724,912,11113,7477,2724,912,11113,22226,0
5572,333460,373954,465335,1172749,333460,373954,465335,1172749,2345498,148644.7271
7521,38,11,0,49,38,11,0,49,98,0
3430,34588,208994,76474,320056,34588,208994,76474,320056,640112,0
4691,151851,271884,145800,569535,151851,271884,145800,569535,1139070,10822.8878
5837,11147,33349,13193,57689,11147,33349,13193,57689,115378,0
4110,37733,21030,406,59169,37733,21030,406,59169,118338,0
5193,12393,18634,28780,59807,12393,18634,28780,59807,119614,0
5610,145115,130494,169135,444744,145115,130494,169135,444744,889488,0
3152,61585,110347,117273,289205,61585,110347,117273,289205,578410,0
2264,29765,56527,28284,114576,29765,56527,28284,114576,229152,0
4523,38945,87393,93618,219956,38945,87393,93618,219956,439912,0
4538,2149,2649,1608,6406,2149,2649,1608,6406,12812,0
3153,74779,69346,99714,243839,74779,69346,99714,243839,487678,0
6949,54515,78858,42620,175993,54515,78858,42620,175993,351986,0
7203,34363,82977,32803,150143,34363,82977,32803,150143,300286,3.0045
8191,30792,67106,11256,109154,30792,67106,11256,109154,218308,0
7976,133529,110297,60750,304576,133529,110297,60750,304576,609152,38727.1185
6530,37413,32704,25263,95380,37413,32704,25263,95380,190760,2015.9645
6531,16281,16368,10832,43481,16281,16368,10832,43481,86962,5.488
5849,454,779,204,1437,454,779,204,1437,2874,0
9812,32217,53475,41485,127177,32217,53475,41485,127177,254354,0
6210,441,148,82,671,441,148,82,671,1342,0
5388,330146,588794,1009310,1928250,330146,588794,1009310,1928250,3856500,0
9825,3244,4749,1554,9547,3244,4749,1554,9547,19094,0
7460,146776,109374,175968,432118,146776,109374,175968,432118,864236,0
6267,134,9,0,143,134,9,0,143,286,0
6857,12294,20121,36323,68738,12294,20121,36323,68738,137476,260367.0753
5491,304405,562138,720146,1586689,304405,562138,720146,1586689,3173378,868285.856499999
5028,1226,2008,1568,4802,1226,2008,1568,4802,9604,0
6203,694,59,0,753,694,59,0,753,1506,0
8282,12196,14857,11711,38764,12196,14857,11711,38764,77528,0
8677,8876,10283,54,19213,8876,10283,54,19213,38426,0
7356,11698,10844,13423,35965,11698,10844,13423,35965,71930,0
7462,166030,108512,203911,478453,166030,108512,203911,478453,956906,22800.2063
1035,73312,109628,131684,314624,73312,109628,131684,314624,629248,0
3154,43245,76967,146438,266650,43245,76967,146438,266650,533300,0
1159,31077,62637,66408,160122,31077,62637,66408,160122,320244,0
4025,9028,1336,2903,13267,9028,1336,2903,13267,26534,0
5798,24199,62601,33870,120670,24199,62601,33870,120670,241340,0
3474,30981,183596,24548,239125,30981,183596,24548,239125,478250,0
2677,86858,122109,83688,292655,86858,122109,83688,292655,585310,0
5573,82647,80651,161186,324484,82647,80651,161186,324484,648968,0
3897,15288,3275,3366,21929,15288,3275,3366,21929,43858,0
5229,345572,662803,1160280,2168655,345572,662803,1160280,2168655,4337310,678834.973099999
4271,12690,1277,6644,20611,12690,1277,6644,20611,41222,0
4432,985,502,50,1537,985,502,50,1537,3074,0
3882,26244,4584,10190,41018,26244,4584,10190,41018,82036,0
5389,137827,128552,344892,611271,137827,128552,344892,611271,1222542,0
5758,15839,80477,19514,115830,15839,80477,19514,115830,231660,0
3434,19231,199250,25946,244427,19231,199250,25946,244427,488854,1037.5855
3432,23944,64879,64578,153401,23944,64879,64578,153401,306802,0
3558,31259,261953,35473,328685,31259,261953,35473,328685,657370,0
6951,940800,1255916,1266356,3463072,940800,1255916,1266356,3463072,6926144,352638.6125
5921,44470,45404,65829,155703,44470,45404,65829,155703,311406,0
2283,45263,83773,53882,182918,45263,83773,53882,182918,365836,0
2969,11411,7782,11563,30756,11411,7782,11563,30756,61512,0
3887,270524,20285,109465,400274,270524,20285,109465,400274,800548,0
3886,37531,2010,17319,56860,37531,2010,17319,56860,113720,0
3888,10676,1421,5062,17159,10676,1421,5062,17159,34318,0
3889,152656,14606,87862,255124,152656,14606,87862,255124,510248,0
3891,26436,4080,4916,35432,26436,4080,4916,35432,70864,0
7225,6974,6217,2860,16051,6974,6217,2860,16051,32102,0
1393,112397,151284,158240,421921,112397,151284,158240,421921,843842,77.053
4276,12128,2441,9901,24470,12128,2441,9901,24470,48940,0
9562,83630,161338,90687,335655,83630,161338,90687,335655,671310,9916.9482
3348,170462,177204,103817,451483,170462,177204,103817,451483,902966,35193.4099
3540,52418,408285,139802,600505,52418,408285,139802,600505,1201010,216182.6143
8837,639,263,0,902,639,263,0,902,1804,0
5390,289821,365340,576288,1231449,289821,365340,576288,1231449,2462898,494969.279800001
5230,303231,708827,893215,1905273,303231,708827,893215,1905273,3810546,270428.7603
6952,77972,133785,90120,301877,77972,133785,90120,301877,603754,0
1783,14279,15142,2732,32153,14279,15142,2732,32153,64306,0
9500,37762,103903,8636,150301,37762,103903,8636,150301,300602,0
5574,846934,1324514,1095976,3267424,846934,1324514,1095976,3267424,6534848,481038.3075
3155,147329,246829,295603,689761,147329,246829,295603,689761,1379522,650876.604
2439,1342,608,742,2692,1342,608,742,2692,5384,0
3817,46592,3836,39782,90210,46592,3836,39782,90210,180420,0
4357,861,173,0,1034,861,173,0,1034,2068,0
8728,2152,592,0,2744,2152,592,0,2744,5488,0
4518,24309,19842,60540,104691,24309,19842,60540,104691,209382,8444.6493
4433,29326,15039,9358,53723,29326,15039,9358,53723,107446,0
5334,27680,50254,162378,240312,27680,50254,162378,240312,480624,0
9776,106310,156254,150783,413347,106310,156254,150783,413347,826694,0
6211,2934,369,101,3404,2934,369,101,3404,6808,0
8261,2763,153,539,3455,2763,153,539,3455,6910,0
2010,69012,48413,17636,135061,69012,48413,17636,135061,270122,0
5826,693,11222,3747,15662,693,11222,3747,15662,31324,0
4504,396747,631642,574371,1602760,396747,631642,574371,1602760,3205520,0
9373,104095,109174,77526,290795,104095,109174,77526,290795,581590,0
2364,6593,3920,2811,13324,6593,3920,2811,13324,26648,0
7464,917677,1074109,820318,2812104,917677,1074109,820318,2812104,5624208,726574.6997
5613,13866,12879,38633,65378,13866,12879,38633,65378,130756,0
1524,134949,177167,333718,645834,134949,177167,333718,645834,1291668,0
8838,1251,1144,0,2395,1251,1144,0,2395,4790,12
5391,120225,182840,266752,569817,120225,182840,266752,569817,1139634,4.3491
2141,11390,3219,1220,15829,11390,3219,1220,15829,31658,0
5967,6509,13720,1792,22021,6509,13720,1792,22021,44042,30326.3795
2938,41725,75068,45408,162201,41725,75068,45408,162201,324402,0
1342,28394,39762,7635,75791,28394,39762,7635,75791,151582,0
2440,4698,1850,1455,8003,4698,1850,1455,8003,16006,0
5597,1882206,2681715,5902049,10465970,1882206,2681715,5902049,10465970,20931940,0
5426,8553449,15249806,16772454,40575709,8553449,15249806,16772454,40575709,81151418,5621427.62080002
5676,101423,113455,88143,303021,101423,113455,88143,303021,606042,99828.6361
5392,91228,109649,141236,342113,91228,109649,141236,342113,684226,0
5231,28617,75845,97215,201677,28617,75845,97215,201677,403354,0
6268,16347,5296,5276,26919,16347,5296,5276,26919,53838,0
8584,86714.3727952454,120376.217312117,60375.4146855828,267466.004792945,86714.3727952454,120376.217312117,60375.4146855828,267466.004792945,534932.00958589,143265.6253
8591,408416.627204755,566960.782687883,284362.585314417,1259739.99520706,408416.627204755,566960.782687883,284362.585314417,1259739.99520706,2519479.99041412,149791.5642
2612,44946,53805,71220,169971,44946,53805,71220,169971,339942,0
2154,122213,87013,63234,272460,122213,87013,63234,272460,544920,0
2265,102365,87374,64309,254048,102365,87374,64309,254048,508096,0
5394,253725,374254,419034,1047013,253725,374254,419034,1047013,2094026,0
9365,60378,40997,54570,155945,60378,40997,54570,155945,311890,0
5041,18493,36310,38838,93641,18493,36310,38838,93641,187282,0
1216,129567,253057,319614,702238,129567,253057,319614,702238,1404476,10582.0889
2665,10136,16785,24241,51162,10136,16785,24241,51162,102324,0
6823,140052,191469,183805,515326,140052,191469,183805,515326,1030652,0
6953,329436,531037,855564,1716037,329436,531037,855564,1716037,3432074,0
7407,100392,158402,214081,472875,100392,158402,214081,472875,945750,0
2251,36422,55166,44326,135914,36422,55166,44326,135914,271828,0
6858,8395,31634,20704,60733,8395,31634,20704,60733,121466,0
5575,355641,384018,718228,1457887,355641,384018,718228,1457887,2915774,0
5639,30332,13447,13895,57674,30332,13447,13895,57674,115348,0
5395,210432,266782,367730,844944,210432,266782,367730,844944,1689888,0
5372,99984,114830,200140,414954,99984,114830,200140,414954,829908,0
5576,447832,533706,1105912,2087450,447832,533706,1105912,2087450,4174900,0
7408,81381,137537,287621,506539,81381,137537,287621,506539,1013078,5264.8315
1085,298948,544626,388516,1232090,298948,544626,388516,1232090,2464180,0
5264,5042,5512,8828,19382,5042,5512,8828,19382,38764,0
6824,137881,177391,250387,565659,137881,177391,250387,565659,1131318,0
5959,43493,100824,23592,167909,43493,100824,23592,167909,335818,0
3158,11104,10191,26528,47823,11104,10191,26528,47823,95646,0
5505,59844,97734,32337,189915,59844,97734,32337,189915,379830,13810.989
5316,2420,1931,3582,7933,2420,1931,3582,7933,15866,0
2384,179204,318546,57450,555200,179204,318546,57450,555200,1110400,634204.313900001
2390,345846,362384,192664,900894,345846,362384,192664,900894,1801788,354202.9998
4600,77251,115526,90998,283775,77251,115526,90998,283775,567550,0
8530,82380,181610,52127,316117,82380,181610,52127,316117,632234,0
1121,11663,804,10476,22943,11663,804,10476,22943,45886,0
7079,52603,74307,83455,210365,52603,74307,83455,210365,420730,0
5241,6354,8147,9150,23651,6354,8147,9150,23651,47302,0
5598,9728463,15804246,24041485,49574194,9728463,15804246,24041485,49574194,99148388,6097878.52499999
5158,877449,1447714,2635161,4960324,877449,1447714,2635161,4960324,9920648,1096004.6056
2133,202914,329540,235668,768122,202914,329540,235668,768122,1536244,0
1455,144077,514068,62741,720886,144077,514068,62741,720886,1441772,0
1402,1055423,2017614,1021756,4094793,1055423,2017614,1021756,4094793,8189586,567733.065700002
1403,10138,15328,26240,51706,10138,15328,26240,51706,103412,0
7057,14293,38241,21930,74464,14293,38241,21930,74464,148928,0
6095,21917,21588,43843,87348,21917,21588,43843,87348,174696,0
3796,24427,2113,12460,39000,24427,2113,12460,39000,78000,0
8589,78795,83788,95131,257714,78795,83788,95131,257714,515428,0
6859,3751,4657,7644,16052,3751,4657,7644,16052,32104,0
8509,15881,11558,9609,37048,15881,11558,9609,37048,74096,0
6073,35924,28715,41712,106351,35924,28715,41712,106351,212702,0
5128,293383,291027,733349,1317759,293383,291027,733349,1317759,2635518,0
1940,67307,168145,249164,484616,67307,168145,249164,484616,969232,135.3339
4690,121820,83467,110401,315688,121820,83467,110401,315688,631376,0
4434,47349,28354,3120,78823,47349,28354,3120,78823,157646,0
6183,382993,489279,525672,1397944,382993,489279,525672,1397944,2795888,70927.6958999999
6096,76217,98707,124408,299332,76217,98707,124408,299332,598664,0
1347,19055,23223,8061,50339,19055,23223,8061,50339,100678,0
1423,301126,787052,603654,1691832,301126,787052,603654,1691832,3383664,82585.3125
1509,59587,226828,80585,367000,59587,226828,80585,367000,734000,0
9673,29181,42720,11335,83236,29181,42720,11335,83236,166472,0
1466,57066,65825,130378,253269,57066,65825,130378,253269,506538,0
2681,1438,540,0,1978,1438,540,0,1978,3956,0
2266,10919,22885,14522,48326,10919,22885,14522,48326,96652,0
8875,650018,1065242,1097615,2812875,650018,1065242,1097615,2812875,5625750,0
5684,166616,181323,351852,699791,166616,181323,351852,699791,1399582,0
9250,21232,27207,19587,68026,21232,27207,19587,68026,136052,0
5411,547636,1018379,990301,2556316,547636,1018379,990301,2556316,5112632,626295.9582
3174,264718,405886,391976,1062580,264718,405886,391976,1062580,2125160,0
5086,156375,193550,234591,584516,156375,193550,234591,584516,1169032,0
3188,112092,102423,280019,494534,112092,102423,280019,494534,989068,1850.2214
7474,1152658,1573304,1663135,4389097,1152658,1573304,1663135,4389097,8778194,499.2857
1421,456636,711118,1239250,2407004,456636,711118,1239250,2407004,4814008,667864.1785
1525,415005,495137,945069,1855211,415005,495137,945069,1855211,3710422,972482.764599999
7466,65614,27136,90878,183628,65614,27136,90878,183628,367256,0
9564,23943,41409,20246,85598,23943,41409,20246,85598,171196,0
2201,132396,344172,98915,575483,132396,344172,98915,575483,1150966,0
5129,73425,140862,193785,408072,73425,140862,193785,408072,816144,0
5438,235688,354532,520526,1110746,235688,354532,520526,1110746,2221492,30256.2752
3059,44004,30925,20497,95426,44004,30925,20497,95426,190852,3252.9751
7329,6787,5388,1727,13902,6787,5388,1727,13902,27804,0
5242,12050,17713,28004,57767,12050,17713,28004,57767,115534,0
5293,56937,52055,76643,185635,56937,52055,76643,185635,371270,0
5054,126363,115283,230069,471715,126363,115283,230069,471715,943430,0
5278,57259,176657,152725,386641,57259,176657,152725,386641,773282,0
5712,85121,144010,42991,272122,85121,144010,42991,272122,544244,226655.9402
7476,187996,156462,243306,587764,187996,156462,243306,587764,1175528,0
5151,123352,116887,249277,489516,123352,116887,249277,489516,979032,0
5030,5150,11101,17003,33254,5150,11101,17003,33254,66508,0
9231,8405,6676,4241,19322,8405,6676,4241,19322,38644,0
7226,1682,1841,746,4269,1682,1841,746,4269,8538,2618.6157
9998,96555,182650,118095,397300,96555,182650,118095,397300,794600,38329.9994
5195,13929,23833,41139,78901,13929,23833,41139,78901,157802,0
2619,16421,25556,22695,64672,16421,25556,22695,64672,129344,0
3388,12593,12515,7617,32725,12593,12515,7617,32725,65450,0
3391,106973,344006,120597,571576,106973,344006,120597,571576,1143152,12240.4986
7572,6373,3526,838,10737,6373,3526,838,10737,21474,0
5577,424262,313685,517179,1255126,424262,313685,517179,1255126,2510252,659635.8531
5965,66908,284985,19225,371118,66908,284985,19225,371118,742236,7311.9445
2772,15103,29633,19059,63795,15103,29633,19059,63795,127590,0
2736,19783,8885,7223,35891,19783,8885,7223,35891,71782,0
1585,3302,8127,609,12038,3302,8127,609,12038,24076,0
9753,34132,56596,32958,123686,34132,56596,32958,123686,247372,7548.82230000001
5759,8872,18753,6599,34224,8872,18753,6599,34224,68448,0
9665,6011,13055,7713,26779,6011,13055,7713,26779,53558,0
2161,35986,89093,60111,185190,35986,89093,60111,185190,370380,0
8184,37543,7153,23902,68598,37543,7153,23902,68598,137196,0
5527,21229,35560,88851,145640,21229,35560,88851,145640,291280,0
1348,32528,23846,6341,62715,32528,23846,6341,62715,125430,0
3896,5783,660,3727,10170,5783,660,3727,10170,20340,0
6956,124465,266428,345679,736572,124465,266428,345679,736572,1473144,0
6846,837,808,3724,5369,837,808,3724,5369,10738,0
4935,1556390,2752016,2690088,6998494,1556390,2752016,2690088,6998494,13996988,0
9777,48567,56456,47116,152139,48567,56456,47116,152139,304278,0
2048,70314,42056,16175,128545,70314,42056,16175,128545,257090,0
4111,19295,6253,511,26059,19295,6253,511,26059,52118,3199.9023
8130,556,2,26,584,556,2,26,584,1168,0
4539,29646,27281,14685,71612,29646,27281,14685,71612,143224,0
5196,48517,171610,194149,414276,48517,171610,194149,414276,828552,0
7187,6973,2788,4467,14228,6973,2788,4467,14228,28456,0
7047,48521,82742,115239,246502,48521,82742,115239,246502,493004,0
5611,207541,222514,255772,685827,207541,222514,255772,685827,1371654,0
6551,4196,4030,1241,9467,4196,4030,1241,9467,18934,0
5396,42630,53248,56341,152219,42630,53248,56341,152219,304438,0
5439,20976,23472,34398,78846,20976,23472,34398,78846,157692,0
8680,5020,4863,0,9883,5020,4863,0,9883,19766,0
6891,208248,239962,713786,1161996,208248,239962,713786,1161996,2323992,558139.3398
7227,6007,13238,2921,22166,6007,13238,2921,22166,44332,0
7695,870,36,798,1704,870,36,798,1704,3408,0
2391,94383,95948,44461,234792,94383,95948,44461,234792,469584,0
4528,35732,47792,103276,186800,35732,47792,103276,186800,373600,0
2363,219957,374784,95617,690358,219957,374784,95617,690358,1380716,578314.7466
2406,145801,339899,302353,788053,145801,339899,302353,788053,1576106,123213.4053
2098,15353,5439,5427,26219,15353,5439,5427,26219,52438,0
3965,5410,2317,3496,11223,5410,2317,3496,11223,22446,0
1457,732774,1158915,1229897,3121586,732774,1158915,1229897,3121586,6243172,2599845.1697
9781,34835,40752,45598,121185,34835,40752,45598,121185,242370,0
1905,8884,3340,2529,14753,8884,3340,2529,14753,29506,0
4568,4934,5519,1535,11988,4934,5519,1535,11988,23976,0
2774,231729,283970,182304,698003,231729,283970,182304,698003,1396006,100407.0859
1056,23799,2904,24589,51292,23799,2904,24589,51292,102584,0
5578,2307868,3341212,4570464,10219544,2307868,3341212,4570464,10219544,20439088,1335996.1415
5612,48596,36437,85900,170933,48596,36437,85900,170933,341866,0
5042,351,2161,1287,3799,351,2161,1287,3799,7598,0
5924,497419,898281,1124691,2520391,497419,898281,1124691,2520391,5040782,78843.8625999999
5528,29187,46611,108915,184713,29187,46611,108915,184713,369426,0
6024,245570,230176,329483,805229,245570,230176,329483,805229,1610458,0
1978,35963,150334,23558,209855,35963,150334,23558,209855,419710,0
3175,181775,516355,238265,936395,181775,516355,238265,936395,1872790,43194.5538
5672,221402,368136,152553,742091,221402,368136,152553,742091,1484182,46108.8784
5697,72856,75948,115478,264282,72856,75948,115478,264282,528564,0
5698,96922,57292,103928,258142,96922,57292,103928,258142,516284,0
2269,38061,64561,8913,111535,38061,64561,8913,111535,223070,0
9694,66800,89950,75664,232414,66800,89950,75664,232414,464828,0
6844,158677,266001,763827,1188505,158677,266001,763827,1188505,2377010,127090.6333
5640,33906,24934,81274,140114,33906,24934,81274,140114,280228,0
1011,21536,62612,64014,148162,21536,62612,64014,148162,296324,0
5341,39719,76862,120845,237426,39719,76862,120845,237426,474852,29538.5852
6860,21622,71297,98596,191515,21622,71297,98596,191515,383030,2628.1463
1539,4758,7607,9972,22337,4758,7607,9972,22337,44674,0
5685,1076266,1199497,1718853,3994616,1076266,1199497,1718853,3994616,7989232,1709992.2608
5696,330071,456360,423678,1210109,330071,456360,423678,1210109,2420218,181007.7095
5440,24779,42773,83070,150622,24779,42773,83070,150622,301244,0
1218,486209,1217505,669455,2373169,486209,1217505,669455,2373169,4746338,331616.1898
1364,30828,43366,138963,213157,30828,43366,138963,213157,426314,0
6688,46251,36801,29141,112193,46251,36801,29141,112193,224386,0
4536,2015,1834,2607,6456,2015,1834,2607,6456,12912,0
6954,136696,195480,237827,570003,136696,195480,237827,570003,1140006,0
7228,24969,59359,16949,101277,24969,59359,16949,101277,202554,0
7467,80189,127848,280787,488824,80189,127848,280787,488824,977648,0
9639,6488,9660,6976,23124,6488,9660,6976,23124,46248,0
6732,7291,3689,5821,16801,7291,3689,5821,16801,33602,0
8578,73831,39222,54531,167584,73831,39222,54531,167584,335168,0
2835,8782,10770,7376,26928,8782,10770,7376,26928,53856,0
5441,36541,48596,75888,161025,36541,48596,75888,161025,322050,0
2773,27794,30704,57979,116477,27794,30704,57979,116477,232954,0
5960,27898,54781,12384,95063,27898,54781,12384,95063,190126,0
5925,30004,20487,35398,85889,30004,20487,35398,85889,171778,0
5152,407130,618089,822600,1847819,407130,618089,822600,1847819,3695638,0
5153,46348,61028,149765,257141,46348,61028,149765,257141,514282,0
4540,1575,2110,1408,5093,1575,2110,1408,5093,10186,0
4893,325438.642270251,370488.835938198,450583.057113513,1146510.53532196,325438.642270251,370488.835938198,450583.057113513,1146510.53532196,2293021.07064392,202911.1149
5579,296350,330575,594236,1221161,296350,330575,594236,1221161,2442322,0
4891,87776.357729749,99927.1640618023,121529.942886487,309233.464678039,87776.357729749,99927.1640618023,121529.942886487,309233.464678039,618466.929356078,128983.1691
2040,48734,27647,16059,92440,48734,27647,16059,92440,184880,0
6574,131268,57492,43653,232413,131268,57492,43653,232413,464826,22124.9897
3390,56257,70413,22837,149507,56257,70413,22837,149507,299014,0
5686,20858,10888,73260,105006,20858,10888,73260,105006,210012,0
7326,4552,4316,3110,11978,4552,4316,3110,11978,23956,0
5279,225333,666149,397615,1289097,225333,666149,397615,1289097,2578194,92690.7914
6907,1625,3146,7398,12169,1625,3146,7398,12169,24338,0
5673,20128,15466,20315,55909,20128,15466,20315,55909,111818,0
1350,4490,1498,367,6355,4490,1498,367,6355,12710,0
8123,119,95,242,456,119,95,242,456,912,0
4486,27192,8424,974,36590,27192,8424,974,36590,73180,0
4487,147538,100448,20995,268981,147538,100448,20995,268981,537962,9384.3157
5031,18335,34903,41289,94527,18335,34903,41289,94527,189054,0
7514,18734,21207,12845,52786,18734,21207,12845,52786,105572,0
1138,59356,98752,134804,292912,59356,98752,134804,292912,585824,0
7383,22801,47803,19519,90123,22801,47803,19519,90123,180246,0
4532,7060,10435,10027,27522,7060,10435,10027,27522,55044,0
5232,3014,3830,4956,11800,3014,3830,4956,11800,23600,0
4537,54528,69367,90233,214128,54528,69367,90233,214128,428256,0
7917,17019,42177,8486,67682,17019,42177,8486,67682,135364,0
3380,65921,69853,48681,184455,65921,69853,48681,184455,368910,0
3392,64335,93672,55116,213123,64335,93672,55116,213123,426246,0
5827,1072,5838,1315,8225,1072,5838,1315,8225,16450,0
5838,20169,83372,7657,111198,20169,83372,7657,111198,222396,6996.5103
5856,17757,44941,2312,65010,17757,44941,2312,65010,130020,7317.9647
5857,1269,1932,310,3511,1269,1932,310,3511,7022,0
3818,3503,448,737,4688,3503,448,737,4688,9376,0
9990,24451,37226,21762,83439,24451,37226,21762,83439,166878,0
8263,752714,3026891,644721,4424326,752714,3026891,644721,4424326,8848652,1419859.01500001
1351,2142,789,1721,4652,2142,789,1721,4652,9304,0
4026,90889,6130,73317,170336,90889,6130,73317,170336,340672,0
3871,16884,2962,2454,22300,16884,2962,2454,22300,44600,0
